-0.706333863572826 -0.600085434361966 -0.6293280919019958 -0.106911481826452 
-0.2026942308377563 -0.4455863890642562 -0.1796366392648952 -0.1439025546774946 
0.2550021808356605 -0.5473378172380813 0.2551341190035744 -0.1564749921059997 
-0.07692716108572568 -0.8982690107753047 -0.03630346740430912 -0.1115465091839944 
-0.706333863572826 -0.600085434361966 -0.2026942308377563 -0.4455863890642562 
-0.2026942308377563 -0.4455863890642562 0.2550021808356605 -0.5473378172380813 
0.2550021808356605 -0.5473378172380813 -0.07692716108572568 -0.8982690107753047 
-0.07692716108572568 -0.8982690107753047 -0.706333863572826 -0.600085434361966 
-0.6293280919019958 -0.106911481826452 -0.3620011075350222 0.1716561571892722 
-0.3620011075350222 0.1716561571892722 -0.03630346740430912 -0.1115465091839944 
-0.1796366392648952 -0.1439025546774946 0.01876177607677508 0.01854658001401046 
0.01876177607677508 0.01854658001401046 0.2551341190035744 -0.1564749921059997 
-0.3620011075350222 0.1716561571892722 0.01876177607677508 0.01854658001401046 
-0.6293280919019958 -0.106911481826452 -0.1796366392648952 -0.1439025546774946 
-0.03630346740430912 -0.1115465091839944 0.2551341190035744 -0.1564749921059997 
-0.4011839158140066 -0.7446512650172776 -0.2562691447091756 -0.8133051331003626 
-0.2562691447091756 -0.8133051331003626 -0.2116441181526743 -0.2584045753512203 
-0.2116441181526743 -0.2584045753512203 -0.3490183340290572 -0.2442310921743416 
-0.3490183340290572 -0.2442310921743416 -0.4011839158140066 -0.7446512650172776 
-0.5904014046682735 -0.4241050232968874 -0.4913299294483021 -0.4515828030006398 
-0.4913299294483021 -0.4515828030006398 -0.4640831112250305 -0.2323593688423158 
-0.4640831112250305 -0.2323593688423158 -0.5618648547320781 -0.2222708097356336 
-0.5618648547320781 -0.2222708097356336 -0.5904014046682735 -0.4241050232968874 
