0.398352232159099 -0.4903640695045235 0.3339738089811428 0.06342044288195645 
-0.2642994862068789 -0.4297320774514037 -0.2719576287343689 -0.02822407711223493 
0.01907313103098661 -0.3220484190738819 0.002870771428510127 -0.06100517405008628 
0.4588575074376081 -0.3320333340411218 0.4181401306540717 -0.01422795799616434 
0.398352232159099 -0.4903640695045235 -0.2642994862068789 -0.4297320774514037 
-0.2642994862068789 -0.4297320774514037 0.01907313103098661 -0.3220484190738819 
0.01907313103098661 -0.3220484190738819 0.4588575074376081 -0.3320333340411218 
0.4588575074376081 -0.3320333340411218 0.398352232159099 -0.4903640695045235 
0.3339738089811428 0.06342044288195645 0.3624941240085984 0.2124403780253602 
0.3624941240085984 0.2124403780253602 0.4181401306540717 -0.01422795799616434 
-0.2719576287343689 -0.02822407711223493 -0.1135924159948207 0.1102922409600947 
-0.1135924159948207 0.1102922409600947 0.002870771428510127 -0.06100517405008628 
0.3624941240085984 0.2124403780253602 -0.1135924159948207 0.1102922409600947 
0.3339738089811428 0.06342044288195645 -0.2719576287343689 -0.02822407711223493 
0.4181401306540717 -0.01422795799616434 0.002870771428510127 -0.06100517405008628 
0.442263657746242 -0.3754562655741072 0.4513475362411037 -0.3516854925905736 
0.4513475362411037 -0.3516854925905736 0.4170996979302693 -0.08120109094030335 
0.4170996979302693 -0.08120109094030335 0.4049925562343654 -0.07683243682247744 
0.4049925562343654 -0.07683243682247744 0.442263657746242 -0.3754562655741072 
0.3936294056037752 -0.2479490517185371 0.4101029507770506 -0.2339049251766147 
0.4101029507770506 -0.2339049251766147 0.3901915939832846 -0.07149176382879753 
0.3901915939832846 -0.07149176382879753 0.3716852154824667 -0.06481405502895796 
0.3716852154824667 -0.06481405502895796 0.3936294056037752 -0.2479490517185371 
