0 0 0 1 -0.4505923444172647 -0.4363650832364254 
0 0 6.5 1 -0.4600879301186058 -0.09483941283556276 
10 0 0 1 -0.01168466915644931 -0.336355553731993 
10 0 6.5 1 -0.03206471899880962 -0.07290485235670841 
10 10 0 1 0.3189443085392201 -0.4188139995156284 
10 10 6.5 1 0.2743629627521463 -0.02569257935784568 
0 10 0 1 -0.2823886119041169 -0.6371455602359206 
0 10 6.5 1 -0.3095111301037622 -0.04042887540737479 
0 5 10 1 -0.411952914702755 0.1423805928780136 
10 5 10 1 0.07679579780528659 0.1069719154191109 
0 6 0 1 -0.3731562077055146 -0.5287986115159956 
0 8 0 1 -0.3337485156954771 -0.5758385617061975 
0 8 5 1 -0.3499923360942166 -0.1712188113148768 
0 6 5 1 -0.3860367701838022 -0.1712577786825323 
0 2 2.5 1 -0.434081166950791 -0.3139720793875697 
0 4 2.5 1 -0.4096851277342309 -0.3285480345204523 
0 4 5 1 -0.4148327862443896 -0.1712889098397606 
0 2 5 1 -0.4383670755191826 -0.1713143525835807 
0.5 0.5 -0.5 1 -0.4163323169528168 -0.4631811655662832 
0.5 0.5 6 1 -0.4272302827454171 -0.1173324943110657 
10.5 0.5 -0.5 1 0.01814962722381338 -0.3562720882954197 
10.5 0.5 6 1 -0.003272025633749637 -0.09024854928876247 
10.5 10.5 -0.5 1 0.3677387304762696 -0.4497748173872587 
10.5 10.5 6 1 0.3205041086100222 -0.05090172702874363 
0.5 10.5 -0.5 1 -0.2186977943098811 -0.6882271103940483 
0.5 10.5 6 1 -0.2504642143977192 -0.07823363993566429 
0.5 5.5 9.5 1 -0.3708721957962716 0.1174738083403206 
10.5 5.5 9.5 1 0.1115096644341432 0.0882238554139204 
0.5 6.5 -0.5 1 -0.3257221070605389 -0.5663587887039716 
0.5 8.5 -0.5 1 -0.2793649550355757 -0.6191455636938373 
0.5 8.5 4.5 1 -0.2982873803417784 -0.2066289300255955 
0.5 6.5 4.5 1 -0.3406576037375147 -0.2026583071930337 
0.5 2.5 2 1 -0.3969917937965542 -0.3415393484784244 
0.5 4.5 2 1 -0.3684629688835648 -0.3591446129311785 
0.5 4.5 4.5 1 -0.3744074395040438 -0.1994955231019951 
0.5 2.5 4.5 1 -0.4019247545666854 -0.1969168045888065 
