0 0 0 1 0.1594623767277557 -0.3734741815924076 
0 0 6.5 1 0.1141750493417467 0.2717941064430088 
10 0 0 1 -0.234320247753878 -0.1893787641374825 
10 0 6.5 1 -0.2744920837162046 0.1686033753303895 
10 10 0 1 0.1538159110301301 -0.08938363955722281 
10 10 6.5 1 0.1351648070712355 0.1824048547842321 
0 10 0 1 0.5985171729381974 -0.1568206809946597 
0 10 6.5 1 0.5902130242914299 0.2536877298879093 
0 5 10 1 0.3962569942037723 0.5546829956348626 
10 5 10 1 -0.05582454094025068 0.3516994987086751 
0 6 0 1 0.4675862067354685 -0.2214291362701838 
0 8 0 1 0.5381705428601216 -0.1865989883233555 
0 8 5 1 0.5290937414187008 0.1501589408279654 
0 6 5 1 0.4548543470799045 0.1436406906247319 
0 2 2.5 1 0.2711899654854729 -0.09827033911422706 
0 4 2.5 1 0.3752718027693012 -0.06775076523576708 
0 4 5 1 0.3662427074608913 0.1358605512108839 
0 2 5 1 0.2586379868627796 0.126412811258876 
0.5 0.5 -0.5 1 0.1618706234666556 -0.3854663045250837 
0.5 0.5 6 1 0.1200263348824306 0.21224950426153 
10.5 0.5 -0.5 1 -0.2174792117844481 -0.2035336736260041 
10.5 0.5 6 1 -0.2553770250142945 0.1393353815852133 
10.5 10.5 -0.5 1 0.1550509961661587 -0.1032200395244772 
10.5 10.5 6 1 0.1370115458275601 0.1597749402882343 
0.5 10.5 -0.5 1 0.5806196050211394 -0.1742654357574454 
0.5 10.5 6 1 0.5719290037512809 0.2165027383193191 
0.5 5.5 9.5 1 0.3845597968272154 0.4904841692491583 
10.5 5.5 9.5 1 -0.04685695182880011 0.3194484624124534 
0.5 6.5 -0.5 1 0.4535495795759982 -0.238354665703066 
0.5 8.5 -0.5 1 0.5218157747619523 -0.203923824397584 
0.5 8.5 4.5 1 0.5126090863254478 0.11560862986385 
0.5 6.5 4.5 1 0.4409610843509539 0.1065526058387457 
0.5 2.5 2 1 0.2664068714685686 -0.1266212207167365 
0.5 4.5 2 1 0.3649691239488049 -0.09531401562554677 
0.5 4.5 4.5 1 0.3562515468673089 0.09584565539398011 
0.5 2.5 4.5 1 0.2545505532037276 0.08299105210270834 
