0 0 0 1 -0.3494990231491568 -0.2957807596104276 
0 0 6.5 1 -0.3793753737374391 -0.001668304779077028 
10 0 0 1 0.05744906540080306 -0.2153964748215473 
10 0 6.5 1 0.03239078593052127 0.0346817363699787 
10 10 0 1 0.3210768880146087 -0.3132647791465347 
10 10 6.5 1 0.2824642148380522 0.07535717690144036 
0 10 0 1 -0.2996255873511497 -0.4813685177612295 
0 10 6.5 1 -0.3510198107875744 0.02508730525296161 
0 5 10 1 -0.3893476141953952 0.2089129738942735 
10 5 10 1 0.1138946764060738 0.2147266436781861 
0 6 0 1 -0.3262792323044336 -0.3821856534913278 
0 8 0 1 -0.3146336320326074 -0.4255209644075845 
0 8 5 1 -0.3491782225487663 -0.08521122352075068 
0 6 5 1 -0.3569619032108292 -0.07999264805395032 
0 2 2.5 1 -0.3557085903824743 -0.1959176797495598 
0 4 2.5 1 -0.3493710262796929 -0.2117652016871346 
0 4 5 1 -0.3631759617939893 -0.07582642707453705 
0 2 5 1 -0.3682516959331869 -0.07242339670820679 
0.5 0.5 -0.5 1 -0.3214834324850115 -0.3193288048188778 
0.5 0.5 6 1 -0.3516975762729057 -0.02164135737602977 
10.5 0.5 -0.5 1 0.08544471117013965 -0.2345461592320923 
10.5 0.5 6 1 0.06014981418016538 0.01811200256521545 
10.5 10.5 -0.5 1 0.3691008193778344 -0.34477767661231 
10.5 10.5 6 1 0.3299244936821859 0.05011046378571402 
0.5 10.5 -0.5 1 -0.249899301820605 -0.52621548799465 
0.5 10.5 6 1 -0.3023010536400044 -0.00906522176205061 
0.5 5.5 9.5 1 -0.354337652888862 0.1868102465841659 
10.5 5.5 9.5 1 0.1488069862167038 0.1967845446188348 
0.5 6.5 -0.5 1 -0.2883134855104375 -0.4151939113305091 
0.5 8.5 -0.5 1 -0.2715742669654029 -0.4635722512166501 
0.5 8.5 4.5 1 -0.3067091703570703 -0.1170020219278641 
0.5 6.5 4.5 1 -0.3194610019324261 -0.1080744479202608 
0.5 2.5 2 1 -0.325165079966856 -0.2203259553853274 
0.5 4.5 2 1 -0.3156105988398031 -0.2389030260152158 
0.5 4.5 4.5 1 -0.3296034668586347 -0.1009736949254329 
0.5 2.5 4.5 1 -0.3378631457666159 -0.09519108289089574 
