-0.3334775664171722 -0.2458249387445899 -0.3650794695675283 0.04140294842973664 
0.06921213710475878 -0.173373110479896 0.0448989580127703 0.0756519936921657 
0.318099724950465 -0.2669672829873263 0.2828816408154606 0.1227025144884679 
-0.3052236479715915 -0.4157257770794491 -0.3592215834447138 0.07635803527412496 
-0.3334775664171722 -0.2458249387445899 0.06921213710475878 -0.173373110479896 
0.06921213710475878 -0.173373110479896 0.318099724950465 -0.2669672829873263 
0.318099724950465 -0.2669672829873263 -0.3052236479715915 -0.4157257770794491 
-0.3052236479715915 -0.4157257770794491 -0.3334775664171722 -0.2458249387445899 
-0.3650794695675283 0.04140294842973664 -0.3847611631504515 0.2528824008459978 
-0.3847611631504515 0.2528824008459978 -0.3592215834447138 0.07635803527412496 
0.0448989580127703 0.0756519936921657 0.1217952795631639 0.2599048526696314 
0.1217952795631639 0.2599048526696314 0.2828816408154606 0.1227025144884679 
-0.3847611631504515 0.2528824008459978 0.1217952795631639 0.2599048526696314 
-0.3650794695675283 0.04140294842973664 0.0448989580127703 0.0756519936921657 
-0.3592215834447138 0.07635803527412496 0.2828816408154606 0.1227025144884679 
-0.3202806553373966 -0.3251826483735409 -0.3136899140328699 -0.364815114753171 
-0.3136899140328699 -0.364815114753171 -0.3499609918045142 -0.03453938788187863 
-0.3499609918045142 -0.03453938788187863 -0.3525570911692382 -0.03146262249250039 
-0.3525570911692382 -0.03146262249250039 -0.3202806553373966 -0.3251826483735409 
-0.3430535283055113 -0.1476736134564934 -0.3400361417618123 -0.1617567203977519 
-0.3400361417618123 -0.1617567203977519 -0.354631282328624 -0.02900439625629807 
-0.354631282328624 -0.02900439625629807 -0.3563265735486569 -0.02699522302449128 
-0.3563265735486569 -0.02699522302449128 -0.3430535283055113 -0.1476736134564934 
