0.03486696899561971 -0.255527704584637 0.05961094814394715 0.00306650437962601 
0.4655854268386807 -0.3649153379650877 0.4920847492744185 -0.02351164920261708 
0.2581984629169302 -0.54558367806946 0.3083753190631867 0.0414218205926067 
-0.3002206500312444 -0.3210085916895608 -0.2588903404140711 0.05755397335668094 
0.03486696899561971 -0.255527704584637 0.4655854268386807 -0.3649153379650877 
0.4655854268386807 -0.3649153379650877 0.2581984629169302 -0.54558367806946 
0.2581984629169302 -0.54558367806946 -0.3002206500312444 -0.3210085916895608 
-0.3002206500312444 -0.3210085916895608 0.03486696899561971 -0.255527704584637 
0.05961094814394715 0.00306650437962601 -0.0534460020379454 0.1874838537142757 
-0.0534460020379454 0.1874838537142757 -0.2588903404140711 0.05755397335668094 
0.4920847492744185 -0.02351164920261708 0.4424286066078348 0.2266940417143272 
0.4424286066078348 0.2266940417143272 0.3083753190631867 0.0414218205926067 
-0.0534460020379454 0.1874838537142757 0.4424286066078348 0.2266940417143272 
0.05961094814394715 0.00306650437962601 0.4920847492744185 -0.02351164920261708 
-0.2588903404140711 0.05755397335668094 0.3083753190631867 0.0414218205926067 
-0.134526088588115 -0.288629517514076 -0.210292965534742 -0.303435442991248 
-0.210292965534742 -0.303435442991248 -0.1820700949450842 -0.03608135909534088 
-0.1820700949450842 -0.03608135909534088 -0.109269679766199 -0.04226220515172364 
-0.109269679766199 -0.04226220515172364 -0.134526088588115 -0.288629517514076 
-0.003472733314513013 -0.1581237567220715 -0.05835411778315491 -0.1612283421587944 
-0.05835411778315491 -0.1612283421587944 -0.04699656352707643 -0.04754927039688011 
-0.04699656352707643 -0.04754927039688011 0.006878735950781827 -0.05212335052397726 
0.006878735950781827 -0.05212335052397726 -0.003472733314513013 -0.1581237567220715 
