0 0 0 1 0.2623372198286136 -0.1357329280379055 
0 0 6.5 1 0.2487572764735384 0.2218241446493631 
10 0 0 1 -0.06471615574239151 -0.3920190138485268 
10 0 6.5 1 -0.1207052078743412 0.2521605175453024 
10 10 0 1 -0.5648494820077029 -0.244735858747921 
10 10 6.5 1 -0.6294905757548683 0.1689895482385449 
0 10 0 1 -0.1432300583475102 -0.09784292246157024 
0 10 6.5 1 -0.1689871849480081 0.1753176893263259 
0 5 10 1 -0.001056624317438608 0.3735283040553285 
10 5 10 1 -0.4722085913123759 0.5037708460188853 
0 6 0 1 -0.005808450775444876 -0.1106814963737223 
0 8 0 1 -0.07785149088912156 -0.1039508962032176 
0 8 5 1 -0.09648125199424942 0.1145662595504172 
0 6 5 1 -0.02310718273973505 0.1191144778976576 
0 2 2.5 1 0.1562829835072495 -0.0005658952151015937 
0 4 2.5 1 0.06632338204308251 0.0009994539505224919 
0 4 5 1 0.05841493799773238 0.1241677672819217 
0 2 5 1 0.1495221383844417 0.129815204374816 
0.5 0.5 -0.5 1 0.2277211356721121 -0.1667084540980532 
0.5 0.5 6 1 0.212352083536122 0.1905815714924946 
10.5 0.5 -0.5 1 -0.1290210523704514 -0.4493361831245422 
10.5 0.5 6 1 -0.1914484258798706 0.1937990495777992 
10.5 10.5 -0.5 1 -0.608523848277926 -0.281288829571829 
10.5 10.5 6 1 -0.6760205280622508 0.1320312118032729 
0.5 10.5 -0.5 1 -0.1708896388544759 -0.121535945731615 
0.5 10.5 6 1 -0.1977730307221788 0.1514686626142773 
0.5 5.5 9.5 1 -0.03402871908778254 0.3463993718586969 
10.5 5.5 9.5 1 -0.5308727520092263 0.4583131340858536 
0.5 6.5 -0.5 1 -0.03589606760563611 -0.1368340726673355 
0.5 8.5 -0.5 1 -0.1066752714232518 -0.1288130296325145 
0.5 8.5 4.5 1 -0.1262390721009705 0.08956741446426006 
0.5 6.5 4.5 1 -0.05421478776247345 0.09281031722737264 
0.5 2.5 2 1 0.1227114442772003 -0.02984821358789168 
0.5 4.5 2 1 0.03431020455082685 -0.02667419806007132 
0.5 4.5 4.5 1 0.02583300545109583 0.09641447952037577 
0.5 2.5 4.5 1 0.1153241200675636 0.1004438285868634 
