0 0 0 1 -0.1012986660766428 -0.2612311747110826 
0 0 6.5 1 -0.1310539385261747 0.4370020311388073 
10 0 0 1 -0.2480074188015464 -0.04503916881086928 
10 0 6.5 1 -0.2729354008254893 0.3103506554016486 
10 10 0 1 0.201260828233917 0.002090984243362304 
10 10 6.5 1 0.2071106083946076 0.3002644108954756 
0 10 0 1 0.6116092321758193 -0.1246467152040256 
0 10 6.5 1 0.6641167893260739 0.3821358808865291 
0 5 10 1 0.3513579186277047 0.7839616437708522 
10 5 10 1 -0.01485776830525931 0.4974288724480876 
0 6 0 1 0.3775590345424448 -0.1694878788657496 
0 8 0 1 0.5011818427065708 -0.1458032563819315 
0 8 5 1 0.5339641157116886 0.2564626386238417 
0 6 5 1 0.4016500532765868 0.256842811474242 
0 2 2.5 1 0.07891160122851319 0.004039537791866845 
0 4 2.5 1 0.2443014333936925 0.02040823265363419 
0 4 5 1 0.25094634318396 0.2572758225841526 
0 2 5 1 0.07773284371433375 0.2577735101965593 
0.5 0.5 -0.5 1 -0.06727734476231936 -0.2768754963742451 
0.5 0.5 6 1 -0.09012466666645531 0.3646827351909181 
10.5 0.5 -0.5 1 -0.2242321281484955 -0.0614913084072535 
10.5 0.5 6 1 -0.2465472459383052 0.2786846804310712 
10.5 10.5 -0.5 1 0.2072670576287768 -0.01329972757874321 
10.5 10.5 6 1 0.213266192154881 0.2741021192588405 
0.5 10.5 -0.5 1 0.6003466287316201 -0.1433571056260508 
0.5 10.5 6 1 0.6487947188072101 0.3329999286426248 
0.5 5.5 9.5 1 0.3542409034137571 0.6951608481603497 
10.5 5.5 9.5 1 0.000373471466698935 0.4605842962361885 
0.5 6.5 -0.5 1 0.3784236499352561 -0.1877395726663917 
0.5 8.5 -0.5 1 0.4953020264948469 -0.1643650184696201 
0.5 8.5 4.5 1 0.5257154872832743 0.2129811152520286 
0.5 6.5 4.5 1 0.4010935777848226 0.2106874288303973 
0.5 2.5 2 1 0.1000533476600168 -0.02914095542135576 
0.5 4.5 2 1 0.2536769457420556 -0.01174314951090319 
0.5 4.5 4.5 1 0.2602935007798236 0.2080959806164296 
0.5 2.5 4.5 1 0.09994625141239795 0.2051447635302833 
