-0.7127247905688012 -0.6017739133359518 -0.6333975815155272 -0.1017876401337754 
-0.2098951187020691 -0.4420815073422552 -0.1850914132851859 -0.1395549958280942 
0.2513013735901288 -0.5447183546273875 0.2543346145776476 -0.1561580656328868 
-0.05863436031046163 -0.903219249321783 -0.01626522848429199 -0.114559961046362 
-0.7127247905688012 -0.6017739133359518 -0.2098951187020691 -0.4420815073422552 
-0.2098951187020691 -0.4420815073422552 0.2513013735901288 -0.5447183546273875 
0.2513013735901288 -0.5447183546273875 -0.05863436031046163 -0.903219249321783 
-0.05863436031046163 -0.903219249321783 -0.7127247905688012 -0.6017739133359518 
-0.6333975815155272 -0.1017876401337754 -0.3539937633500914 0.1772564276116129 
-0.3539937633500914 0.1772564276116129 -0.01626522848429199 -0.114559961046362 
-0.1850914132851859 -0.1395549958280942 0.01731500830442695 0.02144054967320708 
0.01731500830442695 0.02144054967320708 0.2543346145776476 -0.1561580656328868 
-0.3539937633500914 0.1772564276116129 0.01731500830442695 0.02144054967320708 
-0.6333975815155272 -0.1017876401337754 -0.1850914132851859 -0.1395549958280942 
-0.01626522848429199 -0.114559961046362 0.2543346145776476 -0.1561580656328868 
-0.3935470321777237 -0.7488707705387118 -0.2433336165669644 -0.8180984055011747 
-0.2433336165669644 -0.8180984055011747 -0.1973924623884223 -0.2604496028739771 
-0.1973924623884223 -0.2604496028739771 -0.339972243817236 -0.2446070032491462 
-0.339972243817236 -0.2446070032491462 -0.3935470321777237 -0.7488707705387118 
-0.5916324446314164 -0.4242984571367557 -0.4879495599899384 -0.4528966813230449 
-0.4879495599899384 -0.4528966813230449 -0.4599334284157197 -0.2312776447730071 
-0.4599334284157197 -0.2312776447730071 -0.5622627337900711 -0.2199074336625187 
-0.5622627337900711 -0.2199074336625187 -0.5916324446314164 -0.4242984571367557 
