0 0 0 1 -0.02585609639036689 -0.06182274235251449 
0 0 6.5 1 -0.004110054476648293 0.1897803080598155 
10 0 0 1 0.3805429919258779 -0.1278136595760603 
10 0 6.5 1 0.4181956752628274 0.1707899696448341 
10 10 0 1 0.3202033975620025 -0.255434886324568 
10 10 6.5 1 0.3826139058359187 0.2570339432562347 
0 10 0 1 -0.2875247647925008 -0.1233108222550693 
0 10 6.5 1 -0.2635574542150699 0.2647237338757653 
0 5 10 1 -0.09261142618549374 0.3910470609848984 
10 5 10 1 0.4319448287124494 0.4171053810694154 
0 6 0 1 -0.1553297042550282 -0.09224703271279448 
0 8 0 1 -0.2150758700524318 -0.1062864553110565 
0 8 5 1 -0.1967389770056968 0.1609221688152727 
0 6 5 1 -0.1372420174070057 0.1513169709620253 
0 2 2.5 1 -0.05407331321020134 0.03200474871881628 
0 4 2.5 1 -0.09647192990761852 0.03022461492049016 
0 4 5 1 -0.0875416963347963 0.1432933438642972 
0 2 5 1 -0.04540242769996279 0.1364903741771265 
0.5 0.5 -0.5 1 -0.0187747442632217 -0.08607436251305595 
0.5 0.5 6 1 0.003681909535394909 0.1711322738698122 
10.5 0.5 -0.5 1 0.4006763823530615 -0.1586742746788745 
10.5 0.5 6 1 0.4400386155185714 0.1478488849012984 
10.5 10.5 -0.5 1 0.3521739837984296 -0.3154274886699777 
10.5 10.5 6 1 0.4195442692892878 0.2208149082262675 
0.5 10.5 -0.5 1 -0.2863040207559617 -0.1632285589392235 
0.5 10.5 6 1 -0.2613602654314293 0.2383003126241351 
0.5 5.5 9.5 1 -0.08563864996591003 0.3740367252426454 
10.5 5.5 9.5 1 0.461008525166293 0.39665591937195 
0.5 6.5 -0.5 1 -0.1502876718195305 -0.1240020778580161 
0.5 8.5 -0.5 1 -0.2115412348728476 -0.1416673199488065 
0.5 8.5 4.5 1 -0.1924777900608139 0.1338217037869908 
0.5 6.5 4.5 1 -0.1315121388350867 0.1264231985153322 
0.5 2.5 2 1 -0.04711143442895305 0.008088831451004667 
0.5 4.5 2 1 -0.09012878244025457 0.004254924677660511 
0.5 4.5 4.5 1 -0.08087266036620495 0.1202778291003664 
0.5 2.5 4.5 1 -0.03814066693229249 0.1150920749530234 
