0 0 0 1 0.2767365195344625 -0.284254535637454 
0 0 6.5 1 0.3189197554837075 0.115285766909263 
10 0 0 1 -0.3752752293060415 -0.2689295180945753 
10 0 6.5 1 -0.3311144910315527 0.2037293593658255 
10 10 0 1 -0.3250109724681109 -0.1395831166889501 
10 10 6.5 1 -0.2989484856698372 0.1372697631310824 
0 10 0 1 0.07842315449155923 -0.1615961476730324 
0 10 6.5 1 0.1038433336336016 0.0884535531757091 
0 5 10 1 0.2037556728284204 0.2658548039720209 
10 5 10 1 -0.2929845916749232 0.3516818209254464 
0 6 0 1 0.1368265654851801 -0.1977191202349236 
0 8 0 1 0.1052650261985401 -0.1781980580526672 
0 8 5 1 0.1264861120336128 0.02946520080058158 
0 6 5 1 0.1600535047099429 0.02819578999955237 
0 2 2.5 1 0.2344297372259491 -0.1125556183374077 
0 4 2.5 1 0.1872677618494432 -0.09744562411936709 
0 4 5 1 0.2001218117960144 0.02668053552970253 
0 2 5 1 0.2487820372557289 0.02484036234810674 
0.5 0.5 -0.5 1 0.2311154245284316 -0.3038720452948045 
0.5 0.5 6 1 0.2720220681535503 0.08657237063511571 
10.5 0.5 -0.5 1 -0.4118773927390178 -0.2924074483903419 
10.5 0.5 6 1 -0.3691953398375915 0.1675748865897344 
10.5 10.5 -0.5 1 -0.3474911863354916 -0.1555094043416329 
10.5 10.5 6 1 -0.3219487299330674 0.1169456489205489 
0.5 10.5 -0.5 1 0.05240353885190598 -0.1757057688971458 
0.5 10.5 6 1 0.07734601266141493 0.07075081124905823 
0.5 5.5 9.5 1 0.169403960317749 0.240982549787605 
10.5 5.5 9.5 1 -0.3221175319189019 0.3218241464886021 
0.5 6.5 -0.5 1 0.1053449520610002 -0.2136736061932115 
0.5 8.5 -0.5 1 0.07676754850958552 -0.1931788339041004 
0.5 8.5 4.5 1 0.09755745021625577 0.01126634740004497 
0.5 6.5 4.5 1 0.1280577769736626 0.008437837885483331 
0.5 2.5 2 1 0.1943214538224101 -0.1335949600547061 
0.5 4.5 2 1 0.1518168950628952 -0.1167622059345343 
0.5 4.5 4.5 1 0.1643580075715846 0.005071462553059443 
0.5 2.5 4.5 1 0.2082863174292528 0.0009976818562394592 
