-0.1465208010696364 -0.2921817550826088 -0.1734063267074517 0.3965225299024938 
-0.2476045053511408 -0.0556646364741622 -0.2678835959483877 0.2950609953273207 
0.2079368887829068 -0.01569165125457055 0.2184434924641642 0.2840953201857448 
0.6034292064787167 -0.1665210392931338 0.6648007133446761 0.3496261751261333 
-0.1465208010696364 -0.2921817550826088 -0.2476045053511408 -0.0556646364741622 
-0.2476045053511408 -0.0556646364741622 0.2079368887829068 -0.01569165125457055 
0.2079368887829068 -0.01569165125457055 0.6034292064787167 -0.1665210392931338 
0.6034292064787167 -0.1665210392931338 -0.1465208010696364 -0.2921817550826088 
-0.1734063267074517 0.3965225299024938 0.3310758661639778 0.7525556401695165 
0.3310758661639778 0.7525556401695165 0.6648007133446761 0.3496261751261333 
-0.2678835959483877 0.2950609953273207 -0.006159548985700518 0.4814618179486205 
-0.006159548985700518 0.4814618179486205 0.2184434924641642 0.2840953201857448 
0.3310758661639778 0.7525556401695165 -0.006159548985700518 0.4814618179486205 
-0.1734063267074517 0.3965225299024938 -0.2678835959483877 0.2950609953273207 
0.6648007133446761 0.3496261751261333 0.2184434924641642 0.2840953201857448 
0.3520976496252645 -0.2086338508363108 0.4842082090558286 -0.186497565358212 
0.4842082090558286 -0.186497565358212 0.5226322649253584 0.2207419736789947 
0.5226322649253584 0.2207419736789947 0.3808164396539072 0.2206089610535108 
0.3808164396539072 0.2206089610535108 0.3520976496252645 -0.2086338508363108 
0.04006176851441762 -0.0320884199407372 0.2126841953023587 -0.01684151457282368 
0.2126841953023587 -0.01684151457282368 0.221231344348166 0.2204592821832289 
0.221231344348166 0.2204592821832289 0.04031407977115983 0.220289595335441 
0.04031407977115983 0.220289595335441 0.04006176851441762 -0.0320884199407372 
