0 0 0 1 0.2734834920029111 -0.3964113307898339 
0 0 6.5 1 0.2391119102939298 -0.07678549192125297 
10 0 0 1 0.7103356666867817 -0.6304375044124959 
10 0 6.5 1 0.6160045964141738 -0.02236001412350166 
10 10 0 1 -0.262097166846743 -0.8426980535223679 
10 10 6.5 1 -0.2938044663646882 -0.08212274537247755 
0 10 0 1 -0.2310721705319218 -0.4693027778099105 
0 10 6.5 1 -0.2479290695904221 -0.1119911144024336 
0 5 10 1 -0.005361866648126177 0.07727913202620518 
10 5 10 1 0.1728571856629362 0.2731118623967117 
0 6 0 1 -0.01615077298047418 -0.4382538117069473 
0 8 0 1 -0.1212351740192719 -0.4534349990757982 
0 8 5 1 -0.1375632188897584 -0.1823327813684492 
0 6 5 1 -0.03542840418867454 -0.1733086498203999 
0 2 2.5 1 0.1685426504345085 -0.281130988415124 
0 4 2.5 1 0.07332703563499603 -0.2921672079174907 
0 4 5 1 0.0625133937277714 -0.164654992680695 
0 2 5 1 0.156515189825251 -0.156349454787282 
0.5 0.5 -0.5 1 0.2646892271482343 -0.4325076208651266 
0.5 0.5 6 1 0.2295701397019766 -0.1013117265299873 
10.5 0.5 -0.5 1 0.7214993688821629 -0.7170180021559134 
10.5 0.5 6 1 0.6206340484872096 -0.06572974977151312 
10.5 10.5 -0.5 1 -0.3281371442146188 -0.9694051790865831 
10.5 10.5 6 1 -0.3561244599485141 -0.140256017070753 
0.5 10.5 -0.5 1 -0.2595390646972706 -0.5123242077702999 
0.5 10.5 6 1 -0.2757510791995001 -0.1405116199995039 
0.5 5.5 9.5 1 -0.02319417393271184 0.05705521626298937 
10.5 5.5 9.5 1 0.1493909824765009 0.2460958820173547 
0.5 6.5 -0.5 1 -0.03575756872017105 -0.4782522671687235 
0.5 8.5 -0.5 1 -0.1450847357351422 -0.4948979184296031 
0.5 8.5 4.5 1 -0.1611929893093257 -0.2129600420178685 
0.5 6.5 4.5 1 -0.05505833834051339 -0.2029639775843217 
0.5 2.5 2 1 0.156212685417364 -0.3135871296305118 
0.5 4.5 2 1 0.05749757046863067 -0.3256977452151714 
0.5 4.5 4.5 1 0.04657345269162035 -0.1933920053548894 
0.5 2.5 4.5 1 0.1439829882812231 -0.1842176971972108 
