0 0 0 1 -0.6500044891711684 -0.5394237088059813 
0 0 6.5 1 -0.5926817736960224 -0.09238096639321124 
10 0 0 1 -0.1560088653420587 -0.4235844633504542 
10 0 6.5 1 -0.1445246934660436 -0.1314513543357075 
10 10 0 1 0.2749218090860068 -0.5075487169439289 
10 10 6.5 1 0.259150301495885 -0.1135879837974903 
0 10 0 1 -0.1609489255535531 -0.7776428312295872 
0 10 6.5 1 -0.1330085435517571 -0.03746120503016147 
0 5 10 1 -0.3910241116741777 0.1853020571268748 
10 5 10 1 0.02975293739922895 0.0402342156836145 
0 6 0 1 -0.4188749654683963 -0.6520069741825726 
0 8 0 1 -0.3052292480739878 -0.707363839698297 
0 8 5 1 -0.272317272192974 -0.1902908905836985 
0 6 5 1 -0.3798196409169528 -0.1898663529359527 
0 2 2.5 1 -0.5635537550065609 -0.3730068341558648 
0 4 2.5 1 -0.4886432301561244 -0.3902618929453439 
0 4 5 1 -0.4682340106095802 -0.1895171957128908 
0 2 5 1 -0.5422297065028212 -0.1892249792803535 
0.5 0.5 -0.5 1 -0.6021145333233581 -0.5750288694415271 
0.5 0.5 6 1 -0.5486897015314826 -0.1251671058358844 
10.5 0.5 -0.5 1 -0.1250080011946713 -0.4466879396513806 
10.5 0.5 6 1 -0.1152054896152746 -0.1533339425110942 
10.5 10.5 -0.5 1 0.3168074901226819 -0.5388006700341079 
10.5 10.5 6 1 0.2980234773518017 -0.1426468696107009 
0.5 10.5 -0.5 1 -0.08093880994213545 -0.8371654818481785 
0.5 10.5 6 1 -0.06331529770305598 -0.08950349041952184 
0.5 5.5 9.5 1 -0.3398371166269714 0.1470733586426474 
10.5 5.5 9.5 1 0.06210258289406634 0.01605396712356453 
0.5 6.5 -0.5 1 -0.355789534027601 -0.698923360243105 
0.5 8.5 -0.5 1 -0.2346823448998627 -0.7598368427247427 
0.5 8.5 4.5 1 -0.2082072096212434 -0.2381035847757131 
0.5 6.5 4.5 1 -0.3219316075623845 -0.2330217770754544 
0.5 2.5 2 1 -0.5133434806582912 -0.4103795713078208 
0.5 4.5 2 1 -0.4338177111370393 -0.4310776115909412 
0.5 4.5 4.5 1 -0.4154671380470846 -0.2288421147719359 
0.5 2.5 4.5 1 -0.4937515439494909 -0.2253439533929597 
