0 0 0 1 0.2379353082911488 -0.3979770112440472 
0 0 6.5 1 0.2130397404486508 -0.0874163435545165 
10 0 0 1 0.7178262256488569 -0.5550307005675471 
10 0 6.5 1 0.6313329986440713 -0.007344495129246346 
10 10 0 1 -0.122107094386606 -0.7577462985591323 
10 10 6.5 1 -0.1356690032035544 0.01445077555721944 
0 10 0 1 -0.2529217804726112 -0.4628891401435469 
0 10 6.5 1 -0.251557658295514 -0.09112828772814796 
0 5 10 1 -0.006651544026323674 0.07746338442438501 
10 5 10 1 0.2780327438938143 0.2940980840686284 
0 6 0 1 -0.03514110576932901 -0.4340892968658161 
0 8 0 1 -0.1399186666488625 -0.4479453349943819 
0 8 5 1 -0.1442343670272802 -0.1689166353074357 
0 6 5 1 -0.04408814296961364 -0.1653847884954371 
0 2 2.5 1 0.1447087439009902 -0.2813765653174298 
0 4 2.5 1 0.05566010872138683 -0.2887270407889549 
0 4 5 1 0.04933457042910842 -0.1620900590576548 
0 2 5 1 0.1366888762225142 -0.1590093435405812 
0.5 0.5 -0.5 1 0.2326686205004427 -0.4314643287243112 
0.5 0.5 6 1 0.207219405362247 -0.1085555919324184 
10.5 0.5 -0.5 1 0.7397725123475767 -0.6270521843592568 
10.5 0.5 6 1 0.6460072845176724 -0.03978346602207946 
10.5 10.5 -0.5 1 -0.1707776530429526 -0.882026275373911 
10.5 10.5 6 1 -0.1789134764107486 -0.02896356771296712 
0.5 10.5 -0.5 1 -0.2804426344714369 -0.5060326433429666 
0.5 10.5 6 1 -0.2772247571132213 -0.1164621616107424 
0.5 5.5 9.5 1 -0.02061624369713561 0.06107235918236294 
10.5 5.5 9.5 1 0.2710343302222 0.2781961251576865 
0.5 6.5 -0.5 1 -0.05189476270548044 -0.4728187361403231 
0.5 8.5 -0.5 1 -0.1616737081733731 -0.4887724515672097 
0.5 8.5 4.5 1 -0.1650904948377163 -0.1967418436330158 
0.5 6.5 4.5 1 -0.06038811807937324 -0.192072627143933 
0.5 2.5 2 1 0.136002125869282 -0.3110343534021813 
0.5 4.5 2 1 0.04330210548739867 -0.3197168481941633 
0.5 4.5 4.5 1 0.03702713163256921 -0.1877283810596923 
0.5 2.5 4.5 1 0.1278904302602061 -0.1836763201099793 
