-0.1532312599630438 -0.02573058908922261 -0.160887947979363 0.2296945090376853 
0.2365335609064752 -0.03458785838902257 0.2496496288151885 0.2302205823653194 
0.32500095432299 -0.1846337315109906 0.3552573921637831 0.2493098443600386 
-0.3024339368527985 -0.1620217318297096 -0.3278519331225175 0.2472731572309147 
-0.1532312599630438 -0.02573058908922261 0.2365335609064752 -0.03458785838902257 
0.2365335609064752 -0.03458785838902257 0.32500095432299 -0.1846337315109906 
0.32500095432299 -0.1846337315109906 -0.3024339368527985 -0.1620217318297096 
-0.3024339368527985 -0.1620217318297096 -0.1532312599630438 -0.02573058908922261 
-0.160887947979363 0.2296945090376853 -0.2318096201122884 0.4231929821531555 
-0.2318096201122884 0.4231929821531555 -0.3278519331225175 0.2472731572309147 
0.2496496288151885 0.2302205823653194 0.3001020406139424 0.4336240576915711 
0.3001020406139424 0.4336240576915711 0.3552573921637831 0.2493098443600386 
-0.2318096201122884 0.4231929821531555 0.3001020406139424 0.4336240576915711 
-0.160887947979363 0.2296945090376853 0.2496496288151885 0.2302205823653194 
-0.3278519331225175 0.2472731572309147 0.3552573921637831 0.2493098443600386 
-0.225496744529895 -0.09174244408823627 -0.2598623015118987 -0.1231341129887305 
-0.2598623015118987 -0.1231341129887305 -0.2744288827963415 0.1530097429237134 
-0.2744288827963415 0.1530097429237134 -0.2368141502774273 0.1580331985263795 
-0.2368141502774273 0.1580331985263795 -0.225496744529895 -0.09174244408823627 
-0.1769397983685995 0.05847917191037508 -0.2015453711206005 0.04552229580514214 
-0.2015453711206005 0.04552229580514214 -0.2061223913234184 0.1621320895232959 
-0.2061223913234184 0.1621320895232959 -0.1806034121313476 0.1655401546725633 
-0.1806034121313476 0.1655401546725633 -0.1769397983685995 0.05847917191037508 
