-0.2844539276231073 -0.3845205236192717 -0.3001137734677024 0.2685034173819124 
-0.2485397617384879 -0.1028070027664985 -0.2537821486776709 0.2324397566049666 
0.2211385009752206 -0.08980323146511202 0.2441633813891846 0.2131386923367914 
0.5575463811620489 -0.3146624514574568 0.6376011882662507 0.2258479001436081 
-0.2844539276231073 -0.3845205236192717 -0.2485397617384879 -0.1028070027664985 
-0.2485397617384879 -0.1028070027664985 0.2211385009752206 -0.08980323146511202 
0.2211385009752206 -0.08980323146511202 0.5575463811620489 -0.3146624514574568 
0.5575463811620489 -0.3146624514574568 -0.2844539276231073 -0.3845205236192717 
-0.3001137734677024 0.2685034173819124 0.2431977137080176 0.6271420523409799 
0.2431977137080176 0.6271420523409799 0.6376011882662507 0.2258479001436081 
-0.2537821486776709 0.2324397566049666 0.01422581488366486 0.4106214089882493 
0.01422581488366486 0.4106214089882493 0.2441633813891846 0.2131386923367914 
0.2431977137080176 0.6271420523409799 0.01422581488366486 0.4106214089882493 
-0.3001137734677024 0.2685034173819124 -0.2537821486776709 0.2324397566049666 
0.6376011882662507 0.2258479001436081 0.2441633813891846 0.2131386923367914 
0.2566332792710754 -0.3396282489363969 0.4122503984672624 -0.3267171943572056 
0.4122503984672624 -0.3267171943572056 0.4620754133311845 0.09280996142440487 
0.4620754133311845 0.09280996142440487 0.2945196808324974 0.09497679043895564 
0.2945196808324974 0.09497679043895564 0.2566332792710754 -0.3396282489363969 
-0.0866946353254988 -0.1450632311445983 0.100987276176418 -0.1380696118168502 
0.100987276176418 -0.1380696118168502 0.1134794351636249 0.09731800103955249 
0.1134794351636249 0.09731800103955249 -0.0827413764571155 0.09985552656337693 
-0.0827413764571155 0.09985552656337693 -0.0866946353254988 -0.1450632311445983 
