0.3155539063468525 -0.5425916875080278 0.2533201182884318 0.06731205547334891 
-0.2238098982953338 -0.3740035279454079 -0.2603339218298448 -0.003249796054363604 
0.1177272631160557 -0.2381377541561344 0.09134515960836306 0.02329989189148368 
0.567991706912563 -0.2860373608470256 0.5304398016330126 0.0753126715465354 
0.3155539063468525 -0.5425916875080278 -0.2238098982953338 -0.3740035279454079 
-0.2238098982953338 -0.3740035279454079 0.1177272631160557 -0.2381377541561344 
0.1177272631160557 -0.2381377541561344 0.567991706912563 -0.2860373608470256 
0.567991706912563 -0.2860373608470256 0.3155539063468525 -0.5425916875080278 
0.2533201182884318 0.06731205547334891 0.4021218996800198 0.3155490891522817 
0.4021218996800198 0.3155490891522817 0.5304398016330126 0.0753126715465354 
-0.2603339218298448 -0.003249796054363604 -0.07061290625306797 0.1769051388069918 
-0.07061290625306797 0.1769051388069918 0.09134515960836306 0.02329989189148368 
0.4021218996800198 0.3155490891522817 -0.07061290625306797 0.1769051388069918 
0.2533201182884318 0.06731205547334891 -0.2603339218298448 -0.003249796054363604 
0.5304398016330126 0.0753126715465354 0.09134515960836306 0.02329989189148368 
0.4965126698845251 -0.3586820130108824 0.5354233911923821 -0.3191367710437126 
0.5354233911923821 -0.3191367710437126 0.5040283538535917 -0.01632358146998547 
0.5040283538535917 -0.01632358146998547 0.4621548556438032 -0.02636108584100998 
0.4621548556438032 -0.02636108584100998 0.4965126698845251 -0.3586820130108824 
0.3692573558172645 -0.2597927678426589 0.4302147086552419 -0.22242986151047 
0.4302147086552419 -0.22242986151047 0.4112696367793736 -0.03855879151664542 
0.4112696367793736 -0.03855879151664542 0.3481127463873291 -0.05369814195243663 
0.3481127463873291 -0.05369814195243663 0.3692573558172645 -0.2597927678426589 
