0 0 0 1 0.2794269903645072 -0.5195987316983336 
0 0 6.5 1 0.2220030238257678 0.09596597009717565 
10 0 0 1 -0.2233745468203908 -0.3362082592610822 
10 0 6.5 1 -0.2621536558273243 0.02842767651876305 
10 10 0 1 0.1297379034561932 -0.2055323847712193 
10 10 6.5 1 0.1043986966989807 0.05701354409181703 
0 10 0 1 0.5791720366453047 -0.2621758175328582 
0 10 6.5 1 0.5477346919868692 0.1094420451248847 
0 5 10 1 0.4032978768272669 0.3587621251246673 
10 5 10 1 -0.06548144830643125 0.2115358060965421 
0 6 0 1 0.4931757584966557 -0.336029957252892 
0 8 0 1 0.5398774730720426 -0.2959222336668342 
0 8 5 1 0.5133280485096107 0.0137702558004326 
0 6 5 1 0.4636756569931354 0.002752052782165077 
0 2 2.5 1 0.3484095466513036 -0.2367891233625048 
0 4 2.5 1 0.4202531621994097 -0.1984701601537262 
0 4 5 1 0.4035856156613644 -0.01058233564401679 
0 2 5 1 0.3293801463620562 -0.02704903343709894 
0.5 0.5 -0.5 1 0.2670857961567407 -0.5287681647369724 
0.5 0.5 6 1 0.2132017017875174 0.0466495587616982 
10.5 0.5 -0.5 1 -0.2112899452805564 -0.3489452324465891 
10.5 0.5 6 1 -0.2484289886192128 0.001219904277891201 
10.5 10.5 -0.5 1 0.1285136667325066 -0.2185038657994873 
10.5 10.5 6 1 0.1038896723313815 0.03645618319143366 
0.5 10.5 -0.5 1 0.5596533095013638 -0.278053626816452 
0.5 10.5 6 1 0.5292866474982506 0.0785461957750672 
0.5 5.5 9.5 1 0.387511958316585 0.3078419364272719 
10.5 5.5 9.5 1 -0.06042729364647802 0.1824707527699755 
0.5 6.5 -0.5 1 0.4741694927694907 -0.3513086350933574 
0.5 8.5 -0.5 1 0.5204350048716486 -0.3116615930969842 
0.5 8.5 4.5 1 0.4948785836722338 -0.01548302596604443 
0.5 6.5 4.5 1 0.4458952980410548 -0.02863282879269652 
0.5 2.5 2 1 0.3334104807643605 -0.2611978153011099 
0.5 4.5 2 1 0.4030344591805015 -0.2224352508332467 
0.5 4.5 4.5 1 0.3871489048353509 -0.04440358564327962 
0.5 2.5 4.5 1 0.3153974133602067 -0.06366562479109426 
