0.2842025063578958 -0.2576358913441301 0.2523555169651637 0.09078685965899447 
0.1445040420506652 -0.5785835386592739 0.07811001880414591 0.1090526596240202 
-0.5805864586803273 -0.4660400876420701 -0.6376550074202623 0.0165978658301295 
-0.1708189035518567 -0.2472552491250618 -0.2009534838574716 0.03946439650611017 
0.2842025063578958 -0.2576358913441301 0.1445040420506652 -0.5785835386592739 
0.1445040420506652 -0.5785835386592739 -0.5805864586803273 -0.4660400876420701 
-0.5805864586803273 -0.4660400876420701 -0.1708189035518567 -0.2472552491250618 
-0.1708189035518567 -0.2472552491250618 0.2842025063578958 -0.2576358913441301 
0.2523555169651637 0.09078685965899447 -0.01335373435498573 0.2345006950439827 
-0.01335373435498573 0.2345006950439827 -0.2009534838574716 0.03946439650611017 
0.07811001880414591 0.1090526596240202 -0.3773321602187718 0.3682360069827676 
-0.3773321602187718 0.3682360069827676 -0.6376550074202623 0.0165978658301295 
-0.01335373435498573 0.2345006950439827 -0.3773321602187718 0.3682360069827676 
0.2523555169651637 0.09078685965899447 0.07811001880414591 0.1090526596240202 
-0.2009534838574716 0.03946439650611017 -0.6376550074202623 0.0165978658301295 
-0.009464468212031436 -0.2509363125371213 -0.09308217815017113 -0.249028697837809 
-0.09308217815017113 -0.249028697837809 -0.1165303159562525 -0.02084881900379157 
-0.1165303159562525 -0.02084881900379157 -0.03320836250258963 -0.01407718720819274 
-0.03320836250258963 -0.01407718720819274 -0.009464468212031436 -0.2509363125371213 
0.1662236860895608 -0.1275330221397442 0.06876514888418138 -0.1303371568547722 
0.06876514888418138 -0.1303371568547722 0.05671359561259001 -0.006769168547373841 
0.05671359561259001 -0.006769168547373841 0.154052085496926 0.001141596691740548 
0.154052085496926 0.001141596691740548 0.1662236860895608 -0.1275330221397442 
