0 0 0 1 -0.6499205969811817 -0.3323374652677323 
0 0 6.5 1 -0.5851041456558691 0.232001769368935 
10 0 0 1 -0.2485777835074782 -0.2006627131662161 
10 0 6.5 1 -0.2164835161348782 0.1043001202205878 
10 10 0 1 0.2351389254165668 -0.2718569040595453 
10 10 6.5 1 0.2668015080996309 0.0684751458805241 
0 10 0 1 0.2511468162076411 -0.5101198668536181 
0 10 6.5 1 0.3154927109035426 0.1885978142027965 
0 5 10 1 -0.1473789662343871 0.540835629335945 
10 5 10 1 0.02914470903868791 0.2584421695000589 
0 6 0 1 -0.1560525491017237 -0.4297786182085768 
0 8 0 1 0.03834194496087338 -0.4681330404234655 
0 8 5 1 0.0885285204667783 0.04686980703503418 
0 6 5 1 -0.1056406334037178 0.06275103183230597 
0 2 2.5 1 -0.4731199751906706 -0.1344555162627322 
0 4 2.5 1 -0.3089632864829621 -0.1572495836103629 
0 4 5 1 -0.2838963853674332 0.07733068885769853 
0 2 5 1 -0.4481180325617928 0.09076248707942514 
0.5 0.5 -0.5 1 -0.5834331302306588 -0.3701146717534829 
0.5 0.5 6 1 -0.5215110758911127 0.1773927931087675 
10.5 0.5 -0.5 1 -0.219075403388363 -0.2235505994537166 
10.5 0.5 6 1 -0.1877437206417849 0.07642898050659748 
10.5 10.5 -0.5 1 0.2588034682417281 -0.2959774885357248 
10.5 10.5 6 1 0.2896747140119407 0.03815946947271328 
0.5 10.5 -0.5 1 0.2983067614050166 -0.5496988127424488 
0.5 10.5 6 1 0.3594488626838439 0.1233931263865772 
0.5 5.5 9.5 1 -0.09263076371130369 0.470843613952014 
10.5 5.5 9.5 1 0.05492656224620754 0.2264868633719097 
0.5 6.5 -0.5 1 -0.09855375329888635 -0.4688701519303243 
0.5 8.5 -0.5 1 0.0912332619886453 -0.5075241114875424 
0.5 8.5 4.5 1 0.1389570613340117 -0.01064811538001985 
0.5 6.5 4.5 1 -0.05056505597083968 0.007055434666543635 
0.5 2.5 2 1 -0.4101380343280728 -0.1798415479998748 
0.5 4.5 2 1 -0.2489652386463546 -0.2036810426577045 
0.5 4.5 4.5 1 -0.2250714455308907 0.02335634268168632 
0.5 2.5 4.5 1 -0.3862786385945237 0.03841495246746354 
