0.256479532890016 -0.1447511687831643 0.2910123163485076 0.2290153009755188 
-0.3095613041743169 -0.2565102162178028 -0.3171703641255618 0.2832078757129745 
-0.4459309249434203 -0.07027433613547433 -0.4584725397865673 0.2525975100539172 
-0.03106882937905133 -0.03219582893548642 -0.02146235454743099 0.2229572130401914 
0.256479532890016 -0.1447511687831643 -0.3095613041743169 -0.2565102162178028 
-0.3095613041743169 -0.2565102162178028 -0.4459309249434203 -0.07027433613547433 
-0.4459309249434203 -0.07027433613547433 -0.03106882937905133 -0.03219582893548642 
-0.03106882937905133 -0.03219582893548642 0.256479532890016 -0.1447511687831643 
0.2910123163485076 0.2290153009755188 0.1143374997797713 0.4032429624537133 
0.1143374997797713 0.4032429624537133 -0.02146235454743099 0.2229572130401914 
-0.3171703641255618 0.2832078757129745 -0.4139966445693039 0.5077794706202255 
-0.4139966445693039 0.5077794706202255 -0.4584725397865673 0.2525975100539172 
0.1143374997797713 0.4032429624537133 -0.4139966445693039 0.5077794706202255 
0.2910123163485076 0.2290153009755188 -0.3171703641255618 0.2832078757129745 
-0.02146235454743099 0.2229572130401914 -0.4584725397865673 0.2525975100539172 
0.05893139478724397 -0.06742470569718267 0.01088904348192795 -0.04861944060862169 
0.01088904348192795 -0.04861944060862169 0.02031454457871951 0.1585526439505026 
0.02031454457871951 0.1585526439505026 0.07104101626543982 0.1546134374196839 
0.07104101626543982 0.1546134374196839 0.05893139478724397 -0.06742470569718267 
0.1892702154040021 0.01195461342484254 0.1220989414553268 0.02783218504497295 
0.1220989414553268 0.02783218504497295 0.1300508411101898 0.1500309801802667 
0.1300508411101898 0.1500309801802667 0.1995533431869082 0.1446337053258336 
0.1995533431869082 0.1446337053258336 0.1892702154040021 0.01195461342484254 
