0 0 0 1 -0.4032568609037989 -0.4018986376673307 
0 0 6.5 1 -0.4239212208724161 -0.08194699842830003 
10 0 0 1 0.02073005161813549 -0.3046222456555053 
10 0 6.5 1 -0.003356188950786089 -0.04748558283679803 
10 10 0 1 0.3244897968255523 -0.4011543635147229 
10 10 6.5 1 0.280059914249367 -0.009577230329865998 
0 10 0 1 -0.2889210976421509 -0.6120646504192288 
0 10 6.5 1 -0.3287241740656364 -0.05349129453541979 
0 5 10 1 -0.4030220133578315 0.1385540903024247 
10 5 10 1 0.09299405575330222 0.129429085146151 
0 6 0 1 -0.3504738679442396 -0.4989215713056555 
0 8 0 1 -0.3237081708803697 -0.5481208740432061 
0 8 5 1 -0.3497944866739391 -0.1714125413450979 
0 6 5 1 -0.3730245314062171 -0.1657730817291345 
0 2 2.5 1 -0.397892207569878 -0.2916550314707921 
0 4 2.5 1 -0.3817268613410164 -0.3090788625539102 
0 4 5 1 -0.3915477416569116 -0.1612762803940237 
0 2 5 1 -0.4066630595430246 -0.1576067986610532 
0.5 0.5 -0.5 1 -0.371700215467437 -0.4273008639300584 
0.5 0.5 6 1 -0.3932756485162058 -0.1033040483459405 
10.5 0.5 -0.5 1 0.04990020778590278 -0.3241687090018022 
10.5 0.5 6 1 0.02509016697093412 -0.0644228279937638 
10.5 10.5 -0.5 1 0.373419482223126 -0.4324685604696218 
10.5 10.5 6 1 0.3270904169780015 -0.03481123358854988 
0.5 10.5 -0.5 1 -0.231005051094895 -0.6610111471889699 
0.5 10.5 6 1 -0.2737450860811152 -0.09001046388376446 
0.5 5.5 9.5 1 -0.3644226186512335 0.1148628047193169 
10.5 5.5 9.5 1 0.1279353086931091 0.111087700446347 
0.5 6.5 -0.5 1 -0.30704195862711 -0.5347054047227154 
0.5 8.5 -0.5 1 -0.2740625712477233 -0.5894878274201513 
0.5 8.5 4.5 1 -0.3018474756700437 -0.2054562676378716 
0.5 6.5 4.5 1 -0.3309046397604112 -0.1958393786037102 
0.5 2.5 2 1 -0.363598005608803 -0.3178740002622655 
0.5 4.5 2 1 -0.3436604030465227 -0.3382495126921717 
0.5 4.5 4.5 1 -0.3539964170440158 -0.1881968206772947 
0.5 2.5 4.5 1 -0.372788818664692 -0.1819772033564375 
