0.2555616906877556 -0.1877372553276999 0.2939593672169274 0.1850693345235721 
-0.3265822980171834 -0.2850612143114149 -0.3246786120138304 0.236041796654563 
-0.4260878130902345 -0.0911780243269525 -0.4301922286454106 0.2202056026871937 
-0.01476868651025346 -0.06198653359197852 -0.0007684920863352832 0.189628513293632 
0.2555616906877556 -0.1877372553276999 -0.3265822980171834 -0.2850612143114149 
-0.3265822980171834 -0.2850612143114149 -0.4260878130902345 -0.0911780243269525 
-0.4260878130902345 -0.0911780243269525 -0.01476868651025346 -0.06198653359197852 
-0.01476868651025346 -0.06198653359197852 0.2555616906877556 -0.1877372553276999 
0.2939593672169274 0.1850693345235721 0.1295045561087671 0.3625569715683927 
0.1295045561087671 0.3625569715683927 -0.0007684920863352832 0.189628513293632 
-0.3246786120138304 0.236041796654563 -0.3931661827427128 0.4581097393936892 
-0.3931661827427128 0.4581097393936892 -0.4301922286454106 0.2202056026871937 
0.1295045561087671 0.3625569715683927 -0.3931661827427128 0.4581097393936892 
0.2939593672169274 0.1850693345235721 -0.3246786120138304 0.236041796654563 
-0.0007684920863352832 0.189628513293632 -0.4301922286454106 0.2202056026871937 
0.0690778631959468 -0.1009897867590531 0.02423464473857507 -0.08012987769364806 
0.02423464473857507 -0.08012987769364806 0.03700874445839988 0.1247460217458705 
0.03700874445839988 0.1247460217458705 0.08450374710346183 0.119019509032865 
0.08450374710346183 0.119019509032865 0.0690778631959468 -0.1009897867590531 
0.1938200895615842 -0.0274279256569925 0.1304012987122316 -0.008785060360350146 
0.1304012987122316 -0.008785060360350146 0.1399940512913997 0.1123289960381509 
0.1399940512913997 0.1123289960381509 0.2056840962814325 0.1044086916523495 
0.2056840962814325 0.1044086916523495 0.1938200895615842 -0.0274279256569925 
