0 0 0 1 -0.2821011351639733 -0.08210553146184782 
0 0 6.5 1 -0.3138277607508012 0.1919753412122922 
10 0 0 1 0.1134579345217752 -0.03585052135697999 
10 0 6.5 1 0.09603601812390057 0.2172446248865284 
10 10 0 1 0.3132067803161306 -0.1155743118524345 
10 10 6.5 1 0.2945373850021895 0.2912910804981985 
0 10 0 1 -0.3224682637212206 -0.204807072833307 
0 10 6.5 1 -0.3792011133968061 0.2591819650087009 
0 5 10 1 -0.3612142380800961 0.4141544298278281 
10 5 10 1 0.1610529390681713 0.4231762426100509 
0 6 0 1 -0.301142114367248 -0.1399832547720497 
0 8 0 1 -0.3105285908756007 -0.1685147648592364 
0 8 5 1 -0.3478294711406031 0.1414862604623721 
0 6 5 1 -0.3340162860149525 0.1367209797015448 
0 2 2.5 1 -0.3004322359843685 0.01437972734431811 
0 4 2.5 1 -0.3080459781729115 0.00615250600959629 
0 4 5 1 -0.322950396449438 0.1329034625852308 
0 2 5 1 -0.3138863244755853 0.1297765336836882 
0.5 0.5 -0.5 1 -0.2591480699035389 -0.1039658530379483 
0.5 0.5 6 1 -0.2905734238428344 0.1732830827870851 
10.5 0.5 -0.5 1 0.1395610369277483 -0.05537355088559884 
10.5 0.5 6 1 0.1226959379911995 0.2004252724888138 
10.5 10.5 -0.5 1 0.3591815522131932 -0.1485476760668827 
10.5 10.5 6 1 0.3423720142169746 0.2653500366960703 
0.5 10.5 -0.5 1 -0.28448266884386 -0.2447333612883342 
0.5 10.5 6 1 -0.3404542510951818 0.2283969181576659 
0.5 5.5 9.5 1 -0.3319053367860773 0.3939802896076979 
10.5 5.5 9.5 1 0.1958923639452064 0.405262052621401 
0.5 6.5 -0.5 1 -0.2710391191060578 -0.1700365009556181 
0.5 8.5 -0.5 1 -0.2769397185804369 -0.2028222058783007 
0.5 8.5 4.5 1 -0.3137669696922899 0.1124570742647289 
0.5 6.5 4.5 1 -0.303526120521656 0.1108680350835338 
0.5 2.5 2 1 -0.275368491443544 -0.008293814384997666 
0.5 4.5 2 1 -0.2806119366888675 -0.01891703479221306 
0.5 4.5 4.5 1 -0.2953565003263928 0.1096003817503529 
0.5 2.5 4.5 1 -0.288687452879725 0.108565567398786 
