0 0 0 1 0.3688237832887087 -0.5211885753883 
0 0 6.5 1 0.2998829030783443 0.07047518589854006 
10 0 0 1 -0.2353404362399684 -0.4081837272761251 
10 0 6.5 1 -0.2629085417641526 -0.02315916156528184 
10 10 0 1 0.08239885314407308 -0.279408170448192 
10 10 6.5 1 0.05719544316410431 -0.01876646010315915 
0 10 0 1 0.530220167995596 -0.3038221567384114 
0 10 6.5 1 0.4855666037493263 0.03749799833434179 
0 5 10 1 0.3891170024448851 0.2711735030646001 
10 5 10 1 -0.08673903247093569 0.1407895562276258 
0 6 0 1 0.4854742064427837 -0.3640853988763587 
0 8 0 1 0.5099234923042173 -0.331157438836245 
0 8 5 1 0.4726778077288835 -0.0424331461138212 
0 6 5 1 0.4451044362622105 -0.04574289740762656 
0 2 2.5 1 0.3931447515536788 -0.2520109147170734 
0 4 2.5 1 0.4331335176717522 -0.2247278974603346 
0 4 5 1 0.4114162914859748 -0.04978663144623748 
0 2 5 1 0.3693256546170497 -0.05483895303129992 
0.5 0.5 -0.5 1 0.34319207353787 -0.5400448115783991 
0.5 0.5 6 1 0.2791109703019995 0.01997647842367109 
10.5 0.5 -0.5 1 -0.2294406658232631 -0.424880897039953 
10.5 0.5 6 1 -0.2561640655648227 -0.05350592505080654 
10.5 10.5 -0.5 1 0.07822330122097922 -0.2941860978420848 
10.5 10.5 6 1 0.05374061751273271 -0.03986765912006809 
0.5 10.5 -0.5 1 0.5096571175399792 -0.322278741528425 
0.5 10.5 6 1 0.4669926533410235 0.008278993975173041 
0.5 5.5 9.5 1 0.3701892517459691 0.2258147897831487 
10.5 5.5 9.5 1 -0.08650990625700329 0.1114218545815022 
0.5 6.5 -0.5 1 0.4626807563393552 -0.3837322294077083 
0.5 8.5 -0.5 1 0.4882685857563155 -0.3502587690386353 
0.5 8.5 4.5 1 0.4528240945732015 -0.07151850602981884 
0.5 6.5 4.5 1 0.4244346325579021 -0.07748636721542984 
0.5 2.5 2 1 0.3697691811487622 -0.2816482805561429 
0.5 4.5 2 1 0.4105020904358747 -0.2523869425925554 
0.5 4.5 4.5 1 0.3900240402401851 -0.08471995403564213 
0.5 2.5 4.5 1 0.3474495524924226 -0.09366970562974482 
