0.06932024847881064 -0.3684815987801351 0.08932162420461039 -0.09655931056147993 
0.5228439093172836 -0.5087685736040704 0.5325748645435726 -0.1258916689063435 
0.2109131971171936 -0.7406450595994573 0.248045107001101 -0.08264189001926625 
-0.3087272989711525 -0.4450580980990837 -0.2652308596419314 -0.05829938855280364 
0.06932024847881064 -0.3684815987801351 0.5228439093172836 -0.5087685736040704 
0.5228439093172836 -0.5087685736040704 0.2109131971171936 -0.7406450595994573 
0.2109131971171936 -0.7406450595994573 -0.3087272989711525 -0.4450580980990837 
-0.3087272989711525 -0.4450580980990837 0.06932024847881064 -0.3684815987801351 
0.08932162420461039 -0.09655931056147993 -0.0431037488077062 0.08254571013807044 
-0.0431037488077062 0.08254571013807044 -0.2652308596419314 -0.05829938855280364 
0.5325748645435726 -0.1258916689063435 0.4352507060720827 0.1314602806403559 
0.4352507060720827 0.1314602806403559 0.248045107001101 -0.08264189001926625 
-0.0431037488077062 0.08254571013807044 0.4352507060720827 0.1314602806403559 
0.08932162420461039 -0.09655931056147993 0.5325748645435726 -0.1258916689063435 
-0.2652308596419314 -0.05829938855280364 0.248045107001101 -0.08264189001926625 
-0.1243359007641924 -0.4077081724760795 -0.2092582059585505 -0.4249098522376445 
-0.2092582059585505 -0.4249098522376445 -0.1809534868814621 -0.1481916842940568 
-0.1809534868814621 -0.1481916842940568 -0.1003304494819203 -0.1511426258920114 
-0.1003304494819203 -0.1511426258920114 -0.1243359007641924 -0.4077081724760795 
0.0219997977545996 -0.2665806151787379 -0.04057186576721148 -0.2717550109298255 
-0.04057186576721148 -0.2717550109298255 -0.03041863383406101 -0.1537015183827696 
-0.03041863383406101 -0.1537015183827696 0.03078356639778836 -0.1559416239949596 
0.03078356639778836 -0.1559416239949596 0.0219997977545996 -0.2665806151787379 
