0 0 0 1 -0.7153102357240619 -0.6010855422021859 
0 0 6.5 1 -0.6350103302167686 -0.09795299861467738 
10 0 0 1 -0.2132758813910084 -0.43925140599727 
10 0 6.5 1 -0.1876559349609574 -0.1364188320472453 
10 10 0 1 0.2495092824679196 -0.542014254644561 
10 10 6.5 1 0.2539734024200688 -0.1548124483276591 
0 10 0 1 -0.04911832941452695 -0.9029904738505387 
0 10 6.5 1 -0.005937001994707008 -0.114273365083207 
0 5 10 1 -0.3495852225104374 0.1814052562267381 
10 5 10 1 0.01669933106745342 0.02389230585770971 
0 6 0 1 -0.3891044384953777 -0.7489155262996867 
0 8 0 1 -0.2363254876575391 -0.818151910400357 
0 8 5 1 -0.189828981700593 -0.2597195478248807 
0 6 5 1 -0.3349560229407196 -0.2431906663631654 
0 2 2.5 1 -0.5916860255611721 -0.4228870205173541 
0 4 2.5 1 -0.4856860174430236 -0.4519158068283011 
0 4 5 1 -0.4573519242507088 -0.229250691242986 
0 2 5 1 -0.5619693608898988 -0.2173355499001915 
0.5 0.5 -0.5 1 -0.6592392392226603 -0.6388098918980456 
0.5 0.5 6 1 -0.58390752947411 -0.1369962045121111 
10.5 0.5 -0.5 1 -0.1823496134578861 -0.4627756648318285 
10.5 0.5 6 1 -0.1583297481306926 -0.1603958130643447 
10.5 10.5 -0.5 1 0.2856692483321576 -0.5712450454871071 
10.5 10.5 6 1 0.2879484669998356 -0.184821114720886 
0.5 10.5 -0.5 1 0.02870715551062595 -0.957413098296844 
0.5 10.5 6 1 0.06245267840444145 -0.1723194486748811 
0.5 5.5 9.5 1 -0.2939997754289559 0.1341885917146649 
10.5 5.5 9.5 1 0.04730969354877163 -0.002971292555912039 
0.5 6.5 -0.5 1 -0.3215058524055373 -0.7952217006837841 
0.5 8.5 -0.5 1 -0.1639063421814482 -0.8682095230907055 
0.5 8.5 4.5 1 -0.1238917638579957 -0.3121731989618603 
0.5 6.5 4.5 1 -0.2730138942410795 -0.2914111994477496 
0.5 2.5 2 1 -0.5344752300987011 -0.4638438422057187 
0.5 4.5 2 1 -0.4249598605043751 -0.4958667661542312 
0.5 4.5 4.5 1 -0.3990089209231668 -0.273869143979297 
0.5 2.5 4.5 1 -0.5068697865065034 -0.2588518743555335 
