0.062290564286363 -0.3515208514200131 0.08349420844648625 -0.08231304302065173 
0.5112551079072061 -0.4869050541896714 0.5246511254132475 -0.1123503553890531 
0.2197727074107946 -0.7117443929256281 0.2595456592299663 -0.0674883428392737 
-0.3080645512498462 -0.427215712625948 -0.2645369213354187 -0.04216300508705111 
0.062290564286363 -0.3515208514200131 0.5112551079072061 -0.4869050541896714 
0.5112551079072061 -0.4869050541896714 0.2197727074107946 -0.7117443929256281 
0.2197727074107946 -0.7117443929256281 -0.3080645512498462 -0.427215712625948 
-0.3080645512498462 -0.427215712625948 0.062290564286363 -0.3515208514200131 
0.08349420844648625 -0.08231304302065173 -0.04518071578653902 0.09716717796483555 
-0.04518071578653902 0.09716717796483555 -0.2645369213354187 -0.04216300508705111 
0.5246511254132475 -0.1123503553890531 0.4367192523149532 0.1425710532196985 
0.4367192523149532 0.1425710532196985 0.2595456592299663 -0.0674883428392737 
-0.04518071578653902 0.09716717796483555 0.4367192523149532 0.1425710532196985 
0.08349420844648625 -0.08231304302065173 0.5246511254132475 -0.1123503553890531 
-0.2645369213354187 -0.04216300508705111 0.2595456592299663 -0.0674883428392737 
-0.1269285068982911 -0.3901943048974986 -0.2102336031605315 -0.407220578964721 
-0.2102336031605315 -0.407220578964721 -0.1816403811204867 -0.1323797690195604 
-0.1816403811204867 -0.1323797690195604 -0.1024086328293552 -0.1356763946348565 
-0.1024086328293552 -0.1356763946348565 -0.1269285068982911 -0.3901943048974986 
0.01676940198328714 -0.2507059951361121 -0.04438982205533742 -0.2556820258260455 
-0.04438982205533742 -0.2556820258260455 -0.03388277574131551 -0.1385275761455369 
-0.03388277574131551 -0.1385275761455369 0.02596975835150229 -0.1410178833934063 
0.02596975835150229 -0.1410178833934063 0.01676940198328714 -0.2507059951361121 
