0.3129881154172363 -0.4961273162896667 0.3294336042062898 -0.04624168179497504 
-0.3832070734158378 -0.4441676267411445 -0.3292642053245021 0.006035654830203286 
-0.2343946591978805 -0.3130089316244276 -0.2066775794061257 -0.04570610113121583 
0.1768707796234202 -0.3443132138788494 0.1912077319723472 -0.07710981382271306 
0.3129881154172363 -0.4961273162896667 -0.3832070734158378 -0.4441676267411445 
-0.3832070734158378 -0.4441676267411445 -0.2343946591978805 -0.3130089316244276 
-0.2343946591978805 -0.3130089316244276 0.1768707796234202 -0.3443132138788494 
0.1768707796234202 -0.3443132138788494 0.3129881154172363 -0.4961273162896667 
0.3294336042062898 -0.04624168179497504 0.2513115877992781 0.1041256753941529 
0.2513115877992781 0.1041256753941529 0.1912077319723472 -0.07710981382271306 
-0.3292642053245021 0.006035654830203286 -0.2341850192742738 0.1433903763128108 
-0.2341850192742738 0.1433903763128108 -0.2066775794061257 -0.04570610113121583 
0.2513115877992781 0.1041256753941529 -0.2341850192742738 0.1433903763128108 
0.3294336042062898 -0.04624168179497504 -0.3292642053245021 0.006035654830203286 
0.1912077319723472 -0.07710981382271306 -0.2066775794061257 -0.04570610113121583 
0.2153732857453366 -0.3872557485191085 0.1944099551187018 -0.3638749704274443 
0.1944099551187018 -0.3638749704274443 0.2060060339708892 -0.1383448800984442 
0.2060060339708892 -0.1383448800984442 0.227444368562965 -0.1396700473028858 
0.227444368562965 -0.1396700473028858 0.2153732857453366 -0.3872557485191085 
0.2790731603504208 -0.2942661239683715 0.2472245632990378 -0.2761928789396363 
0.2472245632990378 -0.2761928789396363 0.2533685066719344 -0.1412724953604937 
0.2533685066719344 -0.1412724953604937 0.2853508874321414 -0.1432494214095468 
0.2853508874321414 -0.1432494214095468 0.2790731603504208 -0.2942661239683715 
