-0.6892619561062554 -0.5859345539608023 -0.6182569016561831 -0.1082537434384167 
-0.186804814308308 -0.4445761975728925 -0.1676377512143234 -0.1455018927697867 
0.262569075292056 -0.5420698771807795 0.2568255833590479 -0.1483290570948905 
-0.1105862332947694 -0.8689063522174629 -0.07397870305563445 -0.09307610916774894 
-0.6892619561062554 -0.5859345539608023 -0.186804814308308 -0.4445761975728925 
-0.186804814308308 -0.4445761975728925 0.262569075292056 -0.5420698771807795 
0.262569075292056 -0.5420698771807795 -0.1105862332947694 -0.8689063522174629 
-0.1105862332947694 -0.8689063522174629 -0.6892619561062554 -0.5859345539608023 
-0.6182569016561831 -0.1082537434384167 -0.3750968461264496 0.1698246270624606 
-0.3750968461264496 0.1698246270624606 -0.07397870305563445 -0.09307610916774894 
-0.1676377512143234 -0.1455018927697867 0.02233517725355149 0.02013712161765237 
0.02233517725355149 0.02013712161765237 0.2568255833590479 -0.1483290570948905 
-0.3750968461264496 0.1698246270624606 0.02233517725355149 0.02013712161765237 
-0.6182569016561831 -0.1082537434384167 -0.1676377512143234 -0.1455018927697867 
-0.07397870305563445 -0.09307610916774894 0.2568255833590479 -0.1483290570948905 
-0.4118327210255548 -0.7215971477850984 -0.2780351800936809 -0.7870239995905706 
-0.2780351800936809 -0.7870239995905706 -0.2368580564111698 -0.2421084975061161 
-0.2368580564111698 -0.2421084975061161 -0.3634897295959972 -0.2323107357219117 
-0.3634897295959972 -0.2323107357219117 -0.4118327210255548 -0.7215971477850984 
-0.5839409066935128 -0.4131618923122333 -0.4939416919959703 -0.4374915449593558 
-0.4939416919959703 -0.4374915449593558 -0.4687314787567108 -0.2241679578362822 
-0.4687314787567108 -0.2241679578362822 -0.557580828762773 -0.2172934947249071 
-0.557580828762773 -0.2172934947249071 -0.5839409066935128 -0.4131618923122333 
