0.3903743350559779 -0.6707648041760572 0.3562376007579972 -0.1373938161041334 
-0.3327772515490523 -0.5890252964966516 -0.303472829064636 -0.1434733882375636 
-0.1000462854267336 -0.4380035755747425 -0.09341802466854129 -0.165988676266299 
0.3338054019898423 -0.4671898457464345 0.316884947986146 -0.16479197083751 
0.3903743350559779 -0.6707648041760572 -0.3327772515490523 -0.5890252964966516 
-0.3327772515490523 -0.5890252964966516 -0.1000462854267336 -0.4380035755747425 
-0.1000462854267336 -0.4380035755747425 0.3338054019898423 -0.4671898457464345 
0.3338054019898423 -0.4671898457464345 0.3903743350559779 -0.6707648041760572 
0.3562376007579972 -0.1373938161041334 0.3204926271185226 0.03149482903254893 
0.3204926271185226 0.03149482903254893 0.316884947986146 -0.16479197083751 
-0.303472829064636 -0.1434733882375636 -0.1677679271723398 0.007761583211087456 
-0.1677679271723398 0.007761583211087456 -0.09341802466854129 -0.165988676266299 
0.3204926271185226 0.03149482903254893 -0.1677679271723398 0.007761583211087456 
0.3562376007579972 -0.1373938161041334 -0.303472829064636 -0.1434733882375636 
0.316884947986146 -0.16479197083751 -0.09341802466854129 -0.165988676266299 
0.3492614967177304 -0.5228117864684831 0.3407950292939912 -0.4923434594130935 
0.3407950292939912 -0.4923434594130935 0.3260770272772257 -0.2340480262125661 
0.3260770272772257 -0.2340480262125661 0.3326272827721305 -0.2370624189417382 
0.3326272827721305 -0.2370624189417382 0.3492614967177304 -0.5228117864684831 
0.3614457806631806 -0.4206647947635896 0.3498960432056868 -0.3958302881749578 
0.3498960432056868 -0.3958302881749578 0.3406351266806544 -0.2407475861039927 
0.3406351266806544 -0.2407475861039927 0.3506479895906793 -0.245355452343356 
0.3506479895906793 -0.245355452343356 0.3614457806631806 -0.4206647947635896 
