0 0 0 1 -0.3006695843703948 -0.1337766726848076 
0 0 6.5 1 -0.3333841372705 0.1434694870115863 
10 0 0 1 0.09635630099912483 -0.07876893536934307 
10 0 6.5 1 0.07570786617482883 0.1717326533287126 
10 10 0 1 0.3132235454758831 -0.1611947047361902 
10 10 6.5 1 0.2877925537771906 0.2375666765112669 
0 10 0 1 -0.3179066322732934 -0.2694542471684659 
0 10 6.5 1 -0.3749010556167831 0.2016557585185547 
0 5 10 1 -0.3721211810304909 0.3619526846298791 
10 5 10 1 0.1441738377375051 0.3697408401508269 
0 6 0 1 -0.3087728926409667 -0.1975600547139131 
0 8 0 1 -0.3127854355045595 -0.229143890084726 
0 8 5 1 -0.3506412907007077 0.08609601134406977 
0 6 5 1 -0.3423281131372187 0.08349419903733217 
0 2 2.5 1 -0.3164218148016677 -0.03694417904144461 
0 4 2.5 1 -0.3204419190918387 -0.04677951721477101 
0 4 5 1 -0.335675424338685 0.08141207731471416 
0 2 5 1 -0.3302308953595262 0.07970807876612311 
0.5 0.5 -0.5 1 -0.276380331322367 -0.1558422878241853 
0.5 0.5 6 1 -0.3089356635596516 0.1246292497795989 
10.5 0.5 -0.5 1 0.122967865407951 -0.09797358992689933 
10.5 0.5 6 1 0.102661813820565 0.1551611275421257 
10.5 10.5 -0.5 1 0.3597752440430245 -0.1933774853125164 
10.5 10.5 6 1 0.3355228793201641 0.2120968152600999 
0.5 10.5 -0.5 1 -0.2768501687762286 -0.3101825653442912 
0.5 10.5 6 1 -0.3334172439588681 0.1703073335040269 
0.5 5.5 9.5 1 -0.3412336874964479 0.3414665802763709 
10.5 5.5 9.5 1 0.1790222286300532 0.3519963832811036 
0.5 6.5 -0.5 1 -0.2766001280020898 -0.2280448767570162 
0.5 8.5 -0.5 1 -0.2767096720021696 -0.2640297716052305 
0.5 8.5 4.5 1 -0.3143023150618104 0.05664881525171291 
0.5 6.5 4.5 1 -0.3099434129220492 0.05732628047362386 
0.5 2.5 2 1 -0.289898026866321 -0.0598322721102363 
0.5 4.5 2 1 -0.2913212451302912 -0.07212274198445796 
0.5 4.5 4.5 1 -0.3064693441796357 0.05786622394472045 
0.5 2.5 4.5 1 -0.3036355103708744 0.05830666141923929 
