0.3290176935105371 -0.5825909878696776 0.3347630138057097 -0.1091107760001896 
-0.3808954700634103 -0.5222887386616902 -0.3291804238563041 -0.06875016635017624 
-0.2077038644624514 -0.3733404494858543 -0.1831266289359647 -0.1036759873647695 
0.2095908288121912 -0.4052074711034605 0.2178514324726102 -0.1285978203379072 
0.3290176935105371 -0.5825909878696776 -0.3808954700634103 -0.5222887386616902 
-0.3808954700634103 -0.5222887386616902 -0.2077038644624514 -0.3733404494858543 
-0.2077038644624514 -0.3733404494858543 0.2095908288121912 -0.4052074711034605 
0.2095908288121912 -0.4052074711034605 0.3290176935105371 -0.5825909878696776 
0.3347630138057097 -0.1091107760001896 0.2657004456349911 0.05253079924833101 
0.2657004456349911 0.05253079924833101 0.2178514324726102 -0.1285978203379072 
-0.3291804238563041 -0.06875016635017624 -0.2214960652050277 0.07822428554361549 
-0.2214960652050277 0.07822428554361549 -0.1831266289359647 -0.1036759873647695 
0.2657004456349911 0.05253079924833101 -0.2214960652050277 0.07822428554361549 
0.3347630138057097 -0.1091107760001896 -0.3291804238563041 -0.06875016635017624 
0.2178514324726102 -0.1285978203379072 -0.1831266289359647 -0.1036759873647695 
0.2429949246762655 -0.4548222375442596 0.2247710973814428 -0.4277545707955687 
0.2247710973814428 -0.4277545707955687 0.2312323103086571 -0.19330822557251 
0.2312323103086571 -0.19330822557251 0.2493987214687394 -0.1967400945281807 
0.2493987214687394 -0.1967400945281807 0.2429949246762655 -0.4548222375442596 
0.2960257072760301 -0.3638631653253511 0.2684278029934505 -0.3413831593020951 
0.2684278029934505 -0.3413831593020951 0.2714457925125933 -0.200905070098321 
0.2714457925125933 -0.200905070098321 0.2987656822366964 -0.2060661490032461 
0.2987656822366964 -0.2060661490032461 0.2960257072760301 -0.3638631653253511 
