0 0 0 1 0.2558391967258797 -0.1711861279132762 
0 0 6.5 1 0.2927901354496315 0.2017272991901621 
10 0 0 1 -0.3199503568636636 -0.274831810720078 
10 0 6.5 1 -0.3218377001760011 0.2531092853376027 
10 10 0 1 -0.4338900240366621 -0.08320410330314695 
10 10 6.5 1 -0.4412915181424866 0.2325119895857004 
0 10 0 1 -0.02126012814930207 -0.05029370237963962 
0 10 6.5 1 -0.008953404328674306 0.2025958026891394 
0 5 10 1 0.1235365669958972 0.3781645779773656 
10 5 10 1 -0.4013634869477996 0.4766970755361226 
0 6 0 1 0.06500355541543336 -0.08792867657636312 
0 8 0 1 0.01890328942359433 -0.06781613037651348 
0 8 5 1 0.03038801245184206 0.1378534749973739 
0 6 5 1 0.07915622032145236 0.132751377620646 
0 2 2.5 1 0.1919660776376847 -0.01231536230603711 
0 4 2.5 1 0.1270680550743781 0.005328280784437875 
0 4 5 1 0.1360352144032387 0.1268007352006602 
0 2 5 1 0.2032319074131936 0.119770662001179 
0.5 0.5 -0.5 1 0.2128387972404555 -0.1925591309041587 
0.5 0.5 6 1 0.2464254831787526 0.1734096419915994 
10.5 0.5 -0.5 1 -0.3687531393858997 -0.3026451636342424 
10.5 0.5 6 1 -0.3751778669417328 0.2114371199193104 
10.5 10.5 -0.5 1 -0.462062205769504 -0.1022826526592548 
10.5 10.5 6 1 -0.4709127083276121 0.2084666089036992 
0.5 10.5 -0.5 1 -0.04791378714658214 -0.06600027868325353 
0.5 10.5 6 1 -0.03689320757412664 0.183694192591098 
0.5 5.5 9.5 1 0.08742342574480931 0.3526810559011815 
10.5 5.5 9.5 1 -0.4408811293423354 0.4411651360803344 
0.5 6.5 -0.5 1 0.03351299163556101 -0.1055215731200418 
0.5 8.5 -0.5 1 -0.009973927394821298 -0.08441476579137693 
0.5 8.5 4.5 1 0.0003618328080751201 0.118501086330716 
0.5 6.5 4.5 1 0.0462991855811658 0.1119877936317615 
0.5 2.5 2 1 0.1526123233539041 -0.03436228791395912 
0.5 4.5 2 1 0.09165953435870305 -0.01515614542261569 
0.5 4.5 4.5 1 0.09978297948489875 0.1044045180767618 
0.5 2.5 4.5 1 0.1628391819976616 0.09546400499411055 
