0 0 0 1 0.2581070697069519 -0.04789114709322667 
0 0 6.5 1 0.2799049632420726 0.3321578610670769 
10 0 0 1 -0.261675311577423 -0.1818790984695828 
10 0 6.5 1 -0.2917221739169447 0.41537244134454 
10 10 0 1 -0.4973212403304419 -0.02929753866330132 
10 10 6.5 1 -0.5318201345636229 0.3272893702342629 
0 10 0 1 -0.07212569076779139 0.02712490572466798 
0 10 6.5 1 -0.07478975685555847 0.2930734082989302 
0 5 10 1 0.07319089921247704 0.494531285473347 
10 5 10 1 -0.4658032374935014 0.6358130018715733 
0 6 0 1 0.0334591719083424 0.003140127158494254 
0 8 0 1 -0.02264327768000633 0.01588442398562482 
0 8 5 1 -0.02265444483897976 0.2306945395063364 
0 6 5 1 0.03605004852395062 0.2323948860422509 
0 2 2.5 1 0.1767554332326073 0.100707737129498 
0 4 2.5 1 0.1005254959082505 0.1084692109250339 
0 4 5 1 0.1035912694196966 0.2343511840086011 
0 2 5 1 0.1821268892664343 0.2366259292879228 
0.5 0.5 -0.5 1 0.2166956697978226 -0.07380000424935887 
0.5 0.5 6 1 0.2351010603537451 0.3006890159125634 
10.5 0.5 -0.5 1 -0.3184667881443471 -0.2199750713602734 
10.5 0.5 6 1 -0.3550844595190397 0.3635635708352254 
10.5 10.5 -0.5 1 -0.5300494861263654 -0.0537945009141658 
10.5 10.5 6 1 -0.5666021654987808 0.2978997604877051 
0.5 10.5 -0.5 1 -0.09936279025441121 0.008350166863365233 
0.5 10.5 6 1 -0.1034589364636853 0.2715750339986863 
0.5 5.5 9.5 1 0.03692360365562485 0.4666169790255731 
10.5 5.5 9.5 1 -0.5128059975509801 0.5931495695833573 
0.5 6.5 -0.5 1 0.00186710182281332 -0.01796158873555855 
0.5 8.5 -0.5 1 -0.0519005805720807 -0.003986249146973696 
0.5 8.5 4.5 1 -0.05317158946933983 0.2085026925665223 
0.5 6.5 4.5 1 0.002984081569122083 0.2086486203192217 
0.5 2.5 2 1 0.1381916335166495 0.07493400042342965 
0.5 4.5 2 1 0.06535516747588067 0.08451424275849585 
0.5 4.5 4.5 1 0.06752652745427694 0.2088163421878695 
0.5 2.5 4.5 1 0.1424862014524818 0.2090111345671138 
