0 0 0 1 0.2569726234110472 -0.06696157064929022 
0 0 6.5 1 0.2537932407758995 0.3012220422955149 
10 0 0 1 -0.1430718195826484 -0.2701764468390699 
10 0 6.5 1 -0.1950448605404503 0.370876564229681 
10 10 0 1 -0.555098498456417 -0.1316399241593783 
10 10 6.5 1 -0.6153926540061858 0.2661527548234486 
0 10 0 1 -0.1274882880535361 -0.02326775858137875 
0 10 6.5 1 -0.1479109044567165 0.2492898859744648 
0 5 10 1 0.01366644869961146 0.4544444480526233 
10 5 10 1 -0.4944776094554239 0.6071641784169854 
0 6 0 1 0.0002790389922161298 -0.0377884586314559 
0 8 0 1 -0.06701489439608539 -0.03014053294876952 
0 8 5 1 -0.08113199764902708 0.1884981033015614 
0 6 5 1 -0.01197435305704307 0.193367106478958 
0 2 2.5 1 0.1572941294055627 0.07163083796931125 
0 4 2.5 1 0.07081061885941985 0.07369573487847354 
0 4 5 1 0.06580067693824397 0.1988428115930253 
0 2 5 1 0.1539107607576276 0.2050461500758253 
0.5 0.5 -0.5 1 0.2198604309146654 -0.09653605541116973 
0.5 0.5 6 1 0.2143084471502177 0.26950368542959 
10.5 0.5 -0.5 1 -0.2064899532357324 -0.3208416240738542 
10.5 0.5 6 1 -0.2657193953965907 0.3135733446406902 
10.5 10.5 -0.5 1 -0.5948578092159176 -0.1637300854386851 
10.5 10.5 6 1 -0.6578868293384427 0.231522128146559 
0.5 10.5 -0.5 1 -0.1550170111075607 -0.04537301191537179 
0.5 10.5 6 1 -0.1767238025005869 0.2260084537204553 
0.5 5.5 9.5 1 -0.02064559414182717 0.4266751377411617 
10.5 5.5 9.5 1 -0.5501286355235498 0.5615749402249957 
0.5 6.5 -0.5 1 -0.03042101531365035 -0.06237779704679652 
0.5 8.5 -0.5 1 -0.09604295735361568 -0.05342175462194874 
0.5 8.5 4.5 1 -0.1112488466713506 0.1642231698449669 
0.5 6.5 4.5 1 -0.04389488747119336 0.1676665730204567 
0.5 2.5 2 1 0.1218311606618439 0.04323666333833429 
0.5 4.5 2 1 0.03755976199453124 0.04703159554038219 
0.5 4.5 4.5 1 0.0318467644510923 0.1715387885196375 
0.5 2.5 4.5 1 0.117646943409405 0.1759252360602293 
