0 0 0 1 0.3902249788604177 -0.4869639656759534 
0 0 6.5 1 0.3222030950650127 0.08103348698387716 
10 0 0 1 -0.2515541054020763 -0.4144574138529877 
10 0 6.5 1 -0.2679914890742456 -0.01993791399061766 
10 10 0 1 0.04594480909394215 -0.3010183647822517 
10 10 6.5 1 0.02525306548600451 -0.04065702415506676 
0 10 0 1 0.4887430163618306 -0.3126582274901015 
0 10 6.5 1 0.4448355661497522 0.01337466461832513 
0 5 10 1 0.3728986042525481 0.2443012931104436 
10 5 10 1 -0.1025519857819446 0.126631126144687 
0 6 0 1 0.4616512046442946 -0.3605911579461055 
0 8 0 1 0.4764750871056957 -0.334363597585113 
0 8 5 1 0.4396973006636314 -0.05737929048817147 
0 6 5 1 0.4217504464517205 -0.0548525151775423 
0 2 2.5 1 0.3957469008899703 -0.2361344437104571 
0 4 2.5 1 0.4211231940734115 -0.2186644547099274 
0 4 5 1 0.3998057748143325 -0.05176287875221174 
0 2 5 1 0.3723600315390416 -0.04789873489329263 
0.5 0.5 -0.5 1 0.3593922094618357 -0.5119341668158357 
0.5 0.5 6 1 0.2967236359921177 0.03001826234288044 
10.5 0.5 -0.5 1 -0.2496916583948335 -0.4344979903534949 
10.5 0.5 6 1 -0.2656465658056832 -0.05271705879291268 
10.5 10.5 -0.5 1 0.03997203414215976 -0.3171255061347283 
10.5 10.5 6 1 0.01995605968855672 -0.06236452049946793 
0.5 10.5 -0.5 1 0.4678033283080995 -0.3324885686374762 
0.5 10.5 6 1 0.426005263738819 -0.01518691726901698 
0.5 5.5 9.5 1 0.3525094899983449 0.2012812401932662 
10.5 5.5 9.5 1 -0.1052357991607693 0.09667190867924096 
0.5 6.5 -0.5 1 0.4374965155396477 -0.3826533875600306 
0.5 8.5 -0.5 1 0.4540321524171693 -0.3552830653797494 
0.5 8.5 4.5 1 0.419182746306574 -0.0864775967700733 
0.5 6.5 4.5 1 0.3998830771652828 -0.08685328598867212 
0.5 2.5 2 1 0.3691663237067553 -0.2686460111482544 
0.5 4.5 2 1 0.3964389344358007 -0.2483176587423017 
0.5 4.5 4.5 1 0.3764515311744337 -0.08730940672003905 
0.5 2.5 4.5 1 0.3474021497873185 -0.08787488477638332 
