-0.1939314517183022 -0.01232355052410591 -0.2112627481676195 0.2494662016311879 
0.1973817332943593 -0.001220700042587994 0.1999974720204619 0.2611351219851564 
0.3240141762928619 -0.1231260414703291 0.3392306068413987 0.3065573074239544 
-0.3115370768993335 -0.1411586557697958 -0.3506672683798884 0.2869824140220986 
-0.1939314517183022 -0.01232355052410591 0.1973817332943593 -0.001220700042587994 
0.1973817332943593 -0.001220700042587994 0.3240141762928619 -0.1231260414703291 
0.3240141762928619 -0.1231260414703291 -0.3115370768993335 -0.1411586557697958 
-0.3115370768993335 -0.1411586557697958 -0.1939314517183022 -0.01232355052410591 
-0.2112627481676195 0.2494662016311879 -0.2779094640705226 0.4562259427266282 
-0.2779094640705226 0.4562259427266282 -0.3506672683798884 0.2869824140220986 
0.1999974720204619 0.2611351219851564 0.2557713063068465 0.4713684809360533 
0.2557713063068465 0.4713684809360533 0.3392306068413987 0.3065573074239544 
-0.2779094640705226 0.4562259427266282 0.2557713063068465 0.4713684809360533 
-0.2112627481676195 0.2494662016311879 0.1999974720204619 0.2611351219851564 
-0.3506672683798884 0.2869824140220986 0.3392306068413987 0.3065573074239544 
-0.2503975168396372 -0.07418123319463288 -0.2775747631029528 -0.1039534773133354 
-0.2775747631029528 -0.1039534773133354 -0.3016963689149427 0.183248536392679 
-0.3016963689149427 0.183248536392679 -0.2706018121361243 0.1843870547702237 
-0.2706018121361243 0.1843870547702237 -0.2503975168396372 -0.07418123319463288 
-0.216955218493244 0.07605788164421706 -0.2365916877085709 0.065096370522699 
-0.2365916877085709 0.065096370522699 -0.2454156956583691 0.1853092372818728 
-0.2454156956583691 0.1853092372818728 -0.2246000934558612 0.1860713946528812 
-0.2246000934558612 0.1860713946528812 -0.216955218493244 0.07605788164421706 
