0 0 0 1 0.2746444628018516 -0.2186946088874467 
0 0 6.5 1 0.2499285551012268 0.1312378253688773 
10 0 0 1 0.04843961210599616 -0.5295209387513675 
10 0 6.5 1 -0.01229528573301985 0.1325724837389268 
10 10 0 1 -0.5724170362487516 -0.3874094297700966 
10 10 6.5 1 -0.6359925543542572 0.05780374654877467 
0 10 0 1 -0.1582210577649421 -0.1927734772946265 
0 10 6.5 1 -0.1877937317683185 0.0855276229805596 
0 5 10 1 -0.009825270570025628 0.2793738787605823 
10 5 10 1 -0.4245798129899857 0.3946448975686062 
0 6 0 1 -0.007875689410755482 -0.2017765553692605 
0 8 0 1 -0.08620933926216427 -0.1970857293517816 
0 8 5 1 -0.1084844784653668 0.02490103180278739 
0 6 5 1 -0.02964506702452004 0.03005126208028285 
0 2 2.5 1 0.1614466149185558 -0.08664679156144538 
0 4 2.5 1 0.06721940672230171 -0.08681253476435305 
0 4 5 1 0.05657877572376498 0.03568388461574419 
0 2 5 1 0.1512755100705831 0.0418700037089702 
0.5 0.5 -0.5 1 0.2431235931419703 -0.2517349767044121 
0.5 0.5 6 1 0.2172606504557004 0.100416035684778 
10.5 0.5 -0.5 1 -0.0154820160235238 -0.5977670950337027 
10.5 0.5 6 1 -0.08096263487287735 0.07222057936405789 
10.5 10.5 -0.5 1 -0.622470053785855 -0.4317153232660429 
10.5 10.5 6 1 -0.6886884826587458 0.01706375199610607 
0.5 10.5 -0.5 1 -0.1863875618170904 -0.2189178951084631 
0.5 10.5 6 1 -0.2168261019592842 0.06078389813653293 
0.5 5.5 9.5 1 -0.04123086542731378 0.25295157551555 
10.5 5.5 9.5 1 -0.4865746785319386 0.3492370146729256 
0.5 6.5 -0.5 1 -0.03738077557087215 -0.2303028563746224 
0.5 8.5 -0.5 1 -0.1150400016351126 -0.2243692522551408 
0.5 8.5 4.5 1 -0.1380149748754285 -0.001226430666896461 
0.5 6.5 4.5 1 -0.05989062158386629 0.002786062657363794 
0.5 2.5 2 1 0.1301775830326462 -0.1172915434294406 
0.5 4.5 2 1 0.03664823442571517 -0.1160262181454452 
0.5 4.5 4.5 1 0.02561109751033948 0.007177459995373246 
0.5 2.5 4.5 1 0.1195869454087313 0.0120040914674666 
