0 0 0 1 0.09664976124659501 -0.4090881985543403 
0 0 6.5 1 0.1112611457707277 -0.1279534991488578 
10 0 0 1 0.5659175749580638 -0.5601721298062206 
10 0 6.5 1 0.5607990300973169 -0.1478166245688981 
10 10 0 1 0.1778091166757763 -0.8010405965721948 
10 10 6.5 1 0.2049712657601925 -0.09923140866657652 
0 10 0 1 -0.3066806827024483 -0.4832828829855195 
0 10 6.5 1 -0.2650537021295786 -0.09222054975287834 
0 5 10 1 -0.03476740013073452 0.05134192665524486 
10 5 10 1 0.4281495724198823 0.1214997510092546 
0 6 0 1 -0.1121008915779663 -0.4474889417748985 
0 8 0 1 -0.2022146038777877 -0.4640658170078825 
0 8 5 1 -0.1761248411265624 -0.1818403184494729 
0 6 5 1 -0.0909856268910853 -0.1845493586682267 
0 2 2.5 1 0.04255940884399241 -0.3028098627768233 
0 4 2.5 1 -0.02484945441191006 -0.3078674875622366 
0 4 5 1 -0.01642176139386012 -0.1869219024168576 
0 2 5 1 0.04942192260565587 -0.1890169791650675 
0.5 0.5 -0.5 1 0.0971148171692052 -0.4404428959736401 
0.5 0.5 6 1 0.1121885662691259 -0.1487997167229789 
10.5 0.5 -0.5 1 0.590522181779501 -0.6144694563246094 
10.5 0.5 6 1 0.5837231602346112 -0.1791596867109891 
10.5 10.5 -0.5 1 0.1863940951199776 -0.9194417536246003 
10.5 10.5 6 1 0.214922043224867 -0.1485890029522506 
0.5 10.5 -0.5 1 -0.3256255678513246 -0.5313352971186565 
0.5 10.5 6 1 -0.281031510814018 -0.1196452348883723 
0.5 5.5 9.5 1 -0.03917507651371073 0.03436283238445351 
10.5 5.5 9.5 1 0.4482135222013306 0.09918126729272066 
0.5 6.5 -0.5 1 -0.1202303952925389 -0.4871737713241517 
0.5 8.5 -0.5 1 -0.2150131086568234 -0.5075527762879223 
0.5 8.5 4.5 1 -0.1872849713344583 -0.2114260862799191 
0.5 6.5 4.5 1 -0.0979639899601302 -0.2122060548376371 
0.5 2.5 2 1 0.04110749918870434 -0.3317619186754608 
0.5 4.5 2 1 -0.02896991372725909 -0.3389114462741702 
0.5 4.5 4.5 1 -0.02015390183340295 -0.2128855079882667 
0.5 2.5 4.5 1 0.04823572701785809 -0.2134826998166283 
