0 0 0 1 -0.5499184362125586 -0.4525482137787944 
0 0 6.5 1 -0.5283118956999028 -0.06715896376049409 
10 0 0 1 -0.08325183327615839 -0.3626852542033365 
10 0 6.5 1 -0.08982200537276888 -0.08750232628331771 
10 10 0 1 0.2971399422550331 -0.4222726463759572 
10 10 6.5 1 0.2625205703045841 -0.03255170490075467 
0 10 0 1 -0.2442325766231535 -0.6199249463867195 
0 10 6.5 1 -0.2417217894455504 0.03552696560061899 
0 5 10 1 -0.4118967739188057 0.2013301999453385 
10 5 10 1 0.04879517496358263 0.09464113750309545 
0 6 0 1 -0.4081011301286345 -0.5301995560799021 
0 8 0 1 -0.336645603282298 -0.5693246651915315 
0 8 5 1 -0.327912223989387 -0.1171285080052839 
0 6 5 1 -0.3954600942104073 -0.1284566879373572 
0 2 2.5 1 -0.5030528809816093 -0.304699952678536 
0 4 2.5 1 -0.4573113634473369 -0.3126321421139553 
0 4 5 1 -0.4500907313893533 -0.1376185709951346 
0 2 5 1 -0.4951860331842941 -0.1451813215474869 
0.5 0.5 -0.5 1 -0.5098280314596281 -0.4829822932724208 
0.5 0.5 6 1 -0.4907440831060574 -0.093307238879827 
10.5 0.5 -0.5 1 -0.05268977341051586 -0.3838933979654449 
10.5 0.5 6 1 -0.06075061457443871 -0.1065199629956632 
10.5 10.5 -0.5 1 0.3433902973987539 -0.4530531881219554 
10.5 10.5 6 1 0.3054552801877934 -0.0589260913277251 
0.5 10.5 -0.5 1 -0.1710598841257295 -0.674761374892508 
0.5 10.5 6 1 -0.176553591120844 -0.006872371868591274 
0.5 5.5 9.5 1 -0.3661815783381094 0.1719756804580474 
10.5 5.5 9.5 1 0.08243299469859516 0.07395789766939788 
0.5 6.5 -0.5 1 -0.3530539672712811 -0.5717332171373377 
0.5 8.5 -0.5 1 -0.273806239049861 -0.6165959253299195 
0.5 8.5 4.5 1 -0.2697883407227412 -0.1567921356718058 
0.5 6.5 4.5 1 -0.3440640460450288 -0.1639833261727521 
0.5 2.5 2 1 -0.4601833742672395 -0.3360135668648378 
0.5 4.5 2 1 -0.4098451750313779 -0.3471154972622604 
0.5 4.5 4.5 1 -0.4040344479064696 -0.1697895124934699 
0.5 2.5 4.5 1 -0.4534692718888003 -0.1745756701623222 
