0 0 0 1 0.4040510101858064 -0.5696248872629177 
0 0 6.5 1 0.3514256366267078 -0.02878365601860792 
10 0 0 1 -0.29385456366915 -0.5016398208081181 
10 0 6.5 1 -0.2835337193067675 -0.08039553198340098 
10 10 0 1 -0.03602822056687045 -0.3820529885632802 
10 10 6.5 1 -0.04170910881476245 -0.1163172964707289 
0 10 0 1 0.4007761584878164 -0.4003904259582406 
0 10 6.5 1 0.3700028279273643 -0.0916365541375561 
0 5 10 1 0.3443743495726221 0.121401895443209 
10 5 10 1 -0.1370320410402364 0.0580052850121775 
0 6 0 1 0.4016711029526426 -0.4466384574325923 
0 8 0 1 0.4011808903173592 -0.4213057465474364 
0 8 5 1 0.3750010956530527 -0.1578459340243023 
0 6 5 1 0.3728444957430677 -0.155485761092078 
0 2 2.5 1 0.3843735179668469 -0.327152791310441 
0 4 2.5 1 0.3857673073643 -0.3104556562940267 
0 4 5 1 0.3702079518418027 -0.1526003396833245 
0 2 5 1 0.3669111893380188 -0.1489923781001966 
0.5 0.5 -0.5 1 0.3647691520583572 -0.5949903455076943 
0.5 0.5 6 1 0.3177786479303666 -0.07325396364141372 
10.5 0.5 -0.5 1 -0.3008051716978075 -0.5237024570195646 
10.5 0.5 6 1 -0.290309246911569 -0.114120019766655 
10.5 10.5 -0.5 1 -0.04598300042345381 -0.3986250167971663 
10.5 10.5 6 1 -0.05108107892908613 -0.1375593552969969 
0.5 10.5 -0.5 1 0.3782723371148787 -0.4192074464856039 
0.5 10.5 6 1 0.3494440516291494 -0.1167406319298797 
0.5 5.5 9.5 1 0.3202799717454224 0.0849999795085206 
10.5 5.5 9.5 1 -0.1457483649641062 0.02884822914288286 
0.5 6.5 -0.5 1 0.3745306510430423 -0.4679162823776465 
0.5 8.5 -0.5 1 0.3765753034780037 -0.4412992338068337 
0.5 8.5 4.5 1 0.3522067068494346 -0.1837938876305683 
0.5 6.5 4.5 1 0.3478947102860803 -0.1840251065127227 
0.5 2.5 2 1 0.3519764275167621 -0.3574312943111497 
0.5 4.5 2 1 0.3569154909570546 -0.3379227466035187 
0.5 4.5 4.5 1 0.3426535149311942 -0.1843061511084926 
0.5 2.5 4.5 1 0.3361464995484281 -0.1846550718000698 
