0 0 0 1 -0.5809437361816262 -0.4688175750320702 
0 0 6.5 1 -0.5482590588872641 -0.06686980780456847 
10 0 0 1 -0.1058523194532811 -0.377377794430327 
10 0 6.5 1 -0.1069918784217982 -0.09757650447015423 
10 10 0 1 0.2905111741927765 -0.440100787511501 
10 10 6.5 1 0.2610310488337386 -0.05004110497939517 
0 10 0 1 -0.2226462196378436 -0.6451688811218754 
0 10 6.5 1 -0.2115050326203074 0.03218076861433519 
0 5 10 1 -0.4069402471495711 0.2066653874344786 
10 5 10 1 0.04231626053958802 0.08237744138525194 
0 6 0 1 -0.4139368619034775 -0.5510170853413427 
0 8 0 1 -0.330303158718785 -0.5921809564505229 
0 8 5 1 -0.3136273276805855 -0.122655762545967 
0 6 5 1 -0.3927975072025951 -0.13304813051944 
0 2 2.5 1 -0.5225524853822867 -0.3144375690658847 
0 4 2.5 1 -0.4685506190912393 -0.3232739275577712 
0 4 5 1 -0.457139971640013 -0.1414941208000083 
0 2 5 1 -0.5104636413565297 -0.1484937158588514 
0.5 0.5 -0.5 1 -0.5387035556793368 -0.5008155252659551 
0.5 0.5 6 1 -0.508940195581748 -0.09481435375473854 
10.5 0.5 -0.5 1 -0.07513725400683537 -0.3991948948377486 
10.5 0.5 6 1 -0.07785425553029104 -0.1174225748806808 
10.5 10.5 -0.5 1 0.3355759491762214 -0.4711200154827457 
10.5 10.5 6 1 0.3027852712604647 -0.07722605656038305 
0.5 10.5 -0.5 1 -0.1469575834883633 -0.7017427395093517 
0.5 10.5 6 1 -0.1447252428596725 -0.01289016401906559 
0.5 5.5 9.5 1 -0.3596487547044915 0.1749650002856162 
10.5 5.5 9.5 1 0.07556860003572685 0.06069362738272046 
0.5 6.5 -0.5 1 -0.3564319976137486 -0.5943029354698015 
0.5 8.5 -0.5 1 -0.2649403212165531 -0.6412291809705087 
0.5 8.5 4.5 1 -0.2535840969765852 -0.1646168820380019 
0.5 6.5 4.5 1 -0.3394491761631183 -0.1707086818939829 
0.5 2.5 2 1 -0.4776179609312704 -0.3475003146719775 
0.5 4.5 2 1 -0.4189474956629881 -0.3596051530275724 
0.5 4.5 4.5 1 -0.4091488357225229 -0.1756536068866393 
0.5 2.5 4.5 1 -0.4668554057516926 -0.1797476679219663 
