0 0 0 1 -0.0439004927510205 -0.04456529969721169 
0 0 6.5 1 -0.02521314283288783 0.2071010618291577 
10 0 0 1 0.3583732758302858 -0.1042199953925307 
10 0 6.5 1 0.3948661531302651 0.1875278960054398 
10 10 0 1 0.3244334185055986 -0.2394706953556729 
10 10 6.5 1 0.3856496812769639 0.2585479721130544 
0 10 0 1 -0.2891729540754067 -0.1182893727504502 
0 10 6.5 1 -0.271854402638554 0.2732488522787748 
0 5 10 1 -0.1102452900718201 0.4077014992379513 
10 5 10 1 0.4179196342125729 0.4260650460957164 
0 6 0 1 -0.1647838896468788 -0.08090046890272337 
0 8 0 1 -0.2208806925597184 -0.09776206344810383 
0 8 5 1 -0.2067542114426265 0.1705631023757955 
0 6 5 1 -0.1502503799128552 0.1632503635566503 
0 2 2.5 1 -0.07093026937562424 0.04728411557359077 
0 4 2.5 1 -0.1106761127156763 0.0436447364987332 
0 4 5 1 -0.1032678457754098 0.1571698732269337 
0 2 5 1 -0.06358700877336829 0.1520343702129814 
0.5 0.5 -0.5 1 -0.03574890196673473 -0.06883317855628847 
0.5 0.5 6 1 -0.01636227882357364 0.1879672089652074 
10.5 0.5 -0.5 1 0.3785561341111106 -0.1341067521322057 
10.5 0.5 6 1 0.4168099271279317 0.1645539715297905 
10.5 10.5 -0.5 1 0.3576799196197289 -0.2971905231454 
10.5 10.5 6 1 0.4240908948119099 0.2212967906639759 
0.5 10.5 -0.5 1 -0.2851555536828615 -0.1588375959793374 
0.5 10.5 6 1 -0.2669855270393748 0.2452702029405158 
0.5 5.5 9.5 1 -0.1016450100574739 0.3896036754898595 
10.5 5.5 9.5 1 0.4475523329220733 0.4045328163987545 
0.5 6.5 -0.5 1 -0.1578941786304693 -0.1129122533983237 
0.5 8.5 -0.5 1 -0.2150869294565115 -0.1335516396516563 
0.5 8.5 4.5 1 -0.2002927365349382 0.1424080142777182 
0.5 6.5 4.5 1 -0.1427097021437925 0.1375443270501738 
0.5 2.5 2 1 -0.06270317139883447 0.02307411111737765 
0.5 4.5 2 1 -0.1028184479015909 0.01727063033629959 
0.5 4.5 4.5 1 -0.09509514794393388 0.1335226164620516 
0.5 2.5 4.5 1 -0.05506674392005058 0.1301416616470014 
