0 0 0 1 -0.3296835444092794 -0.232999661499272 
0 0 6.5 1 -0.3615947693593675 0.0527562765945969 
10 0 0 1 0.07212150889484503 -0.1625533773735069 
10 0 6.5 1 0.04808033807605245 0.08637588153010076 
10 10 0 1 0.3173620011828582 -0.2548735006237646 
10 10 6.5 1 0.2830849178236357 0.1353436424382745 
0 10 0 1 -0.3067039190886438 -0.3988246796328837 
0 10 6.5 1 -0.3612316705779016 0.0901819690204904 
0 5 10 1 -0.3835888862720022 0.2647604127510376 
10 5 10 1 0.1239023970499524 0.2719175191103057 
0 6 0 1 -0.3189418404342813 -0.3105136867101357 
0 8 0 1 -0.3135827324211374 -0.3491859527310067 
0 8 5 1 -0.3501856494209722 -0.0210764977168426 
0 6 5 1 -0.3515157279526619 -0.01862184498064051 
0 2 2.5 1 -0.3400404359271975 -0.1351356516355619 
0 4 2.5 1 -0.3378356696728816 -0.1487339640780588 
0 4 5 1 -0.3525786144889896 -0.01666029362671058 
0 2 5 1 -0.3534474723879487 -0.01505682107359643 
0.5 0.5 -0.5 1 -0.3031606190354247 -0.2558394325061135 
0.5 0.5 6 1 -0.3351955830348101 0.03331954948739188 
10.5 0.5 -0.5 1 0.09956770836577311 -0.1816199483653865 
10.5 0.5 6 1 0.07551489735434715 0.06988843024845724 
10.5 10.5 -0.5 1 0.3648128773137025 -0.2864891086785305 
10.5 10.5 6 1 0.3306316438579616 0.1101026157163994 
0.5 10.5 -0.5 1 -0.2604680795816854 -0.4418200012460969 
0.5 10.5 6 1 -0.3153462682971843 0.05723433197146949 
0.5 5.5 9.5 1 -0.3501875241461145 0.2433643458347871 
10.5 5.5 9.5 1 0.1587712113108928 0.2541177100029162 
0.5 6.5 -0.5 1 -0.2832997664221696 -0.3423588270405288 
0.5 8.5 -0.5 1 -0.2733285065222146 -0.3857964067904347 
0.5 8.5 4.5 1 -0.3101368109105784 -0.05182295486992176 
0.5 6.5 4.5 1 -0.3160376694993187 -0.04583473456384411 
0.5 2.5 2 1 -0.3110990172080121 -0.1588263322298277 
0.5 4.5 2 1 -0.3059236250557406 -0.1750362140682596 
0.5 4.5 4.5 1 -0.3207349670863933 -0.0410678938792896 
0.5 2.5 4.5 1 -0.3245628508691425 -0.03718333859763907 
