0 0 0 1 -0.07100530485374743 -0.0361532239659491 
0 0 6.5 1 -0.05792370554178234 0.2153117751683867 
10 0 0 1 0.3258766037594949 -0.08609512007329184 
10 0 6.5 1 0.3585466316814156 0.1963069782920722 
10 10 0 1 0.325497520648612 -0.236458365825988 
10 10 6.5 1 0.3819029512835044 0.2396791222199939 
0 10 0 1 -0.2924250683286883 -0.1324417054800872 
0 10 6.5 1 -0.2856126697799778 0.2618903365707077 
0 5 10 1 -0.1388855113213144 0.4113954636037216 
10 5 10 1 0.3914050409483449 0.4203753626020457 
0 6 0 1 -0.1796470121145379 -0.08339808078031803 
0 8 0 1 -0.2303829418736456 -0.1054615387031486 
0 8 5 1 -0.2230914900449606 0.1634025271935779 
0 6 5 1 -0.1710715271712286 0.1608731339158212 
0 2 2.5 1 -0.09683426576515666 0.05211228415893141 
0 4 2.5 1 -0.132798212951224 0.04492665962913239 
0 4 5 1 -0.1280485815556538 0.158781207212731 
0 2 5 1 -0.09187433821223505 0.1570222884652711 
0.5 0.5 -0.5 1 -0.06126372173877266 -0.06056783938688217 
0.5 0.5 6 1 -0.04750067242873771 0.1953967088182228 
10.5 0.5 -0.5 1 0.3462828919026211 -0.1148494651987933 
10.5 0.5 6 1 0.3807040226921796 0.1732274992077793 
10.5 10.5 -0.5 1 0.3602172845806496 -0.291468673841445 
10.5 10.5 6 1 0.4218996127893019 0.2009704829633049 
0.5 10.5 -0.5 1 -0.2843976968268928 -0.1740912328441517 
0.5 10.5 6 1 -0.276819165201884 0.2314032913636878 
0.5 5.5 9.5 1 -0.1279027980983988 0.3915580339499154 
10.5 5.5 9.5 1 0.4216554565385362 0.3972983229194665 
0.5 6.5 -0.5 1 -0.1700908189919292 -0.1159355680145088 
0.5 8.5 -0.5 1 -0.2213446394042934 -0.1420118641884249 
0.5 8.5 4.5 1 -0.2134269100716352 0.1335576528313853 
0.5 6.5 4.5 1 -0.1608933932536579 0.1338617235340897 
0.5 2.5 2 1 -0.08674621022716031 0.02737085599401765 
0.5 4.5 2 1 -0.1227312503696579 0.01785069522484307 
0.5 4.5 4.5 1 -0.1176771503887069 0.1341118646655453 
0.5 2.5 4.5 1 -0.08150134134690143 0.1343212548671257 
