0.3926282804081058 -0.664284802037644 0.3565371828576701 -0.1296846342486304 
-0.3290768361492679 -0.5830477236395299 -0.3014492921676752 -0.1394267120503901 
-0.09395731606189506 -0.4347430184242397 -0.08846759968275955 -0.1631647389966617 
0.3403288348498723 -0.4631959869055119 0.3220380271008026 -0.1600540364198927 
0.3926282804081058 -0.664284802037644 -0.3290768361492679 -0.5830477236395299 
-0.3290768361492679 -0.5830477236395299 -0.09395731606189506 -0.4347430184242397 
-0.09395731606189506 -0.4347430184242397 0.3403288348498723 -0.4631959869055119 
0.3403288348498723 -0.4631959869055119 0.3926282804081058 -0.664284802037644 
0.3565371828576701 -0.1296846342486304 0.3230688871816916 0.03767964275579139 
0.3230688871816916 0.03767964275579139 0.3220380271008026 -0.1600540364198927 
-0.3014492921676752 -0.1394267120503901 -0.1647182039013204 0.01064102738494037 
-0.1647182039013204 0.01064102738494037 -0.08846759968275955 -0.1631647389966617 
0.3230688871816916 0.03767964275579139 -0.1647182039013204 0.01064102738494037 
0.3565371828576701 -0.1296846342486304 -0.3014492921676752 -0.1394267120503901 
0.3220380271008026 -0.1600540364198927 -0.08846759968275955 -0.1631647389966617 
0.3546137846312447 -0.518120921483637 0.3467884123119364 -0.4880327469177067 
0.3467884123119364 -0.4880327469177067 0.3309276113432523 -0.2290900941487876 
0.3309276113432523 -0.2290900941487876 0.3367532286294881 -0.2316607012569954 
0.3367532286294881 -0.2316607012569954 0.3546137846312447 -0.518120921483637 
0.3642672325657452 -0.4144403126954705 0.3537757004190067 -0.3902450313941208 
0.3537757004190067 -0.3902450313941208 0.3438758071171559 -0.2348036044017706 
0.3438758071171559 -0.2348036044017706 0.3527827132194483 -0.2387338584870827 
0.3527827132194483 -0.2387338584870827 0.3642672325657452 -0.4144403126954705 
