0 0 0 1 0.1482233979744742 -0.4139363446340547 
0 0 6.5 1 0.1502339522669833 -0.121597545888651 
10 0 0 1 0.6355990547980513 -0.5552710646771131 
10 0 6.5 1 0.600601172240688 -0.09948524546731759 
10 10 0 1 0.1038881369752417 -0.758768668604852 
10 10 6.5 1 0.1141141946031704 -0.01906152704462756 
0 10 0 1 -0.2904109046771684 -0.4719040319680869 
0 10 6.5 1 -0.2582199156010929 -0.08426370265200425 
0 5 10 1 -0.019881288415167 0.05841986957975186 
10 5 10 1 0.4002481615892742 0.1931256871509601 
0 6 0 1 -0.08384004144074984 -0.4446046731627639 
0 8 0 1 -0.1806358491078839 -0.4573967167402352 
0 8 5 1 -0.1624184886766225 -0.1733100899145757 
0 6 5 1 -0.07117065953458945 -0.177125576568428 
0 2 2.5 1 0.08137076932018393 -0.3007705150930641 
0 4 2.5 1 0.006338118491661941 -0.3040306143739172 
0 4 5 1 0.01034111153604225 -0.1805339543630137 
0 2 5 1 0.08359614587568692 -0.1835970804502693 
0.5 0.5 -0.5 1 0.1471640735766019 -0.4454202150520141 
0.5 0.5 6 1 0.149299447662876 -0.1414366410211111 
10.5 0.5 -0.5 1 0.6619679172711509 -0.6137220991333306 
10.5 0.5 6 1 0.622952802464562 -0.1290455315704145 
10.5 10.5 -0.5 1 0.09662244763431609 -0.8788508780176234 
10.5 10.5 6 1 0.1086879480454086 -0.05998346177794297 
0.5 10.5 -0.5 1 -0.3132020188082975 -0.5172786824814252 
0.5 10.5 6 1 -0.2779488744093438 -0.1088960518933202 
0.5 5.5 9.5 1 -0.02732340833303927 0.04329174213625588 
10.5 5.5 9.5 1 0.414031357307291 0.1766086319880049 
0.5 6.5 -0.5 1 -0.09500249742290627 -0.4832199551773387 
0.5 8.5 -0.5 1 -0.196935433125093 -0.4991306502986809 
0.5 8.5 4.5 1 -0.1770904123882153 -0.2006315469729599 
0.5 6.5 4.5 1 -0.08127595142898025 -0.2029997366668764 
0.5 2.5 2 1 0.0777938305136989 -0.3290382175902241 
0.5 4.5 2 1 -0.0003880280485953685 -0.3340290578206032 
0.5 4.5 4.5 1 0.003922960490253977 -0.2051055480769711 
0.5 2.5 4.5 1 0.08017791242534546 -0.2069902968870658 
