0 0 0 1 0.1689485064125676 -0.403386059029436 
0 0 6.5 1 0.1650863125814015 -0.1078721857457197 
10 0 0 1 0.6588031145619998 -0.5354552646400078 
10 0 6.5 1 0.6113117393566363 -0.06412918888867469 
10 10 0 1 0.06399829579222091 -0.7201649661990214 
10 10 6.5 1 0.06838682104314668 0.02376464907650204 
0 10 0 1 -0.2819704551536972 -0.4563137159256607 
0 10 6.5 1 -0.2554230900054779 -0.07285915135082473 
0 5 10 1 -0.01521239666444097 0.07080725631690551 
10 5 10 1 0.3809237152057738 0.2349575199185838 
0 6 0 1 -0.07205683803372052 -0.43167461921041 
0 8 0 1 -0.1709516457510219 -0.4432826261868703 
0 8 5 1 -0.157066094588483 -0.1605772082109738 
0 6 5 1 -0.06373435675958872 -0.1642184137726915 
0 2 2.5 1 0.09655456849451369 -0.2884424617314316 
0 4 2.5 1 0.01853492612079106 -0.291361172824971 
0 4 5 1 0.02038248874987035 -0.167500113362007 
0 2 5 1 0.09658495676451229 -0.1704730447228289 
0.5 0.5 -0.5 1 0.1671691897935899 -0.4346522302280117 
0.5 0.5 6 1 0.1632745947933774 -0.1272433704912022 
10.5 0.5 -0.5 1 0.685163882518226 -0.5947849745328238 
10.5 0.5 6 1 0.6327329877571417 -0.09249775347263942 
10.5 10.5 -0.5 1 0.04866369675401552 -0.8374398550214219 
10.5 10.5 6 1 0.05558154411296432 -0.01332799753584787 
0.5 10.5 -0.5 1 -0.3059742326022576 -0.500164291942348 
0.5 10.5 6 1 -0.2764930526422569 -0.09643970089207012 
0.5 5.5 9.5 1 -0.02394597728546598 0.05634373877482469 
10.5 5.5 9.5 1 0.3911741208973016 0.2210041531508814 
0.5 6.5 -0.5 1 -0.08439537480523245 -0.4694841913227811 
0.5 8.5 -0.5 1 -0.1884972041960258 -0.4838982677926411 
0.5 8.5 4.5 1 -0.1730740750744064 -0.1869367327909967 
0.5 6.5 4.5 1 -0.07510828706705155 -0.1893008588522877 
0.5 2.5 2 1 0.09202772673899905 -0.3162455527459908 
0.5 4.5 2 1 0.01070697597424969 -0.3207392769726655 
0.5 4.5 4.5 1 0.01281447961258385 -0.1914226251169814 
0.5 2.5 4.5 1 0.09216327423596905 -0.1933374829170033 
