0 0 0 1 0.2567202253248488 -0.1357062499965384 
0 0 6.5 1 0.2903799405347345 0.2384977298734423 
10 0 0 1 -0.3059865363019323 -0.249827691877023 
10 0 6.5 1 -0.3155084660847424 0.2941937303128465 
10 10 0 1 -0.4500418855307828 -0.06584892102167408 
10 10 6.5 1 -0.4643440697328725 0.2595726532221102 
0 10 0 1 -0.03437218020364403 -0.02614913968544715 
0 10 6.5 1 -0.02570577939776418 0.2298383889706567 
0 5 10 1 0.1111869505236295 0.4118549279827503 
10 5 10 1 -0.4182961434826932 0.5187932754145377 
0 6 0 1 0.05689837100207481 -0.06050021740746724 
0 8 0 1 0.00819621762206523 -0.04217041185807742 
0 8 5 1 0.01690372098512257 0.1655738274708637 
0 6 5 1 0.06829290453896104 0.1620707341307859 
0 2 2.5 1 0.1883674418038964 0.02028327147716107 
0 4 2.5 1 0.1204284651268281 0.03551629443876657 
0 4 5 1 0.1280219641213101 0.1579991288558583 
0 2 5 1 0.1983003865010535 0.1532083955465476 
0.5 0.5 -0.5 1 0.2140625554269446 -0.1582571155335958 
0.5 0.5 6 1 0.2442699104858565 0.2092922036349267 
10.5 0.5 -0.5 1 -0.3568556685105498 -0.2800429515489063 
10.5 0.5 6 1 -0.3714621536974091 0.2499617429546579 
10.5 10.5 -0.5 1 -0.4792967467351789 -0.08618756027772809 
10.5 10.5 6 1 -0.4951992038023091 0.234213821832786 
0.5 10.5 -0.5 1 -0.06118034525674073 -0.04261565284608273 
0.5 10.5 6 1 -0.05386048004329371 0.2102584102556737 
0.5 5.5 9.5 1 0.07493594379618074 0.3856681495349872 
10.5 5.5 9.5 1 -0.4596720071076168 0.481387950328754 
0.5 6.5 -0.5 1 0.02535749211220954 -0.07897394607109201 
0.5 8.5 -0.5 1 -0.02079226340034731 -0.05958443514497232 
0.5 8.5 4.5 1 -0.01328377317188492 0.145485950763713 
0.5 6.5 4.5 1 0.03533064039597145 0.1405271081222069 
0.5 2.5 2 1 0.1491445250050382 -0.002734814386201738 
0.5 4.5 2 1 0.08502788162011865 0.0141379599545955 
0.5 4.5 4.5 1 0.09174629543790457 0.1347725111757694 
0.5 2.5 4.5 1 0.1580048226684166 0.1280139063489222 
