0 0 0 1 0.2699723854479933 -0.4016057540910297 
0 0 6.5 1 0.2364191388791779 -0.08261632782905391 
10 0 0 1 0.7166085866255665 -0.6264913686191074 
10 0 6.5 1 0.6216494390787498 -0.02492411104838265 
10 10 0 1 -0.2429327865177637 -0.8437847102374811 
10 10 6.5 1 -0.2716254908988749 -0.07590609657918208 
0 10 0 1 -0.2339151290682896 -0.4749507864348694 
0 10 6.5 1 -0.2484248191708337 -0.1145479698599854 
0 5 10 1 -0.005047596058082767 0.07272569231010891 
10 5 10 1 0.1902311969493135 0.2712106584298885 
0 6 0 1 -0.01796016634073612 -0.443516739609418 
0 8 0 1 -0.1233034564163352 -0.4588503344995761 
0 8 5 1 -0.1381587338903807 -0.1858171541209087 
0 6 5 1 -0.03604714714707235 -0.1772853607105118 
0 2 2.5 1 0.1663344576269834 -0.286054426867867 
0 4 2.5 1 0.07179985918406143 -0.2968272405967388 
0 4 5 1 0.06147156173873602 -0.1691373189025446 
0 2 5 1 0.1547004517542937 -0.1613477070194888 
0.5 0.5 -0.5 1 0.2617520845850321 -0.43753353390095 
0.5 0.5 6 1 0.2274651278626765 -0.1067571252738831 
10.5 0.5 -0.5 1 0.7299254294066405 -0.7117205056417777 
10.5 0.5 6 1 0.6281488565942456 -0.06689591992654215 
10.5 10.5 -0.5 1 -0.3073352290618267 -0.9722517147159765 
10.5 10.5 6 1 -0.3317690620854258 -0.1327505075628763 
0.5 10.5 -0.5 1 -0.2623405683626808 -0.5183269331050587 
0.5 10.5 6 1 -0.2760280751755891 -0.1428285534431055 
0.5 5.5 9.5 1 -0.02233535828893637 0.05294814266198516 
10.5 5.5 9.5 1 0.1692901987839563 0.2456445060132256 
0.5 6.5 -0.5 1 -0.03718534549034035 -0.4836173150592779 
0.5 8.5 -0.5 1 -0.1469148684822451 -0.5005330667029969 
0.5 8.5 4.5 1 -0.1614512477410033 -0.2162566314442775 
0.5 6.5 4.5 1 -0.05522758598525229 -0.2067028773684538 
0.5 2.5 2 1 0.1545589218273405 -0.31829217754584 
0.5 4.5 2 1 0.05647264925615044 -0.330200736358998 
0.5 4.5 4.5 1 0.04605565444429147 -0.1975934646907837 
0.5 2.5 4.5 1 0.1427353061905904 -0.1888980986898992 
