0 0 0 1 0.06932024847881064 -0.3684815987801351 
0 0 6.5 1 0.08932162420461039 -0.09655931056147993 
10 0 0 1 0.5228439093172836 -0.5087685736040704 
10 0 6.5 1 0.5325748645435726 -0.1258916689063435 
10 10 0 1 0.2109131971171936 -0.7406450595994573 
10 10 6.5 1 0.248045107001101 -0.08264189001926625 
0 10 0 1 -0.3087272989711525 -0.4450580980990837 
0 10 6.5 1 -0.2652308596419314 -0.05829938855280364 
0 5 10 1 -0.0431037488077062 0.08254571013807044 
10 5 10 1 0.4352507060720827 0.1314602806403559 
0 6 0 1 -0.1243359007641924 -0.4077081724760795 
0 8 0 1 -0.2092582059585505 -0.4249098522376445 
0 8 5 1 -0.1809534868814621 -0.1481916842940568 
0 6 5 1 -0.1003304494819203 -0.1511426258920114 
0 2 2.5 1 0.0219997977545996 -0.2665806151787379 
0 4 2.5 1 -0.04057186576721148 -0.2717550109298255 
0 4 5 1 -0.03041863383406101 -0.1537015183827696 
0 2 5 1 0.03078356639778836 -0.1559416239949596 
0.5 0.5 -0.5 1 0.07070128692538229 -0.3986480464027585 
0.5 0.5 6 1 0.09129599503313372 -0.1172132342490641 
10.5 0.5 -0.5 1 0.5458822550734792 -0.55819389998133 
10.5 0.5 6 1 0.5550903637207922 -0.1562126769195492 
10.5 10.5 -0.5 1 0.2261807421986942 -0.8482216341126572 
10.5 10.5 6 1 0.2650778891627921 -0.1317778084248765 
0.5 10.5 -0.5 1 -0.3246170380722641 -0.4923780978923724 
0.5 10.5 6 1 -0.2784780189545614 -0.08609131577528852 
0.5 5.5 9.5 1 -0.04567301805974912 0.06524640002488509 
10.5 5.5 9.5 1 0.4576604500715584 0.1082147266687147 
0.5 6.5 -0.5 1 -0.1304100550235254 -0.4463315845643873 
0.5 8.5 -0.5 1 -0.2195202962528786 -0.4674596400339355 
0.5 8.5 4.5 1 -0.1897136667960826 -0.1778025667518661 
0.5 6.5 4.5 1 -0.1052985035786793 -0.1786794807130234 
0.5 2.5 2 1 0.02182615910615977 -0.2948368898848157 
0.5 4.5 2 1 -0.04306002888788608 -0.3021725099657468 
0.5 4.5 4.5 1 -0.03250566820474348 -0.1794356606595958 
0.5 2.5 4.5 1 0.03091050046672532 -0.1800944347654742 
