-0.6662262724266548 -0.3658917244573998 -0.5965548045945518 0.1888428827818722 
-0.2479238704765023 -0.2307459860372693 -0.2152140511942044 0.0727088663853645 
0.234098466857329 -0.3057432864273408 0.263742390344831 0.0384632823181634 
0.215584769948227 -0.5579547424071346 0.2764578769124432 0.150018307750966 
-0.6662262724266548 -0.3658917244573998 -0.2479238704765023 -0.2307459860372693 
-0.2479238704765023 -0.2307459860372693 0.234098466857329 -0.3057432864273408 
0.234098466857329 -0.3057432864273408 0.215584769948227 -0.5579547424071346 
0.215584769948227 -0.5579547424071346 -0.6662262724266548 -0.3658917244573998 
-0.5965548045945518 0.1888428827818722 -0.1765012865933668 0.4927815912443967 
-0.1765012865933668 0.4927815912443967 0.2764578769124432 0.150018307750966 
-0.2152140511942044 0.0727088663853645 0.02617563173020328 0.2265273318541466 
0.02617563173020328 0.2265273318541466 0.263742390344831 0.0384632823181634 
-0.1765012865933668 0.4927815912443967 0.02617563173020328 0.2265273318541466 
-0.5965548045945518 0.1888428827818722 -0.2152140511942044 0.0727088663853645 
0.2764578769124432 0.150018307750966 0.263742390344831 0.0384632823181634 
-0.1894001064711884 -0.4697469361410323 0.002572187297956866 -0.5115594972592683 
0.002572187297956866 -0.5115594972592683 0.05218958015560045 0.008049066994062382 
0.05218958015560045 0.008049066994062382 -0.1380208038302476 0.02384957849488118 
-0.1380208038302476 0.02384957849488118 -0.1894001064711884 -0.4697469361410323 
-0.4945986835744774 -0.1708240409937573 -0.336725459970272 -0.1943841023037918 
-0.336725459970272 -0.1943841023037918 -0.3106974315029692 0.03819358529562681 
-0.3106974315029692 0.03819358529562681 -0.4681578989069911 0.05127360686966793 
-0.4681578989069911 0.05127360686966793 -0.4945986835744774 -0.1708240409937573 
