-0.0788418456255793 -0.2493480554073767 -0.1099234061289929 0.4517161755723899 
-0.2481472800134218 -0.04260685866391355 -0.2752474740175794 0.3146621535650388 
0.1975278161048218 0.00797618878966937 0.2010170051340943 0.3049852413818858 
0.6141263572347553 -0.1079759661468648 0.6617767170949946 0.3931656019023239 
-0.0788418456255793 -0.2493480554073767 -0.2481472800134218 -0.04260685866391355 
-0.2481472800134218 -0.04260685866391355 0.1975278161048218 0.00797618878966937 
0.1975278161048218 0.00797618878966937 0.6141263572347553 -0.1079759661468648 
0.6141263572347553 -0.1079759661468648 -0.0788418456255793 -0.2493480554073767 
-0.1099234061289929 0.4517161755723899 0.3595590014244322 0.7928266876046292 
0.3595590014244322 0.7928266876046292 0.6617767170949946 0.3931656019023239 
-0.2752474740175794 0.3146621535650388 -0.0193686586598454 0.501676820646659 
-0.0193686586598454 0.501676820646659 0.2010170051340943 0.3049852413818858 
0.3595590014244322 0.7928266876046292 -0.0193686586598454 0.501676820646659 
-0.1099234061289929 0.4517161755723899 -0.2752474740175794 0.3146621535650388 
0.6617767170949946 0.3931656019023239 0.2010170051340943 0.3049852413818858 
0.3888707538830918 -0.1539302467791034 0.508118808641249 -0.1296025120117257 
0.508118808641249 -0.1296025120117257 0.5377511261489841 0.2693926389099442 
0.5377511261489841 0.2693926389099442 0.4103379395661597 0.2700327788240829 
0.4103379395661597 0.2700327788240829 0.3888707538830918 -0.1539302467791034 
0.0975305535184125 0.01791108363483845 0.2588335040147481 0.03473877876807209 
0.2588335040147481 0.03473877876807209 0.2643971723229351 0.2707660036394884 
0.2643971723229351 0.2707660036394884 0.09557072455572355 0.2716142089993614 
0.09557072455572355 0.2716142089993614 0.0975305535184125 0.01791108363483845 
