0.3490509599721811 -0.5402894029026166 0.2822263796938017 0.06146227983400943 
-0.2285323137652679 -0.3998524735445703 -0.2608680520603997 -0.02103058777424566 
0.09995899165635838 -0.2649570289762153 0.07360705017480669 -0.004043054374576827 
0.549642135130794 -0.2999981940072534 0.507086522345915 0.05028923594002457 
0.3490509599721811 -0.5402894029026166 -0.2285323137652679 -0.3998524735445703 
-0.2285323137652679 -0.3998524735445703 0.09995899165635838 -0.2649570289762153 
0.09995899165635838 -0.2649570289762153 0.549642135130794 -0.2999981940072534 
0.549642135130794 -0.2999981940072534 0.3490509599721811 -0.5402894029026166 
0.2822263796938017 0.06146227983400943 0.3965973105684287 0.2855149696897868 
0.3965973105684287 0.2855149696897868 0.507086522345915 0.05028923594002457 
-0.2608680520603997 -0.02103058777424566 -0.07870573123537254 0.151787556563313 
-0.07870573123537254 0.151787556563313 0.07360705017480669 -0.004043054374576827 
0.3965973105684287 0.2855149696897868 -0.07870573123537254 0.151787556563313 
0.2822263796938017 0.06146227983400943 -0.2608680520603997 -0.02103058777424566 
0.507086522345915 0.05028923594002457 0.07360705017480669 -0.004043054374576827 
0.4935823329735807 -0.3671530806573767 0.5241705776793483 -0.3305109587269169 
0.5241705776793483 -0.3305109587269169 0.4887000462638423 -0.03529112102411187 
0.4887000462638423 -0.03529112102411187 0.4550572851072214 -0.04217758144241739 
0.4550572851072214 -0.04217758144241739 0.4935823329735807 -0.3671530806573767 
0.3858875911704084 -0.2626535211056162 0.434919310607698 -0.229772730791269 
0.434919310607698 -0.229772730791269 0.414025902963744 -0.05057644584370673 
0.414025902963744 -0.05057644584370673 0.3628716154775329 -0.06104740494128028 
0.3628716154775329 -0.06104740494128028 0.3858875911704084 -0.2626535211056162 
