0 0 0 1 0.2568494135838251 -0.02559915739720839 
0 0 6.5 1 0.2678294273310403 0.3534579103024615 
10 0 0 1 -0.2186483694538708 -0.1796693689446151 
10 0 6.5 1 -0.2610647388284222 0.4479913713048931 
10 10 0 1 -0.5289283859035088 -0.04285514019859465 
10 10 6.5 1 -0.5771299289228281 0.3349098539964463 
0 10 0 1 -0.09939750274338491 0.03027601005845042 
0 10 6.5 1 -0.110602930396274 0.3012216144646704 
0 5 10 1 0.0438702073425421 0.5099090654452305 
10 5 10 1 -0.4912316877768186 0.6697204060264099 
0 6 0 1 0.01633214518236066 0.01212451691964071 
0 8 0 1 -0.04494255827755356 0.02173508240022404 
0 8 5 1 -0.05164221731820914 0.2399120538763077 
0 6 5 1 0.01199756462192743 0.2441487527872999 
0 2 2.5 1 0.166587717647403 0.1182480363423099 
0 4 2.5 1 0.08518949486673011 0.1221443415509463 
0 4 5 1 0.08455610912312045 0.2489792015584875 
0 2 5 1 0.1680495648950928 0.2545376215021138 
0.5 0.5 -0.5 1 0.2169905039425977 -0.05342803691274518 
0.5 0.5 6 1 0.2249226109890277 0.3213621598222343 
10.5 0.5 -0.5 1 -0.2791660467526834 -0.2234680190233303 
10.5 0.5 6 1 -0.3288760374459387 0.3924639208507034 
10.5 10.5 -0.5 1 -0.5645778563909106 -0.07059207743449483 
10.5 10.5 6 1 -0.6151713158502984 0.3029202871088866 
0.5 10.5 -0.5 1 -0.1268291216424089 0.009944000862135665 
0.5 10.5 6 1 -0.1394434354218311 0.2787065119230162 
0.5 5.5 9.5 1 0.008170712314909246 0.4816041100631491 
10.5 5.5 9.5 1 -0.5423680418671873 0.6247123934805449 
0.5 6.5 -0.5 1 -0.01502404583520041 -0.01066365198904238 
0.5 8.5 -0.5 1 -0.07420732209446755 0.0002448725384970989 
0.5 8.5 4.5 1 -0.08212975597089743 0.2165700736279092 
0.5 6.5 4.5 1 -0.02076714257082209 0.2192659211614984 
0.5 2.5 2 1 0.1290836951514396 0.09100761215169748 
0.5 4.5 2 1 0.05062558012339467 0.09673970867698835 
0.5 4.5 4.5 1 0.04915320584178012 0.222337736202798 
0.5 2.5 4.5 1 0.129555694210854 0.2258700637546089 
