0 0 0 1 -0.341299921462714 -0.2711766408974119 
0 0 6.5 1 -0.3721384132210971 0.0192947541527101 
10 0 0 1 0.06337410066149073 -0.1947244961854204 
10 0 6.5 1 0.03861920803434717 0.05469598742056599 
10 10 0 1 0.3196073910259371 -0.2906584181634648 
10 10 6.5 1 0.2826170843910444 0.0982683724646608 
0 10 0 1 -0.3023411735045105 -0.4491085419253265 
0 10 6.5 1 -0.3551353267860634 0.04975279096082632 
0 5 10 1 -0.3870574845996957 0.230064549062797 
10 5 10 1 0.1177590917756432 0.2366452866182639 
0 6 0 1 -0.3231319527754209 -0.3541531577457925 
0 8 0 1 -0.3140395846380257 -0.3956797065267754 
0 8 5 1 -0.3495286493709199 -0.06065894672836299 
0 6 5 1 -0.3546937966404759 -0.05642744976640285 
0 2 2.5 1 -0.3492420299890616 -0.1722898876767704 
0 4 2.5 1 -0.3445785056409468 -0.1872997659976585 
0 4 5 1 -0.3588189697288175 -0.05304794159753361 
0 2 5 1 -0.3621895303079145 -0.05028664243098006 
0.5 0.5 -0.5 1 -0.3138912941689972 -0.2944251269396346 
0.5 0.5 6 1 -0.3449784037417185 -0.0004527661814181425 
10.5 0.5 -0.5 1 0.09114807253223224 -0.2138293647683693 
10.5 0.5 6 1 0.06624671838681492 0.03816821464205615 
10.5 10.5 -0.5 1 0.367404157442954 -0.3222004094194803 
10.5 10.5 6 1 0.3301117649177526 0.07302881627530136 
0.5 10.5 -0.5 1 -0.2540359036225769 -0.4931901018241267 
0.5 10.5 6 1 -0.307558011626697 0.01608672783684182 
0.5 5.5 9.5 1 -0.3526952044412194 0.2082505523182855 
10.5 5.5 9.5 1 0.1526521276820815 0.2187654910499824 
0.5 6.5 -0.5 1 -0.2861111736342634 -0.3866760488694183 
0.5 8.5 -0.5 1 -0.2721214117661506 -0.4331325942360206 
0.5 8.5 4.5 1 -0.3080378253010334 -0.09202150615682572 
0.5 6.5 4.5 1 -0.3180111377994887 -0.084150100831878 
0.5 2.5 2 1 -0.3193487043654382 -0.1963965606897707 
0.5 4.5 2 1 -0.3115679703679266 -0.214088294166634 
0.5 4.5 4.5 1 -0.3259463086574623 -0.077887292346182 
0.5 2.5 4.5 1 -0.3324101878327246 -0.07278569616458649 
