0 0 0 1 0.2106400884632881 -0.3902460038950285 
0 0 6.5 1 0.1940222479409921 -0.08697294048878455 
10 0 0 1 0.6980632530606956 -0.5196784138858336 
10 0 6.5 1 0.6257218831259954 -0.009162959595050405 
10 10 0 1 -0.03968216063016026 -0.6985201012645983 
10 10 6.5 1 -0.04570314735880701 0.05763923366349184 
0 10 0 1 -0.2649114048862108 -0.4454394875761583 
0 10 6.5 1 -0.2525261480419495 -0.06983310931112013 
0 5 10 1 -0.009118668769657281 0.08477482934682283 
10 5 10 1 0.3258627592251342 0.2945243173014635 
0 6 0 1 -0.04944298441977817 -0.4204317798617958 
0 8 0 1 -0.1521900574695123 -0.4323568163277975 
0 8 5 1 -0.1487370173629831 -0.152326386188124 
0 6 5 1 -0.05120212787761119 -0.152767852364291 
0 2 2.5 1 0.12596378768898 -0.2736570383898126 
0 4 2.5 1 0.04145394752026087 -0.2782391416829144 
0 4 5 1 0.03845906524251533 -0.1531736803124864 
0 2 5 1 0.1211630008385483 -0.1535480180535161 
0.5 0.5 -0.5 1 0.2069890090600491 -0.4220874986154501 
0.5 0.5 6 1 0.190014048546284 -0.1065745020737444 
10.5 0.5 -0.5 1 0.722765336000154 -0.5838128192925317 
10.5 0.5 6 1 0.6438448506469997 -0.03763251352605867 
10.5 10.5 -0.5 1 -0.07439285905448727 -0.8156779196039919 
10.5 10.5 6 1 -0.0759342028326967 0.02140507576010968 
0.5 10.5 -0.5 1 -0.2911747132672999 -0.4878778748325968 
0.5 10.5 6 1 -0.2763795065085936 -0.09332608687270821 
0.5 5.5 9.5 1 -0.02083631026391543 0.07011862579597933 
10.5 5.5 9.5 1 0.3268204552501652 0.2822191785181912 
0.5 6.5 -0.5 1 -0.06436594194784384 -0.4579241995132798 
0.5 8.5 -0.5 1 -0.1722928851245719 -0.4721776545067321 
0.5 8.5 4.5 1 -0.1676206185871292 -0.1785114209201882 
0.5 6.5 4.5 1 -0.06542935317877051 -0.177825593031178 
0.5 2.5 2 1 0.1191182300944987 -0.3017281698056034 
0.5 4.5 2 1 0.03105411348515895 -0.3076923292680719 
0.5 4.5 4.5 1 0.02820186949463718 -0.177197213457494 
0.5 2.5 4.5 1 0.1143053605919482 -0.1766193541336105 
