-0.198594962339748 -0.01147499164224242 -0.2169424340488615 0.2510833862253233 
0.1929662269741369 0.001674960860967908 0.1944154466502363 0.2637867744597604 
0.3236561063736477 -0.1167428027013816 0.337114785618911 0.3125303036290037 
-0.3126999041840684 -0.1389205618337014 -0.3532352821977029 0.2915272142884801 
-0.198594962339748 -0.01147499164224242 0.1929662269741369 0.001674960860967908 
0.1929662269741369 0.001674960860967908 0.3236561063736477 -0.1167428027013816 
0.3236561063736477 -0.1167428027013816 -0.3126999041840684 -0.1389205618337014 
-0.3126999041840684 -0.1389205618337014 -0.198594962339748 -0.01147499164224242 
-0.2169424340488615 0.2510833862253233 -0.2830569548331213 0.4595308150095149 
-0.2830569548331213 0.4595308150095149 -0.3532352821977029 0.2915272142884801 
0.1944154466502363 0.2637867744597604 0.2506813273795906 0.4748609236644523 
0.2506813273795906 0.4748609236644523 0.337114785618911 0.3125303036290037 
-0.2830569548331213 0.4595308150095149 0.2506813273795906 0.4748609236644523 
-0.2169424340488615 0.2510833862253233 0.1944154466502363 0.2637867744597604 
-0.3532352821977029 0.2915272142884801 0.337114785618911 0.3125303036290037 
-0.2533238445179201 -0.07260252461670928 -0.2797020947454791 -0.1020647993137239 
-0.2797020947454791 -0.1020647993137239 -0.3048142845738028 0.1865116364774639 
-0.3048142845738028 0.1865116364774639 -0.2744546900205731 0.1870550016816147 
-0.2744546900205731 0.1870550016816147 -0.2533238445179201 -0.07260252461670928 
-0.2215280159537198 0.0774916751531509 -0.2406163832987522 0.0668504887834333 
-0.2406163832987522 0.0668504887834333 -0.2498836558220348 0.1874947652953901 
-0.2498836558220348 0.1874947652953901 -0.2295897446832236 0.1878579784848688 
-0.2295897446832236 0.1878579784848688 -0.2215280159537198 0.0774916751531509 
