-0.1846630267241745 -0.01466820710186632 -0.1999130583338756 0.2455877078015792 
0.2061765625874447 -0.007781519247363112 0.2111365542645404 0.2550406300915916 
0.3245639368898195 -0.1366181818570193 0.3432536859892873 0.2938119284486778 
-0.3092529544966902 -0.1460919380188276 -0.3454795111351446 0.2774708180796699 
-0.1846630267241745 -0.01466820710186632 0.2061765625874447 -0.007781519247363112 
0.2061765625874447 -0.007781519247363112 0.3245639368898195 -0.1366181818570193 
0.3245639368898195 -0.1366181818570193 -0.3092529544966902 -0.1460919380188276 
-0.3092529544966902 -0.1460919380188276 -0.1846630267241745 -0.01466820710186632 
-0.1999130583338756 0.2455877078015792 -0.2675681377625999 0.4489879716467896 
-0.2675681377625999 0.4489879716467896 -0.3454795111351446 0.2774708180796699 
0.2111365542645404 0.2550406300915916 0.2658692673172083 0.4635150202397233 
0.2658692673172083 0.4635150202397233 0.3432536859892873 0.2938119284486778 
-0.2675681377625999 0.4489879716467896 0.2658692673172083 0.4635150202397233 
-0.1999130583338756 0.2455877078015792 0.2111365542645404 0.2550406300915916 
-0.3454795111351446 0.2774708180796699 0.3432536859892873 0.2938119284486778 
-0.2446050557142027 -0.07789807832376772 -0.2733744819458931 -0.1082455181153102 
-0.2733744819458931 -0.1082455181153102 -0.2954580487521831 0.1762414829664142 
-0.2954580487521831 0.1762414829664142 -0.2629069048713446 0.1785158187648545 
-0.2629069048713446 0.1785158187648545 -0.2446050557142027 -0.07789807832376772 
-0.2078520192980217 0.0725808236606152 -0.2285837089207169 0.06101103978351884 
-0.2285837089207169 0.06101103978351884 -0.2364977707558158 0.1803610147230867 
-0.2364977707558158 0.1803610147230867 -0.2146421283655584 0.1818880599804833 
-0.2146421283655584 0.1818880599804833 -0.2078520192980217 0.0725808236606152 
