0.2801397180716073 -0.303769465389739 0.2451752699533787 0.01676057190075463 
0.6213888534119119 -0.5489075164324697 0.5434175728752275 0.08324222899974823 
-0.3810469072922936 -0.6903265684218202 -0.4339806224921218 -0.006395901503843235 
-0.2207492690588799 -0.3633806750666501 -0.2493769035965454 -0.03004736302468242 
0.2801397180716073 -0.303769465389739 0.6213888534119119 -0.5489075164324697 
0.6213888534119119 -0.5489075164324697 -0.3810469072922936 -0.6903265684218202 
-0.3810469072922936 -0.6903265684218202 -0.2207492690588799 -0.3633806750666501 
-0.2207492690588799 -0.3633806750666501 0.2801397180716073 -0.303769465389739 
0.2451752699533787 0.01676057190075463 -0.01439303645153252 0.16573708647609 
-0.01439303645153252 0.16573708647609 -0.2493769035965454 -0.03004736302468242 
0.5434175728752275 0.08324222899974823 0.0382100093308829 0.3779171041956413 
0.0382100093308829 0.3779171041956413 -0.4339806224921218 -0.006395901503843235 
-0.01439303645153252 0.16573708647609 0.0382100093308829 0.3779171041956413 
0.2451752699533787 0.01676057190075463 0.5434175728752275 0.08324222899974823 
-0.2493769035965454 -0.03004736302468242 -0.4339806224921218 -0.006395901503843235 
-0.01593084231896316 -0.339005065908153 -0.1175739945507419 -0.351101700922275 
-0.1175739945507419 -0.351101700922275 -0.1407145518864246 -0.09583215273834758 
-0.1407145518864246 -0.09583215273834758 -0.04007992173523176 -0.08574911959309331 
-0.04007992173523176 -0.08574911959309331 -0.01593084231896316 -0.339005065908153 
0.169783021163088 -0.189965474414826 0.07157852329895933 -0.2007227400500804 
0.07157852329895933 -0.2007227400500804 0.05908839933157201 -0.07581300250523264 
0.05908839933157201 -0.07581300250523264 0.1568222270778037 -0.06602061371126293 
0.1568222270778037 -0.06602061371126293 0.169783021163088 -0.189965474414826 
