0 0 0 1 -0.3923508400603606 -0.3874030129334017 
0 0 6.5 1 -0.4152146656280258 -0.07268827241237373 
10 0 0 1 0.02808382324200671 -0.2922665500670149 
10 0 6.5 1 0.003471659201786387 -0.03669248194972444 
10 10 0 1 0.3247487805249597 -0.3907755721254055 
10 10 6.5 1 0.2809340099859353 4.519177781950873e-05 
0 10 0 1 -0.2904035604921 -0.5961399993829105 
0 10 6.5 1 -0.3328357311487012 -0.04772970246400338 
0 5 10 1 -0.4004428563842987 0.1446425021262029 
10 5 10 1 0.09691294773665515 0.13996115010375 
0 6 0 1 -0.3452257966895891 -0.4838915075864725 
0 8 0 1 -0.3213693105749915 -0.5327376468843967 
0 8 5 1 -0.349434792093547 -0.163210160599496 
0 6 5 1 -0.3697000468175667 -0.1568980574039187 
0 2 2.5 1 -0.3893818157741977 -0.2796810031444084 
0 4 2.5 1 -0.3751020477960065 -0.2972955561598681 
0 4 5 1 -0.3858589619143913 -0.1518649728950507 
0 2 5 1 -0.399044817990731 -0.1477579194476921 
0.5 0.5 -0.5 1 -0.3614581653249934 -0.4124559662291337 
0.5 0.5 6 1 -0.3851190102376292 -0.09378193504929287 
10.5 0.5 -0.5 1 0.05705555539511318 -0.3117300402406988 
10.5 0.5 6 1 0.03180555950987195 -0.05354912817466811 
10.5 10.5 -0.5 1 0.3735865793142966 -0.4221503420216578 
10.5 10.5 6 1 0.3280963572316911 -0.02520268229057145 
0.5 10.5 -0.5 1 -0.2339918293756983 -0.6444140032607172 
0.5 10.5 6 1 -0.2789649910379253 -0.08388041886454796 
0.5 5.5 9.5 1 -0.3624895585084442 0.1212357613127582 
10.5 5.5 9.5 1 0.1318706098904871 0.1216988424003317 
0.5 6.5 -0.5 1 -0.3028067717646024 -0.5191873790222885 
0.5 8.5 -0.5 1 -0.2729388181436389 -0.5735398622914788 
0.5 8.5 4.5 1 -0.3024765890532582 -0.1968792971340254 
0.5 6.5 4.5 1 -0.3284213674067827 -0.186618950056882 
0.5 2.5 2 1 -0.3557843315402435 -0.3055653179208477 
0.5 4.5 2 1 -0.3378312850487721 -0.326100116266922 
0.5 4.5 4.5 1 -0.3490377960897681 -0.1784657983553618 
0.5 2.5 4.5 1 -0.3658144638330312 -0.1718311518188494 
