-0.5375750602492432 -0.4489536867129279 -0.5202794159278123 -0.06955394276677672 
-0.0742221999560196 -0.3584199134712003 -0.08285791168972065 -0.0848629040053332 
0.2998887690557021 -0.4183801799225245 0.2634335735574586 -0.02840731430031983 
-0.2516163709460951 -0.6165139664071534 -0.2527117575385595 0.03137552070137298 
-0.5375750602492432 -0.4489536867129279 -0.0742221999560196 -0.3584199134712003 
-0.0742221999560196 -0.3584199134712003 0.2998887690557021 -0.4183801799225245 
0.2998887690557021 -0.4183801799225245 -0.2516163709460951 -0.6165139664071534 
-0.2516163709460951 -0.6165139664071534 -0.5375750602492432 -0.4489536867129279 
-0.5202794159278123 -0.06955394276677672 -0.4133655711865336 0.1962057473122131 
-0.4133655711865336 0.1962057473122131 -0.2527117575385595 0.03137552070137298 
-0.08285791168972065 -0.0848629040053332 0.05166127866866576 0.0977615750941577 
0.05166127866866576 0.0977615750941577 0.2634335735574586 -0.02840731430031983 
-0.4133655711865336 0.1962057473122131 0.05166127866866576 0.0977615750941577 
-0.5202794159278123 -0.06955394276677672 -0.08285791168972065 -0.0848629040053332 
-0.2527117575385595 0.03137552070137298 0.2634335735574586 -0.02840731430031983 
-0.4051318624428266 -0.5265600686771235 -0.3382540621352595 -0.565747767264561 
-0.3382540621352595 -0.565747767264561 -0.3327405408913497 -0.1197242206865508 
-0.3327405408913497 -0.1197242206865508 -0.395880037991434 -0.1306446200936456 
-0.395880037991434 -0.1306446200936456 -0.4051318624428266 -0.5265600686771235 
-0.4950664468501361 -0.3039445567244129 -0.4524106460778235 -0.3120693632600253 
-0.4524106460778235 -0.3120693632600253 -0.4468487199557265 -0.1394599954112694 
-0.4468487199557265 -0.1394599954112694 -0.4888563147379188 -0.1467254906119323 
-0.4888563147379188 -0.1467254906119323 -0.4950664468501361 -0.3039445567244129 
