0 0 0 1 0.261379358155877 -0.1265286826083519 
0 0 6.5 1 0.2490306041962544 0.2322126152116043 
10 0 0 1 -0.0752408588416964 -0.3761089970908511 
10 0 6.5 1 -0.130803999253748 0.2673864478401725 
10 10 0 1 -0.5639868373195995 -0.2296738755530783 
10 10 6.5 1 -0.6283417339129346 0.1817676681076957 
0 10 0 1 -0.1415379314294765 -0.0878478539558695 
0 10 6.5 1 -0.1667376782458346 0.1851276785947405 
0 5 10 1 0.0003264116257499035 0.3841417354801447 
10 5 10 1 -0.4759697021127339 0.5172491702000934 
0 6 0 1 -0.005347854068050713 -0.1009223612623366 
0 8 0 1 -0.07678777722122218 -0.09406399231699268 
0 8 5 1 -0.09493027352305354 0.1243753235572982 
0 6 5 1 -0.0220868224497015 0.1289481046148763 
0 2 2.5 1 0.1560847891102702 0.009019491171768751 
0 4 2.5 1 0.06655138850308562 0.01066412317876048 
0 4 5 1 0.05897085781807019 0.1340365376783572 
0 2 5 1 0.1497152103442415 0.1397330560365554 
0.5 0.5 -0.5 1 0.2264485862612469 -0.157314827337309 
0.5 0.5 6 1 0.2122397997108433 0.200920077642888 
10.5 0.5 -0.5 1 -0.139493483267516 -0.4324923905088303 
10.5 0.5 6 1 -0.201628897753048 0.209195098196628 
10.5 10.5 -0.5 1 -0.6071258929682315 -0.2655930091867789 
10.5 10.5 6 1 -0.6743320290655092 0.1451348870290291 
0.5 10.5 -0.5 1 -0.1691713749955582 -0.1113245032683931 
0.5 10.5 6 1 -0.1955194798533201 0.1613576771493204 
0.5 5.5 9.5 1 -0.03281309501084927 0.356937947995945 
10.5 5.5 9.5 1 -0.5342779488986849 0.4717855990394318 
0.5 6.5 -0.5 1 -0.03550821189398464 -0.1268626782573124 
0.5 8.5 -0.5 1 -0.1056302957729835 -0.1187110739961475 
0.5 8.5 4.5 1 -0.1247278412695189 0.09947669698772235 
0.5 6.5 4.5 1 -0.05329362929689326 0.1027288006911915 
0.5 2.5 2 1 0.1222754351954206 -0.02014004044820956 
0.5 4.5 2 1 0.03438404227705971 -0.01687104138823475 
0.5 4.5 4.5 1 0.02621753655766046 0.1063486146403092 
0.5 2.5 4.5 1 0.1152576142848107 0.1104022404666096 
