0 0 0 1 0.2656152400213279 -0.1630565086088193 
0 0 6.5 1 0.2484671528869863 0.1913752289552375 
10 0 0 1 -0.03212371483123813 -0.4386903126407254 
10 0 6.5 1 -0.08938305620308289 0.2086239599038534 
10 10 0 1 -0.5671421286525907 -0.2899874477856976 
10 10 6.5 1 -0.6322156201998979 0.1314090761583903 
0 10 0 1 -0.147983609142596 -0.1278936075706986 
0 10 6.5 1 -0.1752234033779572 0.1461411424836123 
0 5 10 1 -0.004545958753161466 0.3422779262989443 
10 5 10 1 -0.459630070567478 0.4648535856140513 
0 6 0 1 -0.006805133483494896 -0.139896167003223 
0 8 0 1 -0.08068410787608396 -0.1336152040106619 
0 8 5 1 -0.1006431256791031 0.0853992405947863 
0 6 5 1 -0.02566110079268505 0.08995031642704697 
0 2 2.5 1 0.1573306115436928 -0.02895051889476049 
0 4 2.5 1 0.06609240965074635 -0.0277078068579547 
0 4 5 1 0.05725961129750351 0.09498323530806076 
0 2 5 1 0.149450239465925 0.1005787969170436 
0.5 0.5 -0.5 1 0.2319394304150176 -0.194626698745608 
0.5 0.5 6 1 0.2132086863869163 0.1602647064812726 
10.5 0.5 -0.5 1 -0.09649263300444169 -0.4990024208271919 
10.5 0.5 6 1 -0.1597439603727421 0.1496834542767007 
10.5 10.5 -0.5 1 -0.6125222148451901 -0.3285942112367186 
10.5 10.5 6 1 -0.680441064634957 0.09340577502148377 
0.5 10.5 -0.5 1 -0.1757454789465401 -0.1522703511449251 
0.5 10.5 6 1 -0.2040412771923416 0.1220387550394829 
0.5 5.5 9.5 1 -0.03702497729463437 0.3153620629110445 
10.5 5.5 9.5 1 -0.5193369701942188 0.4193890820953988 
0.5 6.5 -0.5 1 -0.03668809705204563 -0.1667176918943973 
0.5 8.5 -0.5 1 -0.1094703272108663 -0.159155995670253 
0.5 8.5 4.5 1 -0.1302978142908877 0.0600806427239423 
0.5 6.5 4.5 1 -0.05648293867281848 0.06337324756963773 
0.5 2.5 2 1 0.1244664275862159 -0.05862330154117711 
0.5 4.5 2 1 0.03453303484411514 -0.05582027025211277 
0.5 4.5 4.5 1 0.02518331319834212 0.06701607287265762 
0.5 2.5 4.5 1 0.1160239809360198 0.07106813446965736 
