0 0 0 1 -0.372025757131455 -0.351470318949872 
0 0 6.5 1 -0.3985729596766271 -0.0466470660107154 
10 0 0 1 0.04182314328182288 -0.262053133265825 
10 0 6.5 1 0.01663438712759253 -0.009333340177420444 
10 10 0 1 0.3239516980657741 -0.362145380419846 
10 10 6.5 1 0.2819907458161892 0.02722333809632946 
0 10 0 1 -0.2938823466962542 -0.5528728414659249 
0 10 6.5 1 -0.3408631296400279 -0.024304714906945 
0 5 10 1 -0.3953334705124782 0.1661028301803089 
10 5 10 1 0.1045262154123249 0.1678133258601749 
0 6 0 1 -0.3357943446460626 -0.4448511661414419 
0 8 0 1 -0.3175246464538025 -0.491938480107338 
0 8 5 1 -0.3489450409275418 -0.1362748694804627 
0 6 5 1 -0.3635071821424512 -0.129661438649993 
0 2 2.5 1 -0.3734373765411844 -0.2479650164708017 
0 4 2.5 1 -0.3627816642235524 -0.2652820607226077 
0 4 5 1 -0.3751227613237274 -0.1243861959272701 
0 2 5 1 -0.3846039392950065 -0.1200802965558076 
0.5 0.5 -0.5 1 -0.3424379452495224 -0.3758336037993293 
0.5 0.5 6 1 -0.3695666508944591 -0.06722741125829607 
10.5 0.5 -0.5 1 0.07037190280796526 -0.2813613394953772 
10.5 0.5 6 1 0.04472177498299735 -0.02604628658549217 
10.5 10.5 -0.5 1 0.3724905460959972 -0.3936001531849035 
10.5 10.5 6 1 0.329331265071061 0.001962970792586116 
0.5 10.5 -0.5 1 -0.2404815629394203 -0.5996714622057429 
0.5 10.5 6 1 -0.2892678652057253 -0.05962754383927011 
0.5 5.5 9.5 1 -0.3586877827522129 0.1432705404406131 
10.5 5.5 9.5 1 0.1394806090290623 0.1496991147355252 
0.5 6.5 -0.5 1 -0.2953861394093235 -0.4791324382106102 
0.5 8.5 -0.5 1 -0.2715160141252412 -0.5315375707037471 
0.5 8.5 4.5 1 -0.3039874359162753 -0.169138407077895 
0.5 6.5 4.5 1 -0.3239183718671956 -0.1586637965314412 
0.5 2.5 2 1 -0.3412186381467392 -0.2731805732400716 
0.5 4.5 2 1 -0.3270922523542 -0.2933410421446846 
0.5 4.5 4.5 1 -0.3397595273019942 -0.150338551084165 
0.5 2.5 4.5 1 -0.3526525865772218 -0.1435626638406903 
