0 0 0 1 0.3630239663675507 -0.6793717933912056 
0 0 6.5 1 0.3479424364512899 -0.1667869791217322 
10 0 0 1 -0.3628112877332497 -0.6026034455329733 
10 0 6.5 1 -0.3201531177794882 -0.1464972927468332 
10 10 0 1 -0.154441380665285 -0.4382890031988618 
10 10 6.5 1 -0.1381027621934151 -0.1650231967562084 
0 10 0 1 0.2732176886294067 -0.4708201573001095 
0 10 6.5 1 0.2688639315076533 -0.178223287303943 
0 5 10 1 0.2945739998111108 0.007554817760951613 
10 5 10 1 -0.1953341570654513 0.009848728211737554 
0 6 0 1 0.2979353443089441 -0.5282204600644054 
0 8 0 1 0.2844125583393623 -0.4968173197773855 
0 8 5 1 0.280235271814703 -0.2474243647213301 
0 6 5 1 0.2927030001319388 -0.2526379364462741 
0 2 2.5 1 0.3311211987868934 -0.436029711185171 
0 4 2.5 1 0.3111637930464177 -0.4087929584738604 
0 4 5 1 0.3079118576251535 -0.2589977533574037 
0 2 5 1 0.3268774807230858 -0.2669285193970062 
0.5 0.5 -0.5 1 0.3174413224895171 -0.6991831998038721 
0.5 0.5 6 1 0.3066394175974269 -0.2015087315084166 
10.5 0.5 -0.5 1 -0.3807481592474961 -0.622789779576276 
10.5 0.5 6 1 -0.3379866350431649 -0.1784889879145362 
10.5 10.5 -0.5 1 -0.1692702703677716 -0.4536366641478918 
10.5 10.5 6 1 -0.1525337320688881 -0.1846269852272406 
0.5 10.5 -0.5 1 0.2486828913440292 -0.4865294850750366 
0.5 10.5 6 1 0.2456370341074718 -0.1988150161299722 
0.5 5.5 9.5 1 0.2658712788473548 -0.0217097358145922 
10.5 5.5 9.5 1 -0.2113320485850486 -0.01737993188291692 
0.5 6.5 -0.5 1 0.2678177889230779 -0.545709239228103 
0.5 8.5 -0.5 1 0.2573693300643272 -0.5133946044627553 
0.5 8.5 4.5 1 0.2544231909749149 -0.2686179046737747 
0.5 6.5 4.5 1 0.2641027370085433 -0.2757595530695767 
0.5 2.5 2 1 0.2934663049974042 -0.4600714985351453 
0.5 4.5 2 1 0.2781773684042523 -0.4309160269699822 
0.5 4.5 4.5 1 0.2758553267263505 -0.284430710085939 
0.5 2.5 4.5 1 0.2904267945760848 -0.2951816584911638 
