0.2851514835471113 -0.3091120139516101 0.3230910260975968 0.09903966275577895 
-0.3776177562867705 -0.2778293027445407 -0.3280382016288068 0.1843429887320949 
-0.3008976637441771 -0.1640054344754046 -0.2721431342201984 0.1075612485983024 
0.1023096389661126 -0.191622696456116 0.1267837875008792 0.06034877329594755 
0.2851514835471113 -0.3091120139516101 -0.3776177562867705 -0.2778293027445407 
-0.3776177562867705 -0.2778293027445407 -0.3008976637441771 -0.1640054344754046 
-0.3008976637441771 -0.1640054344754046 0.1023096389661126 -0.191622696456116 
0.1023096389661126 -0.191622696456116 0.2851514835471113 -0.3091120139516101 
0.3230910260975968 0.09903966275577895 0.217695916936493 0.2411918511841162 
0.217695916936493 0.2411918511841162 0.1267837875008792 0.06034877329594755 
-0.3280382016288068 0.1843429887320949 -0.2734837932417559 0.3181565217612773 
-0.2734837932417559 0.3181565217612773 -0.2721431342201984 0.1075612485983024 
0.217695916936493 0.2411918511841162 -0.2734837932417559 0.3181565217612773 
0.3230910260975968 0.09903966275577895 -0.3280382016288068 0.1843429887320949 
0.1267837875008792 0.06034877329594755 -0.2721431342201984 0.1075612485983024 
0.1555885215607148 -0.2258582926201513 0.1267381618918381 -0.2073198170607765 
0.1267381618918381 -0.2073198170607765 0.1470347819888385 0.002852212714336155 
0.1470347819888385 0.002852212714336155 0.1775706254976721 0.003333099482612506 
0.1775706254976721 0.003333099482612506 0.1555885215607148 -0.2258582926201513 
0.2456327317838496 -0.1348852619069073 0.2021984269840178 -0.1217459253590324 
0.2021984269840178 -0.1217459253590324 0.2141508678488252 0.003909175087726311 
0.2141508678488252 0.003909175087726311 0.2587673257523244 0.00461180720093271 
0.2587673257523244 0.00461180720093271 0.2456327317838496 -0.1348852619069073 
