0 0 0 1 -0.5664589028123825 -0.285649534853685 
0 0 6.5 1 -0.5284751787282648 0.3265662474011616 
10 0 0 1 -0.2513513054142625 -0.123199497141128 
10 0 6.5 1 -0.2258467559546186 0.1923765839135728 
10 10 0 1 0.2370388717297727 -0.178628308088412 
10 10 6.5 1 0.273530985093566 0.149357073506058 
0 10 0 1 0.3848748276646393 -0.4102989290800034 
0 10 6.5 1 0.4655737422771493 0.2504077170792212 
0 5 10 1 -0.01931812414840281 0.6536389904659279 
10 5 10 1 0.03568790344018246 0.3498626863314969 
0 6 0 1 -0.01424636211315824 -0.3580037008810159 
0 8 0 1 0.1820111786542856 -0.3837185292165384 
0 8 5 1 0.2361602131886677 0.1119408377287324 
0 6 5 1 0.03301078718281962 0.1301232008305992 
0 2 2.5 1 -0.3710990752313977 -0.07558765459629668 
0 4 2.5 1 -0.18412585327074 -0.09625466923521579 
0 4 5 1 -0.1634340324484113 0.1477054855076573 
0 2 5 1 -0.3535007689754174 0.1647169163793419 
0.5 0.5 -0.5 1 -0.4981635225887652 -0.319600680844677 
0.5 0.5 6 1 -0.4593974146823034 0.2639657896405048 
10.5 0.5 -0.5 1 -0.2223350094041643 -0.1449406801212888 
10.5 0.5 6 1 -0.1968758660464258 0.1628498586147679 
10.5 10.5 -0.5 1 0.2555879314460517 -0.1999383879128078 
10.5 10.5 6 1 0.2915584009690111 0.1196421881929298 
0.5 10.5 -0.5 1 0.4142456859381327 -0.4411557498598927 
0.5 10.5 6 1 0.4921866104568053 0.1862821351247834 
0.5 5.5 9.5 1 0.02981236550716887 0.5716307756834385 
10.5 5.5 9.5 1 0.05926249478053665 0.3156191029689717 
0.5 6.5 -0.5 1 0.03226104475740019 -0.3902661172394131 
0.5 8.5 -0.5 1 0.2202373504811405 -0.4153091271103519 
0.5 8.5 4.5 1 0.2729546508169937 0.05597487002932827 
0.5 6.5 4.5 1 0.07867082286264408 0.07420638359051999 
0.5 2.5 2 1 -0.3094987022584452 -0.1198705776359268 
0.5 4.5 2 1 -0.1300128252505432 -0.1402917166339532 
0.5 4.5 4.5 1 -0.1094946983099126 0.09186375778953075 
0.5 2.5 4.5 1 -0.2918264453272308 0.1089736930496241 
