0 0 0 1 0.3918309046470214 -0.4855465353826975 
0 0 6.5 1 0.3242653162324514 0.0798303288674507 
10 0 0 1 -0.2535684856653423 -0.4159757927094592 
10 0 6.5 1 -0.2686056532769727 -0.02040093763021251 
10 10 0 1 0.04159784662391566 -0.3039454099889374 
10 10 6.5 1 0.02158063144540856 -0.04354482258772632 
0 10 0 1 0.4838373402996615 -0.3149118458243564 
0 10 6.5 1 0.4403296651424408 0.009600434679379495 
0 5 10 1 0.3711027779534593 0.2399865380846959 
10 5 10 1 -0.1043581155667529 0.1245126892902481 
0 6 0 1 0.4585498699378402 -0.3618098657758694 
0 8 0 1 0.4723877533208907 -0.3361461943330818 
0 8 5 1 0.4359223362918591 -0.06035974634890493 
0 6 5 1 0.4189729958014744 -0.05738149454388064 
0 2 2.5 1 0.3955325997551596 -0.2364783718584681 
0 4 2.5 1 0.419387354763568 -0.219811491063806 
0 4 5 1 0.3982484913978472 -0.05373989015913473 
0 2 5 1 0.3723294805911978 -0.04918553355964698 
0.5 0.5 -0.5 1 0.3604752249816288 -0.5109646372396304 
0.5 0.5 6 1 0.2982999465241954 0.02894422385239159 
10.5 0.5 -0.5 1 -0.2521860916862665 -0.4363248688816516 
10.5 0.5 6 1 -0.2667727592202558 -0.05338360502886902 
10.5 10.5 -0.5 1 0.03541219456821944 -0.3201640325313801 
10.5 10.5 6 1 0.0160650325758785 -0.06528875827553472 
0.5 10.5 -0.5 1 0.4628421548361902 -0.3348153353463674 
0.5 10.5 6 1 0.4214449635829012 -0.01883592445287892 
0.5 5.5 9.5 1 0.3505360270720127 0.1972831212575136 
10.5 5.5 9.5 1 -0.1073788861368699 0.09452625316088956 
0.5 6.5 -0.5 1 0.4342451274129114 -0.3840240634384368 
0.5 8.5 -0.5 1 0.4498498243667531 -0.3571720666209054 
0.5 8.5 4.5 1 0.4153159448584178 -0.08938519142195815 
0.5 6.5 4.5 1 0.3969614656113733 -0.08931789663015358 
0.5 2.5 2 1 0.3686181898213813 -0.2691365858604112 
0.5 4.5 2 1 0.3944808797878325 -0.2495514913131109 
0.5 4.5 4.5 1 0.3746758932135366 -0.08923618889360745 
0.5 2.5 4.5 1 0.3470448439155375 -0.0891348825212052 
