0.2948971762857799 -0.3658483168399929 0.3255658566429587 0.05503762325247065 
-0.3802308191169729 -0.3239998186648704 -0.3270078971169535 0.128770508331211 
-0.2737124981934443 -0.213466665399593 -0.2439271131361163 0.05404526718524946 
0.1309805134397806 -0.2438849067318245 0.1525692318341004 0.01217025812288896 
0.2948971762857799 -0.3658483168399929 -0.3802308191169729 -0.3239998186648704 
-0.3802308191169729 -0.3239998186648704 -0.2737124981934443 -0.213466665399593 
-0.2737124981934443 -0.213466665399593 0.1309805134397806 -0.2438849067318245 
0.1309805134397806 -0.2438849067318245 0.2948971762857799 -0.3658483168399929 
0.3255658566429587 0.05503762325247065 0.231605414376608 0.1944292925974916 
0.231605414376608 0.1944292925974916 0.1525692318341004 0.01217025812288896 
-0.3270078971169535 0.128770508331211 -0.2550403464659729 0.2568893917484943 
-0.2550403464659729 0.2568893917484943 -0.2439271131361163 0.05404526718524946 
0.231605414376608 0.1944292925974916 -0.2550403464659729 0.2568893917484943 
0.3255658566429587 0.05503762325247065 -0.3270078971169535 0.128770508331211 
0.1525692318341004 0.01217025812288896 -0.2439271131361163 0.05404526718524946 
0.178181482361772 -0.2790051381359026 0.1525656168100853 -0.259945463168683 
0.1525656168100853 -0.259945463168683 0.170334563610371 -0.04533164428380897 
0.170334563610371 -0.04533164428380897 0.1971865931415635 -0.04436819971744732 
0.1971865931415635 -0.04436819971744732 0.178181482361772 -0.2790051381359026 
0.2581528364757074 -0.1846387952696201 0.2193619932882985 -0.1714859395963212 
0.2193619932882985 -0.1714859395963212 0.2294748809079106 -0.04320970347158728 
0.2294748809079106 -0.04320970347158728 0.269036235491498 -0.04179025128205401 
0.269036235491498 -0.04179025128205401 0.2581528364757074 -0.1846387952696201 
