0 0 0 1 0.278373704836076 -0.2709079565660319 
0 0 6.5 1 0.2443076953609087 0.05013759337443798 
10 0 0 1 0.5915266849244757 -0.5079408376070367 
10 0 6.5 1 0.519166402232885 0.1284543255586743 
10 10 0 1 -0.4073507822625186 -0.6305572114153143 
10 10 6.5 1 -0.465305775296998 0.03494794884508735 
0 10 0 1 -0.2205920507302382 -0.3263027941649662 
0 10 6.5 1 -0.2510359416548161 0.001989150308710063 
0 5 10 1 -0.01794320448223223 0.1988103234950819 
10 5 10 1 0.002800603023871816 0.4238608545822488 
0 6 0 1 -0.01848184149758704 -0.3038646566923408 
0 8 0 1 -0.119109172355771 -0.3150362342780144 
0 8 5 1 -0.1431534694870023 -0.06313527209494633 
0 6 5 1 -0.04309442366922507 -0.0530927241753828 
0 2 2.5 1 0.1673473854649524 -0.1571187594469125 
0 4 2.5 1 0.06867365079963497 -0.1675458347031862 
0 4 5 1 0.05613018000282803 -0.04313392605740941 
0 2 5 1 0.1545307364271181 -0.03325783444444024 
0.5 0.5 -0.5 1 0.2640910530195444 -0.3054097207466447 
0.5 0.5 6 1 0.2292296920358412 0.02461079821720505 
10.5 0.5 -0.5 1 0.5797931454693388 -0.5915560877923415 
10.5 0.5 6 1 0.5036861365588329 0.08109679501648655 
10.5 10.5 -0.5 1 -0.4777262364704128 -0.7251210551024311 
10.5 10.5 6 1 -0.5376890214158823 -0.0198696414922095 
0.5 10.5 -0.5 1 -0.2490824955854234 -0.3631010256909328 
0.5 10.5 6 1 -0.2801120004572063 -0.02541925848478043 
0.5 5.5 9.5 1 -0.04023720646485107 0.1771726054655 
10.5 5.5 9.5 1 -0.04142479565926702 0.3922706969047452 
0.5 6.5 -0.5 1 -0.0411456384347522 -0.3397246286267289 
0.5 8.5 -0.5 1 -0.1446617576912999 -0.3513619782502886 
0.5 8.5 4.5 1 -0.1691928971307742 -0.09227504456736642 
0.5 6.5 4.5 1 -0.06627828151838409 -0.08183177730282412 
0.5 2.5 2 1 0.1500235839872307 -0.1885470530447395 
0.5 4.5 2 1 0.04857222206886572 -0.1993948632166726 
0.5 4.5 4.5 1 0.03575464596431722 -0.07147797939817324 
0.5 2.5 4.5 1 0.1369171673622328 -0.06121250600717879 
