0 0 0 1 0.3129881154172363 -0.4961273162896667 
0 0 6.5 1 0.3294336042062898 -0.04624168179497504 
10 0 0 1 -0.3832070734158378 -0.4441676267411445 
10 0 6.5 1 -0.3292642053245021 0.006035654830203286 
10 10 0 1 -0.2343946591978805 -0.3130089316244276 
10 10 6.5 1 -0.2066775794061257 -0.04570610113121583 
0 10 0 1 0.1768707796234202 -0.3443132138788494 
0 10 6.5 1 0.1912077319723472 -0.07710981382271306 
0 5 10 1 0.2513115877992781 0.1041256753941529 
10 5 10 1 -0.2341850192742738 0.1433903763128108 
0 6 0 1 0.2153732857453366 -0.3872557485191085 
0 8 0 1 0.1944099551187018 -0.3638749704274443 
0 8 5 1 0.2060060339708892 -0.1383448800984442 
0 6 5 1 0.227444368562965 -0.1396700473028858 
0 2 2.5 1 0.2790731603504208 -0.2942661239683715 
0 4 2.5 1 0.2472245632990378 -0.2761928789396363 
0 4 5 1 0.2533685066719344 -0.1412724953604937 
0 2 5 1 0.2853508874321414 -0.1432494214095468 
0.5 0.5 -0.5 1 0.2669632873289909 -0.51666228065285 
0.5 0.5 6 1 0.285344440516535 -0.07806059244334491 
10.5 0.5 -0.5 1 -0.4092598913394194 -0.466363053049505 
10.5 0.5 6 1 -0.3554473499708556 -0.02744159086809935 
10.5 10.5 -0.5 1 -0.252539334941993 -0.3285433326124187 
10.5 10.5 6 1 -0.2247115811422541 -0.06525060038337091 
0.5 10.5 -0.5 1 0.1516738461017438 -0.3592395478493478 
0.5 10.5 6 1 0.1665692401043187 -0.09604750088121089 
0.5 5.5 9.5 1 0.2201409757833327 0.07741268618119561 
10.5 5.5 9.5 1 -0.2555582350791533 0.1157393466174846 
0.5 6.5 -0.5 1 0.1845637609900853 -0.4041493004535929 
0.5 8.5 -0.5 1 0.1666838615903245 -0.379735073133209 
0.5 8.5 4.5 1 0.1788064493481627 -0.1579191617825051 
0.5 6.5 4.5 1 0.1972905373280876 -0.16103452357958 
0.5 2.5 2 1 0.2400776565098716 -0.3171034743752065 
0.5 4.5 2 1 0.2129990193807066 -0.2970615073636286 
0.5 4.5 4.5 1 0.2195568122120477 -0.1647873461268432 
0.5 2.5 4.5 1 0.2468984345943827 -0.169395582461386 
