0.2644615501510562 -0.1540533794179127 0.2484817910287457 0.2013438608487207 
-0.04314640898543295 -0.4234089801826231 -0.09997848878395844 0.2226622599245431 
-0.5664126816027462 -0.2749623450943024 -0.6314127124090917 0.1437285350940692 
-0.1464449520095728 -0.117913622534474 -0.1732221690980702 0.1557721854196489 
0.2644615501510562 -0.1540533794179127 -0.04314640898543295 -0.4234089801826231 
-0.04314640898543295 -0.4234089801826231 -0.5664126816027462 -0.2749623450943024 
-0.5664126816027462 -0.2749623450943024 -0.1464449520095728 -0.117913622534474 
-0.1464449520095728 -0.117913622534474 0.2644615501510562 -0.1540533794179127 
0.2484817910287457 0.2013438608487207 -0.003485483123852296 0.3525368606521878 
-0.003485483123852296 0.3525368606521878 -0.1732221690980702 0.1557721854196489 
-0.09997848878395844 0.2226622599245431 -0.4640220305848347 0.4774686884688242 
-0.4640220305848347 0.4774686884688242 -0.6314127124090917 0.1437285350940692 
-0.003485483123852296 0.3525368606521878 -0.4640220305848347 0.4774686884688242 
0.2484817910287457 0.2013438608487207 -0.09997848878395844 0.2226622599245431 
-0.1732221690980702 0.1557721854196489 -0.6314127124090917 0.1437285350940692 
-0.006529746539468641 -0.130219345328827 -0.07979201566541183 -0.123775834259962 
-0.07979201566541183 -0.123775834259962 -0.09933005598732207 0.09502545322432722 
-0.09933005598732207 0.09502545322432722 -0.02488696652967622 0.09956112127852583 
-0.02488696652967622 0.09956112127852583 -0.006529746539468641 -0.130219345328827 
0.15691261315951 -0.01960720319294453 0.06610093884231458 -0.01824092890142399 
0.06610093884231458 -0.01824092890142399 0.05756637385588725 0.1045848378474296 
0.05756637385588725 0.1045848378474296 0.1493963615618157 0.1101798547212551 
0.1493963615618157 0.1101798547212551 0.15691261315951 -0.01960720319294453 
