-0.07100530485374743 -0.0361532239659491 -0.05792370554178234 0.2153117751683867 
0.3258766037594949 -0.08609512007329184 0.3585466316814156 0.1963069782920722 
0.325497520648612 -0.236458365825988 0.3819029512835044 0.2396791222199939 
-0.2924250683286883 -0.1324417054800872 -0.2856126697799778 0.2618903365707077 
-0.07100530485374743 -0.0361532239659491 0.3258766037594949 -0.08609512007329184 
0.3258766037594949 -0.08609512007329184 0.325497520648612 -0.236458365825988 
0.325497520648612 -0.236458365825988 -0.2924250683286883 -0.1324417054800872 
-0.2924250683286883 -0.1324417054800872 -0.07100530485374743 -0.0361532239659491 
-0.05792370554178234 0.2153117751683867 -0.1388855113213144 0.4113954636037216 
-0.1388855113213144 0.4113954636037216 -0.2856126697799778 0.2618903365707077 
0.3585466316814156 0.1963069782920722 0.3914050409483449 0.4203753626020457 
0.3914050409483449 0.4203753626020457 0.3819029512835044 0.2396791222199939 
-0.1388855113213144 0.4113954636037216 0.3914050409483449 0.4203753626020457 
-0.05792370554178234 0.2153117751683867 0.3585466316814156 0.1963069782920722 
-0.2856126697799778 0.2618903365707077 0.3819029512835044 0.2396791222199939 
-0.1796470121145379 -0.08339808078031803 -0.2303829418736456 -0.1054615387031486 
-0.2303829418736456 -0.1054615387031486 -0.2230914900449606 0.1634025271935779 
-0.2230914900449606 0.1634025271935779 -0.1710715271712286 0.1608731339158212 
-0.1710715271712286 0.1608731339158212 -0.1796470121145379 -0.08339808078031803 
-0.09683426576515666 0.05211228415893141 -0.132798212951224 0.04492665962913239 
-0.132798212951224 0.04492665962913239 -0.1280485815556538 0.158781207212731 
-0.1280485815556538 0.158781207212731 -0.09187433821223505 0.1570222884652711 
-0.09187433821223505 0.1570222884652711 -0.09683426576515666 0.05211228415893141 
