0 0 0 1 0.3066081776267884 -0.4528675927394616 
0 0 6.5 1 0.3277887015329863 -0.01323141615034522 
10 0 0 1 -0.3828010239902507 -0.4041421706581133 
10 0 6.5 1 -0.3285279957201159 0.04544206189260613 
10 10 0 1 -0.2466035392582142 -0.281361572578916 
10 10 6.5 1 -0.217848302540409 -0.01467534276939505 
0 10 0 1 0.1621436802499573 -0.3124927825581443 
0 10 6.5 1 0.1790360660393649 -0.04932929013535116 
0 5 10 1 0.2450213186886241 0.1323130094663865 
10 5 10 1 -0.2401722095532507 0.1785229761447529 
0 6 0 1 0.2032341783179622 -0.3524200378443075 
0 8 0 1 0.1808841187318273 -0.330702692552467 
0 8 5 1 0.1946453462530869 -0.1090538258974644 
0 6 5 1 0.2177140908977083 -0.1094156144434689 
0 2 2.5 1 0.2720127656598381 -0.2584821465469539 
0 4 2.5 1 0.2380633323191224 -0.2423811199191065 
0 4 5 1 0.2455606329807515 -0.1098523334815734 
0 2 5 1 0.2798407402805348 -0.1103899505200348 
0.5 0.5 -0.5 1 0.2606163435009241 -0.4735775369847938 
0.5 0.5 6 1 0.2832847924946484 -0.04475095427344573 
10.5 0.5 -0.5 1 -0.4102911686585275 -0.4268400326657156 
10.5 0.5 6 1 -0.3562454544247712 0.01146021833273128 
10.5 10.5 -0.5 1 -0.2653299877706626 -0.2970004058698027 
10.5 10.5 6 1 -0.2365319907764794 -0.03432033225723988 
0.5 10.5 -0.5 1 0.1368425366635977 -0.3273467616169126 
0.5 10.5 6 1 0.1541515724987128 -0.06808834432572659 
0.5 5.5 9.5 1 0.2134220525476987 0.1058618350025312 
10.5 5.5 9.5 1 -0.2625368947958267 0.1506000951327263 
0.5 6.5 -0.5 1 0.1723343961750354 -0.3692781061252589 
0.5 8.5 -0.5 1 0.1530580927851965 -0.3465043960572851 
0.5 8.5 4.5 1 0.1672134047411981 -0.1284550184264833 
0.5 6.5 4.5 1 0.187307836003076 -0.1305947695169839 
0.5 2.5 2 1 0.2328475316441694 -0.2812205801065482 
0.5 4.5 2 1 0.2036625945825436 -0.2631342519120065 
0.5 4.5 4.5 1 0.2114745596042095 -0.1331681577609924 
0.5 2.5 4.5 1 0.2410910788466819 -0.1363218662944675 
