0.2805225185138903 -0.3140814820344521 0.2453355909860888 0.006366777361872456 
0.630766045298506 -0.5612779192585131 0.5510063133141223 0.06956016042899257 
-0.3721727370972623 -0.7091092415371297 -0.4234305884874527 -0.01877377203800285 
-0.2209667797531057 -0.375075178047138 -0.2489155793621788 -0.03994576813556881 
0.2805225185138903 -0.3140814820344521 0.630766045298506 -0.5612779192585131 
0.630766045298506 -0.5612779192585131 -0.3721727370972623 -0.7091092415371297 
-0.3721727370972623 -0.7091092415371297 -0.2209667797531057 -0.375075178047138 
-0.2209667797531057 -0.375075178047138 0.2805225185138903 -0.3140814820344521 
0.2453355909860888 0.006366777361872456 -0.0132910471259306 0.1555197089798535 
-0.0132910471259306 0.1555197089798535 -0.2489155793621788 -0.03994576813556881 
0.5510063133141223 0.06956016042899257 0.04974373778245299 0.3640645816198869 
0.04974373778245299 0.3640645816198869 -0.4234305884874527 -0.01877377203800285 
-0.0132910471259306 0.1555197089798535 0.04974373778245299 0.3640645816198869 
0.2453355909860888 0.006366777361872456 0.5510063133141223 0.06956016042899257 
-0.2489155793621788 -0.03994576813556881 -0.4234305884874527 -0.01877377203800285 
-0.01525378923717252 -0.3500553109178715 -0.1172281474984872 -0.3624579544645496 
-0.1172281474984872 -0.3624579544645496 -0.1400148347183953 -0.1059843890095175 
-0.1400148347183953 -0.1059843890095175 -0.0391978509400505 -0.09589783645840676 
-0.0391978509400505 -0.09589783645840676 -0.01525378923717252 -0.3500553109178715 
0.1704261046704601 -0.2002311315232511 0.07238840748342849 -0.2110891957800502 
0.07238840748342849 -0.2110891957800502 0.05994130059942063 -0.08597914791606816 
0.05994130059942063 -0.08597914791606816 0.1574441588715579 -0.07622416748531397 
0.1574441588715579 -0.07622416748531397 0.1704261046704601 -0.2002311315232511 
