0 0 0 1 0.256890326565573 -0.2394671272727603 
0 0 6.5 1 0.2997135968763027 0.1371276825712474 
10 0 0 1 -0.3499610822169215 -0.3045674696546639 
10 0 6.5 1 -0.333213724061565 0.1967631349370029 
10 10 0 1 -0.3958953353291595 -0.1142897004714682 
10 10 6.5 1 -0.3879911505121011 0.1831423461640876 
0 10 0 1 0.0115904259059699 -0.1018706448224759 
0 10 6.5 1 0.03139884302560036 0.146735387120825 
0 5 10 1 0.1528651910066821 0.3141990342084409 
10 5 10 1 -0.3616138948303031 0.4048114126708324 
0 6 0 1 0.08649116345663631 -0.1438848404751889 
0 8 0 1 0.0463026785908906 -0.1213418466229139 
0 8 5 1 0.06348581479757902 0.08220238838029292 
0 6 5 1 0.1062251207652634 0.07552837284002314 
0 2 2.5 1 0.2027696234570436 -0.07386317228763668 
0 4 2.5 1 0.1448612913799 -0.05314093892363275 
0 4 5 1 0.1565136487248927 0.06767549807987545 
0 2 5 1 0.2165453367808861 0.05830116665537215 
0.5 0.5 -0.5 1 0.2129482165185204 -0.2587508983402328 
0.5 0.5 6 1 0.2528472681778545 0.1101624592308535 
10.5 0.5 -0.5 1 -0.3941115481515339 -0.3284493840860255 
10.5 0.5 6 1 -0.3806583241071874 0.1593507902811769 
10.5 10.5 -0.5 1 -0.4217575936876971 -0.1311689127649352 
10.5 10.5 6 1 -0.4149545274413037 0.1614679423414788 
0.5 10.5 -0.5 1 -0.01477877125984552 -0.1162148490020414 
0.5 10.5 6 1 0.003953528495429607 0.1290312427503979 
0.5 5.5 9.5 1 0.1171861158647682 0.2898984564577819 
10.5 5.5 9.5 1 -0.3970364785724556 0.372713320044022 
0.5 6.5 -0.5 1 0.05503779363331886 -0.1599135666433613 
0.5 8.5 -0.5 1 0.01760818927000853 -0.1364860933066037 
0.5 8.5 4.5 1 0.03382338823677607 0.06412823361214194 
0.5 6.5 4.5 1 0.07361373201709499 0.05609686639743289 
0.5 2.5 2 1 0.1630676413817147 -0.09426476294686734 
0.5 4.5 2 1 0.1093948038450443 -0.07209203973617641 
0.5 4.5 4.5 1 0.120329769089348 0.04666760258873962 
0.5 2.5 4.5 1 0.1759520334026485 0.03544068702148385 
