-0.71918720629921 -0.5964935782657133 -0.637334637380329 -0.08759260544684797 
-0.2195593957852392 -0.4314002100107397 -0.1924284065488436 -0.1281726291539157 
0.2460961889947164 -0.533804825588498 0.2533683771001803 -0.1497000948777082 
-0.02935900886546502 -0.8969891517061273 0.01533960675816781 -0.109923496229872 
-0.71918720629921 -0.5964935782657133 -0.2195593957852392 -0.4314002100107397 
-0.2195593957852392 -0.4314002100107397 0.2460961889947164 -0.533804825588498 
0.2460961889947164 -0.533804825588498 -0.02935900886546502 -0.8969891517061273 
-0.02935900886546502 -0.8969891517061273 -0.71918720629921 -0.5964935782657133 
-0.637334637380329 -0.08759260544684797 -0.3399183176076445 0.1925667279856905 
-0.3399183176076445 0.1925667279856905 0.01533960675816781 -0.109923496229872 
-0.1924284065488436 -0.1281726291539157 0.01571258496665755 0.03086221106292036 
0.01571258496665755 0.03086221106292036 0.2533683771001803 -0.1497000948777082 
-0.3399183176076445 0.1925667279856905 0.01571258496665755 0.03086221106292036 
-0.637334637380329 -0.08759260544684797 -0.1924284065488436 -0.1281726291539157 
0.01533960675816781 -0.109923496229872 0.2533683771001803 -0.1497000948777082 
-0.378937146956991 -0.7447096660909649 -0.2212172518551383 -0.8134139181031409 
-0.2212172518551383 -0.8134139181031409 -0.1738080386978585 -0.2545738812945014 
-0.1738080386978585 -0.2545738812945014 -0.3239017774097077 -0.2369768999440255 
-0.3239017774097077 -0.2369768999440255 -0.378937146956991 -0.7447096660909649 
-0.5906084828185965 -0.4168914870936876 -0.4799620157474641 -0.4465138769487708 
-0.4799620157474641 -0.4465138769487708 -0.4511275830804698 -0.2220609537566517 
-0.4511275830804698 -0.2220609537566517 -0.5603416724268309 -0.2092567001619919 
-0.5603416724268309 -0.2092567001619919 -0.5906084828185965 -0.4168914870936876 
