0 0 0 1 -0.5266568349192127 -0.3099931519575879 
0 0 6.5 1 -0.5004776535132366 0.3159046508154592 
10 0 0 1 -0.2524566188795552 -0.1169721066281185 
10 0 6.5 1 -0.2311720726529456 0.2025572216628299 
10 10 0 1 0.235367058024767 -0.1640417037296816 
10 10 6.5 1 0.2717387201417223 0.1591507047428132 
0 10 0 1 0.4247897466272618 -0.408469032939224 
0 10 6.5 1 0.5101131669093295 0.2315868175441018 
0 5 10 1 0.02916442178406449 0.6478897082804378 
10 5 10 1 0.03448353687918047 0.3621767067987094 
0 6 0 1 0.03735311022340553 -0.368368868795045 
0 8 0 1 0.2299007994383338 -0.3882977893400101 
0 8 5 1 0.2852092762176269 0.09505025816134054 
0 6 5 1 0.08347747962874723 0.1128572392081437 
0 2 2.5 1 -0.3269955992933221 -0.09599162433325348 
0 4 2.5 1 -0.134729596353923 -0.1144590077811685 
0 4 5 1 -0.1157354574539083 0.130441879085903 
0 2 5 1 -0.3124764187306339 0.1478083162456541 
0.5 0.5 -0.5 1 -0.4591659213180431 -0.340012685517225 
0.5 0.5 6 1 -0.4304926378798233 0.2528380086621955 
10.5 0.5 -0.5 1 -0.2236940894169059 -0.1376502277992301 
10.5 0.5 6 1 -0.2021238871356027 0.1730491692426652 
10.5 10.5 -0.5 1 0.2521675182987898 -0.1838351962688216 
10.5 10.5 6 1 0.2880824392994897 0.130320635654126 
0.5 10.5 -0.5 1 0.4478088002067351 -0.4345517117030108 
0.5 10.5 6 1 0.5300648267043809 0.1709437640430966 
0.5 5.5 9.5 1 0.07467424404953765 0.5644189079796207 
10.5 5.5 9.5 1 0.05721740056399607 0.3277571462924742 
0.5 6.5 -0.5 1 0.07879679078934962 -0.3960875349258122 
0.5 8.5 -0.5 1 0.2622419247727125 -0.4152090428506989 
0.5 8.5 4.5 1 0.3161676314864202 0.04248289605235085 
0.5 6.5 4.5 1 0.1244056558891703 0.0597071528065521 
0.5 2.5 2 1 -0.2674148322915259 -0.1372379593344069 
0.5 4.5 2 1 -0.08421962552878533 -0.1550402940264633 
0.5 4.5 4.5 1 -0.06508175539144119 0.07672710586774174 
0.5 2.5 4.5 1 -0.2523348330143398 0.09354636879484649 
