-0.4383458442613283 -0.4310235640450814 -0.4509764428869 -0.0948932460800872 
-0.003189438343377971 -0.3308084143172423 -0.02473206434061907 -0.06889287977169113 
0.3209506492913031 -0.4174435035219904 0.2760512614818288 -0.0243966303247382 
-0.2843564161754027 -0.6361701719845029 -0.3149336046359135 -0.04833109646674802 
-0.4383458442613283 -0.4310235640450814 -0.003189438343377971 -0.3308084143172423 
-0.003189438343377971 -0.3308084143172423 0.3209506492913031 -0.4174435035219904 
0.3209506492913031 -0.4174435035219904 -0.2843564161754027 -0.6361701719845029 
-0.2843564161754027 -0.6361701719845029 -0.4383458442613283 -0.4310235640450814 
-0.4509764428869 -0.0948932460800872 -0.4100797893958534 0.137748593846701 
-0.4100797893958534 0.137748593846701 -0.3149336046359135 -0.04833109646674802 
-0.02473206434061907 -0.06889287977169113 0.08086718339240721 0.1100982643955048 
0.08086718339240721 0.1100982643955048 0.2760512614818288 -0.0243966303247382 
-0.4100797893958534 0.137748593846701 0.08086718339240721 0.1100982643955048 
-0.4509764428869 -0.0948932460800872 -0.02473206434061907 -0.06889287977169113 
-0.3149336046359135 -0.04833109646674802 0.2760512614818288 -0.0243966303247382 
-0.3674347380617016 -0.5254922109054894 -0.3313600051751922 -0.5735514132544883 
-0.3313600051751922 -0.5735514132544883 -0.3503301193927587 -0.1756137859253548 
-0.3503301193927587 -0.1756137859253548 -0.3830109290967574 -0.1738800923259238 
-0.3830109290967574 -0.1738800923259238 -0.3674347380617016 -0.5254922109054894 
-0.4248692150426326 -0.3118958717604693 -0.402652283204524 -0.3274456576717082 
-0.402652283204524 -0.3274456576717082 -0.4090992570928503 -0.1724961251697749 
-0.4090992570928503 -0.1724961251697749 -0.4304071258117979 -0.1713657579619198 
-0.4304071258117979 -0.1713657579619198 -0.4248692150426326 -0.3118958717604693 
