0 0 0 1 0.2889466796746492 -0.2701710971078792 
0 0 6.5 1 0.2531730098944167 0.07763325639129279 
10 0 0 1 0.2168449904274205 -0.5738370080033264 
10 0 6.5 1 0.145146793414574 0.130375391561964 
10 10 0 1 -0.586830127794212 -0.496482857654638 
10 10 6.5 1 -0.6351144615825678 0.01838926555403144 
0 10 0 1 -0.1816342878541335 -0.2727690637192947 
0 10 6.5 1 -0.2105069893323296 0.02157553953744201 
0 5 10 1 -0.01510164529641339 0.2181079152833317 
10 5 10 1 -0.3362651197980475 0.3830562145550822 
0 6 0 1 -0.01196038631486485 -0.2718323340990075 
0 8 0 1 -0.09949674570196806 -0.2723156017079098 
0 8 5 1 -0.1226215765517708 -0.03854974671471816 
0 6 5 1 -0.03605718861418543 -0.03040383132913346 
0 2 2.5 1 0.1684236954648982 -0.1414114269962591 
0 4 2.5 1 0.06893442086960631 -0.1463531502265755 
0 4 5 1 0.05637547587216117 -0.02170569712280365 
0 2 5 1 0.1552940762433005 -0.01239722087891508 
0.5 0.5 -0.5 1 0.261660812392377 -0.3052461065481037 
0.5 0.5 6 1 0.2253876531096284 0.04848916116011508 
10.5 0.5 -0.5 1 0.1581125954328225 -0.656620396896991 
10.5 0.5 6 1 0.08438844873939463 0.07233733579491884 
10.5 10.5 -0.5 1 -0.6494056448399558 -0.5544492314300888 
10.5 10.5 6 1 -0.6985565377890309 -0.02647332680957568 
0.5 10.5 -0.5 1 -0.211303874743384 -0.3023962190297619 
0.5 10.5 6 1 -0.240493767529227 -0.003814972805283752 
0.5 5.5 9.5 1 -0.04458550201827636 0.1936172922905406 
10.5 5.5 9.5 1 -0.4009939443233476 0.3416870251748715 
0.5 6.5 -0.5 1 -0.04105168038955392 -0.3034220875921648 
0.5 8.5 -0.5 1 -0.1289259007053548 -0.3028925942695689 
0.5 8.5 4.5 1 -0.1523166526563321 -0.06565127858407505 
0.5 6.5 4.5 1 -0.06543870686127976 -0.05828473083826424 
0.5 2.5 2 1 0.1402039587851354 -0.1731106466125463 
0.5 4.5 2 1 0.04013775712638252 -0.1770367647418365 
0.5 4.5 4.5 1 0.02742038536357171 -0.0504110302086394 
0.5 2.5 4.5 1 0.126900305143898 -0.04197593690498375 
