0 0 0 1 0.2763268593562879 -0.3887926505413626 
0 0 6.5 1 0.2413371329411412 -0.06875442136185214 
10 0 0 1 0.7019797466334662 -0.6302127102565513 
10 0 6.5 1 0.6088760241707958 -0.01657554439535028 
10 10 0 1 -0.2809805666199248 -0.8352200323723924 
10 10 6.5 1 -0.3158042516738208 -0.08376552139590351 
0 10 0 1 -0.2284869641406662 -0.4606787180532654 
0 10 6.5 1 -0.2475614359381748 -0.1067571032120483 
0 5 10 1 -0.005941664675722167 0.08415308027189188 
10 5 10 1 0.1545614231317987 0.2783606591018254 
0 6 0 1 -0.01478336769457689 -0.4302470807909536 
0 8 0 1 -0.1195164609060973 -0.445161193398211 
0 8 5 1 -0.1372090439752905 -0.1762277462686705 
0 6 5 1 -0.03513489238704624 -0.1668192751786598 
0 2 2.5 1 0.1702197379504176 -0.2737950979517281 
0 4 2.5 1 0.07439269695228617 -0.2849948531675859 
0 4 5 1 0.06315492989380844 -0.1577596167148591 
0 2 5 1 0.1578670448121174 -0.1490297259323498 
0.5 0.5 -0.5 1 0.2669324493174915 -0.4249606606875359 
0.5 0.5 6 1 0.2311853647205178 -0.09360357380548057 
10.5 0.5 -0.5 1 0.7107831319045294 -0.7177304675352986 
10.5 0.5 6 1 0.6114744864008711 -0.06115988419595067 
10.5 10.5 -0.5 1 -0.3483595508961309 -0.9593969301867273 
10.5 10.5 6 1 -0.3800770400520555 -0.1427445123444374 
0.5 10.5 -0.5 1 -0.2569745535323673 -0.5032150000082106 
0.5 10.5 6 1 -0.2755784194868968 -0.1354160635046669 
0.5 5.5 9.5 1 -0.02431799141099639 0.06354740680438985 
10.5 5.5 9.5 1 0.1285322694765712 0.2500749367185766 
0.5 6.5 -0.5 1 -0.03476736336887513 -0.470024611706547 
0.5 8.5 -0.5 1 -0.1435905417185389 -0.4862791871907563 
0.5 8.5 4.5 1 -0.1611609075184494 -0.2069425711476926 
0.5 6.5 4.5 1 -0.05520869213689486 -0.1966202359429428 
0.5 2.5 2 1 0.1573204373451123 -0.3063795726509353 
0.5 4.5 2 1 0.05805612540613868 -0.318584758417437 
0.5 4.5 4.5 1 0.04668668184306758 -0.1866931362381676 
0.5 2.5 4.5 1 0.1447538382204094 -0.1771389984878798 
