0 0 0 1 0.1310157956414918 -0.4193102766524956 
0 0 6.5 1 0.1375589536493741 -0.1299696798299113 
10 0 0 1 0.6142188313659793 -0.5672300841928225 
10 0 6.5 1 0.5894180709662387 -0.1245881506695637 
10 10 0 1 0.1317941412453112 -0.7875504646604798 
10 10 6.5 1 0.1473230716652476 -0.05480633998830202 
0 10 0 1 -0.296939127708956 -0.4829862345402466 
0 10 6.5 1 -0.2608404416872808 -0.09275240734139506 
0 5 10 1 -0.02447422429167667 0.05025080693620633 
10 5 10 1 0.4124161051371614 0.1609909898064709 
0 6 0 1 -0.09363342431099908 -0.4527361200969859 
0 8 0 1 -0.1885033122189385 -0.4668519315005499 
0 8 5 1 -0.1671813096326895 -0.1823099115389993 
0 6 5 1 -0.07775650663178005 -0.1858311116666688 
0 2 2.5 1 0.0685262716600471 -0.3081018054335129 
0 4 2.5 1 -0.004056898579796325 -0.3119575315013486 
0 4 5 1 0.001576045850418763 -0.1889549183126372 
0 2 5 1 0.07243356787950966 -0.191745011298502 
0.5 0.5 -0.5 1 0.1304840279843455 -0.4509506335936977 
0.5 0.5 6 1 0.1372749873376602 -0.1502496901918517 
10.5 0.5 -0.5 1 0.6402451899741953 -0.6248354180908701 
10.5 0.5 6 1 0.6122119007222488 -0.1551088930593767 
10.5 10.5 -0.5 1 0.1304243564316977 -0.9091702293993226 
10.5 10.5 6 1 0.1474395575291638 -0.09922579587229195 
0.5 10.5 -0.5 1 -0.318624474661556 -0.5296092560343464 
0.5 10.5 6 1 -0.2794264120954071 -0.1184282972733656 
0.5 5.5 9.5 1 -0.0309042531515287 0.03444343807408366 
10.5 5.5 9.5 1 0.4286498291533048 0.142213461921305 
0.5 6.5 -0.5 1 -0.1038341395926417 -0.4919900353548237 
0.5 8.5 -0.5 1 -0.2037367779038761 -0.5094873747760368 
0.5 8.5 4.5 1 -0.1807479556338289 -0.2105377380373342 
0.5 6.5 4.5 1 -0.08684556494140769 -0.2124452977442103 
0.5 2.5 2 1 0.06567073409066035 -0.3367711118376028 
0.5 4.5 2 1 -0.009920753449931943 -0.3424941707901047 
0.5 4.5 4.5 1 -0.003946102837978015 -0.2141293408496535 
0.5 2.5 4.5 1 0.0697772879580572 -0.2156269786488597 
