0.3699062455786037 -0.6859369412305011 0.3504618317326736 -0.1671759412032425 
-0.3569637231768362 -0.6067305021517635 -0.3169211370772934 -0.1517696925861656 
-0.142630415202846 -0.4431934075309867 -0.1283186198778448 -0.1697559059617442 
0.2867555108154923 -0.4754517946528695 0.2796301763069775 -0.1801776654306389 
0.3699062455786037 -0.6859369412305011 -0.3569637231768362 -0.6067305021517635 
-0.3569637231768362 -0.6067305021517635 -0.142630415202846 -0.4431934075309867 
-0.142630415202846 -0.4431934075309867 0.2867555108154923 -0.4754517946528695 
0.2867555108154923 -0.4754517946528695 0.3699062455786037 -0.6859369412305011 
0.3504618317326736 -0.1671759412032425 0.3006099634845229 0.007457503390609 
0.3006099634845229 0.007457503390609 0.2796301763069775 -0.1801776654306389 
-0.3169211370772934 -0.1517696925861656 -0.1893562239847459 0.004519902774197973 
-0.1893562239847459 0.004519902774197973 -0.1283186198778448 -0.1697559059617442 
0.3006099634845229 0.007457503390609 -0.1893562239847459 0.004519902774197973 
0.3504618317326736 -0.1671759412032425 -0.3169211370772934 -0.1517696925861656 
0.2796301763069775 -0.1801776654306389 -0.1283186198778448 -0.1697559059617442 
0.3095881492306137 -0.5332496151682568 0.297091646521122 -0.5016163624735128 
0.297091646521122 -0.5016163624735128 0.290582271090974 -0.2497532854594827 
0.290582271090974 -0.2497532854594827 0.3018207655145199 -0.2548057171769138 
0.3018207655145199 -0.2548057171769138 0.3095881492306137 -0.5332496151682568 
0.3383891563396677 -0.4395781577469239 0.3201386628068909 -0.4122768487746231 
0.3201386628068909 -0.4122768487746231 0.3155399498048852 -0.2609733797866581 
0.3155399498048852 -0.2609733797866581 0.3326630681416169 -0.2686713313916858 
0.3326630681416169 -0.2686713313916858 0.3383891563396677 -0.4395781577469239 
