0 0 0 1 -0.7025669740229664 -0.5978010002256463 
0 0 6.5 1 -0.6269006083003926 -0.1082821465834912 
10 0 0 1 -0.1988923975131801 -0.4462950839302721 
10 0 6.5 1 -0.1767609225283981 -0.1451497438560016 
10 10 0 1 0.256888925886124 -0.5472860641995916 
10 10 6.5 1 0.2555564662983222 -0.1554872006067975 
0 10 0 1 -0.08570392348453969 -0.8932134843959332 
0 10 6.5 1 -0.0460172840935858 -0.1083642885107422 
0 5 10 1 -0.365620839867852 0.1701135394171604 
10 5 10 1 0.01958008201260473 0.01806484760827893 
0 6 0 1 -0.4044006984544593 -0.740591267991908 
0 8 0 1 -0.2622087331050777 -0.8086862554875149 
0 8 5 1 -0.2183451470895687 -0.2557417749311073 
0 6 5 1 -0.3530687670218073 -0.2425428560227547 
0 2 2.5 1 -0.5892562759610992 -0.422594438779615 
0 4 2.5 1 -0.4924747972350849 -0.4493897489451653 
0 4 5 1 -0.4656772984951242 -0.2315105598593013 
0 2 5 1 -0.5612030494248627 -0.2221518695211463 
0.5 0.5 -0.5 1 -0.6487896171177069 -0.635339456131181 
0.5 0.5 6 1 -0.5778648613103781 -0.1456126780967665 
10.5 0.5 -0.5 1 -0.167865167804558 -0.4698695006435657 
10.5 0.5 6 1 -0.1473855238885046 -0.168618906690031 
10.5 10.5 -0.5 1 0.2948843233387492 -0.577366981323758 
10.5 10.5 6 1 0.2910982685800662 -0.1854313215007795 
0.5 10.5 -0.5 1 -0.005932091370341844 -0.9502395060503643 
0.5 10.5 6 1 0.02366554613136498 -0.16526805327559 
0.5 5.5 9.5 1 -0.3110479813229513 0.1254339404901819 
10.5 5.5 9.5 1 0.05078777255394972 -0.008128323264090929 
0.5 6.5 -0.5 1 -0.3374575949123665 -0.7878436509291276 
0.5 8.5 -0.5 1 -0.1893835426721824 -0.8603768710823192 
0.5 8.5 4.5 1 -0.1522298169323621 -0.3073993715451055 
0.5 6.5 4.5 1 -0.2918273873147633 -0.2897129873938162 
0.5 2.5 2 1 -0.5338978582431751 -0.4628857824993077 
0.5 4.5 2 1 -0.4331133277833821 -0.4929016258011599 
0.5 4.5 4.5 1 -0.4086651054889366 -0.2749101741261647 
0.5 2.5 4.5 1 -0.5078895418173069 -0.2623388844304241 
