0 0 0 1 -0.2491737113446629 -0.02800847480702683 
0 0 6.5 1 -0.2769533439985712 0.241951341954236 
10 0 0 1 0.1448882309200051 0.005089001706463883 
10 0 6.5 1 0.1343411991923828 0.2629415698420744 
10 10 0 1 0.3170800035674602 -0.08167869822923346 
10 10 6.5 1 0.3111038931945619 0.3380957464796967 
0 10 0 1 -0.3229745317934581 -0.1438866802558952 
0 10 6.5 1 -0.3757732929957849 0.3089604684328669 
0 5 10 1 -0.3347708317365624 0.4642334788371586 
10 5 10 1 0.1953242675035129 0.4769365371052333 
0 6 0 1 -0.2841977537143158 -0.08300140242869763 
0 8 0 1 -0.3013231239669246 -0.1098907670787369 
0 8 5 1 -0.335344470208057 0.1924558250765953 
0 6 5 1 -0.3137782346633941 0.1875421076289385 
0 2 2.5 1 -0.2703255274120319 0.06666218268645724 
0 4 2.5 1 -0.2831349652657662 0.05887997978759302 
0 4 5 1 -0.2964511026005597 0.1835942405587361 
0 2 5 1 -0.2822250498884796 0.1803529329472214 
0.5 0.5 -0.5 1 -0.2283553910085494 -0.04999549626583375 
0.5 0.5 6 1 -0.2556595324085977 0.2230914992291249 
10.5 0.5 -0.5 1 0.1701190189234874 -0.01537592470903713 
10.5 0.5 6 1 0.1604502882183206 0.2453346239226045 
10.5 10.5 -0.5 1 0.3618873858951674 -0.1168406707140701 
10.5 10.5 6 1 0.3588138565486199 0.3105588377119475 
0.5 10.5 -0.5 1 -0.2898571544365433 -0.1835631908602364 
0.5 10.5 6 1 -0.3415738500539181 0.2781357714521818 
0.5 5.5 9.5 1 -0.3081241834581577 0.4439995490007431 
10.5 5.5 9.5 1 0.2299978301261205 0.4582492702993593 
0.5 6.5 -0.5 1 -0.2573954005318527 -0.1130637223918767 
0.5 8.5 -0.5 1 -0.2716913420009567 -0.1441112214822135 
0.5 8.5 4.5 1 -0.3050201006108873 0.1633298051909585 
0.5 6.5 4.5 1 -0.2863953197723447 0.161555981364942 
0.5 2.5 2 1 -0.2476205751005389 0.04384048113792523 
0.5 4.5 2 1 -0.258427467198529 0.03368231001471581 
0.5 4.5 4.5 1 -0.271497080892167 0.1601370733348052 
0.5 2.5 4.5 1 -0.2593086610219496 0.1589762484233763 
