0 0 0 1 -0.1664806870154167 -0.0208631004244149 
0 0 6.5 1 -0.1774290740037859 0.2364753075260253 
10 0 0 1 0.2235940199266429 -0.0228291532671062 
10 0 6.5 1 0.2332411333618482 0.2409931433794569 
10 10 0 1 0.3250479707669039 -0.1646416674733806 
10 10 6.5 1 0.3504711423967283 0.2674330714317845 
0 10 0 1 -0.3050721002395383 -0.1560830334130338 
0 10 6.5 1 -0.3352123662700862 0.2588488264254666 
0 5 10 1 -0.2469697539618229 0.4336902880999987 
10 5 10 1 0.2856485011538185 0.4461528716253454 
0 6 0 1 -0.2334228137760006 -0.08617674204262667 
0 8 0 1 -0.2653778590158664 -0.11735442452282 
0 8 5 1 -0.2832178316945793 0.1620601775290802 
0 6 5 1 -0.2477761773891234 0.166203376648326 
0 2 2.5 1 -0.1899670996320206 0.06441899634739881 
0 4 2.5 1 -0.2129004315234083 0.05187511713695094 
0 4 5 1 -0.2189269710968599 0.1695759056242843 
0 2 5 1 -0.194987349453801 0.1723744944952143 
0.5 0.5 -0.5 1 -0.1506994211258607 -0.04436522085780754 
0.5 0.5 6 1 -0.1610002035833366 0.2161958571463002 
10.5 0.5 -0.5 1 0.2463589250324473 -0.04694536071881703 
10.5 0.5 6 1 0.2574180274630682 0.2202657126117085 
10.5 10.5 -0.5 1 0.3653656894179996 -0.2083085162375775 
10.5 10.5 6 1 0.395311606501575 0.2328529706229339 
0.5 10.5 -0.5 1 -0.2831874781268086 -0.1978129961225064 
0.5 10.5 6 1 -0.3122574241922221 0.2254915891862763 
0.5 5.5 9.5 1 -0.2271911769144656 0.4117901298015566 
10.5 5.5 9.5 1 0.3185353995780354 0.4237961536149205 
0.5 6.5 -0.5 1 -0.2143614826025579 -0.1180986721853772 
0.5 8.5 -0.5 1 -0.2449689217511134 -0.1535482330756988 
0.5 8.5 4.5 1 -0.2620493716331728 0.1307638920159672 
0.5 6.5 4.5 1 -0.2280277738327605 0.1382821085005177 
0.5 2.5 2 1 -0.1729373928608868 0.03997565001459924 
0.5 4.5 2 1 -0.1947497196436647 0.02491626212535165 
0.5 4.5 4.5 1 -0.2004636963060139 0.1443733186564529 
0.5 2.5 4.5 1 -0.1776779779497678 0.1494085896147198 
