0.05891549549562133 -0.3422742910449382 0.08066266072079882 -0.07440153436929084 
0.505641576113032 -0.4750033510836603 0.5207666769037724 -0.1045226902121998 
0.224148628114476 -0.6957523705549572 0.2651986852851596 -0.05836560754971252 
-0.3075460084521312 -0.4172859795838993 -0.2640802126154781 -0.03310213537759596 
0.05891549549562133 -0.3422742910449382 0.505641576113032 -0.4750033510836603 
0.505641576113032 -0.4750033510836603 0.224148628114476 -0.6957523705549572 
0.224148628114476 -0.6957523705549572 -0.3075460084521312 -0.4172859795838993 
-0.3075460084521312 -0.4172859795838993 0.05891549549562133 -0.3422742910449382 
0.08066266072079882 -0.07440153436929084 -0.04616821188638475 0.1053605209803651 
-0.04616821188638475 0.1053605209803651 -0.2640802126154781 -0.03310213537759596 
0.5207666769037724 -0.1045226902121998 0.4374098574338227 0.1493781115021239 
0.4374098574338227 0.1493781115021239 0.2651986852851596 -0.05836560754971252 
-0.04616821188638475 0.1053605209803651 0.4374098574338227 0.1493781115021239 
0.08066266072079882 -0.07440153436929084 0.5207666769037724 -0.1045226902121998 
-0.2640802126154781 -0.03310213537759596 0.2651986852851596 -0.05836560754971252 
-0.12807756281317 -0.3805502488132245 -0.210559330363858 -0.3974335956068274 
-0.210559330363858 -0.3974335956068274 -0.1818761631786536 -0.1235373996476439 
-0.1818761631786536 -0.1235373996476439 -0.1033508867756623 -0.1270542848520416 
-0.1033508867756623 -0.1270542848520416 -0.12807756281317 -0.3805502488132245 
0.01426828604956397 -0.2419617772404486 -0.04618356583032624 -0.2468015404945994 
-0.04618356583032624 -0.2468015404945994 -0.03552280873281788 -0.1300920782230245 
-0.03552280873281788 -0.1300920782230245 0.0236545374800271 -0.1327424341703682 
0.0236545374800271 -0.1327424341703682 0.01426828604956397 -0.2419617772404486 
