0 0 0 1 0.2738948412268588 -0.2794199216015732 
0 0 6.5 1 0.3170404176634867 0.1173660244866354 
10 0 0 1 -0.3741754302842453 -0.2710976404118738 
10 0 6.5 1 -0.332309379092677 0.2050545214606426 
10 10 0 1 -0.3331455069040118 -0.1346621209712514 
10 10 6.5 1 -0.3083709318120287 0.1441650408440319 
0 10 0 1 0.07055236092898631 -0.1540171132343585 
0 10 6.5 1 0.09596237297063299 0.09557673277153056 
0 5 10 1 0.1986196406635576 0.2714730912808849 
10 5 10 1 -0.3001336410786996 0.3592657380958173 
0 6 0 1 0.1306605040128518 -0.1910862487018379 
0 8 0 1 0.09820101184181622 -0.1710682403129432 
0 8 5 1 0.1194660596891047 0.0359014216633576 
0 6 5 1 0.1540224860171675 0.03387520799619487 
0 2 2.5 1 0.2305651492907825 -0.1082122046952427 
0 4 2.5 1 0.1822104660533171 -0.09221362463898779 
0 4 5 1 0.1952165984920161 0.03145979406100461 
0 2 5 1 0.245164063858291 0.02853112788457487 
0.5 0.5 -0.5 1 0.2283975780842613 -0.2988193959558013 
0.5 0.5 6 1 0.2700289425060562 0.08900820188115927 
10.5 0.5 -0.5 1 -0.4116338723545944 -0.2944294905403637 
10.5 0.5 6 1 -0.371423385487375 0.1688811647578634 
10.5 10.5 -0.5 1 -0.3559893898163171 -0.1505911852557811 
10.5 10.5 6 1 -0.3317982661758591 0.1237833280481357 
0.5 10.5 -0.5 1 0.04448081590082088 -0.1680542599610163 
0.5 10.5 6 1 0.06933318104777277 0.07796542825578667 
0.5 5.5 9.5 1 0.164054267693364 0.2467664376381396 
10.5 5.5 9.5 1 -0.329948957102253 0.3292551878160305 
0.5 6.5 -0.5 1 0.09915635031136229 -0.2069286594877481 
0.5 8.5 -0.5 1 0.06966306889292131 -0.185958885390876 
0.5 8.5 4.5 1 0.09042417912068268 0.01781915002878624 
0.5 6.5 4.5 1 0.1219159006500144 0.01426710673952301 
0.5 2.5 2 1 0.1904396382187987 -0.1290277227895739 
0.5 4.5 2 1 0.1467116467642256 -0.1113563435495861 
0.5 4.5 4.5 1 0.159349124123496 0.01004490408506893 
0.5 2.5 4.5 1 0.2045804542426473 0.004943130196190307 
