0 0 0 1 0.2948971762857799 -0.3658483168399929 
0 0 6.5 1 0.3255658566429587 0.05503762325247065 
10 0 0 1 -0.3802308191169729 -0.3239998186648704 
10 0 6.5 1 -0.3270078971169535 0.128770508331211 
10 10 0 1 -0.2737124981934443 -0.213466665399593 
10 10 6.5 1 -0.2439271131361163 0.05404526718524946 
0 10 0 1 0.1309805134397806 -0.2438849067318245 
0 10 6.5 1 0.1525692318341004 0.01217025812288896 
0 5 10 1 0.231605414376608 0.1944292925974916 
10 5 10 1 -0.2550403464659729 0.2568893917484943 
0 6 0 1 0.178181482361772 -0.2790051381359026 
0 8 0 1 0.1525656168100853 -0.259945463168683 
0 8 5 1 0.170334563610371 -0.04533164428380897 
0 6 5 1 0.1971865931415635 -0.04436819971744732 
0 2 2.5 1 0.2581528364757074 -0.1846387952696201 
0 4 2.5 1 0.2193619932882985 -0.1714859395963212 
0 4 5 1 0.2294748809079106 -0.04320970347158728 
0 2 5 1 0.269036235491498 -0.04179025128205401 
0.5 0.5 -0.5 1 0.2489540418577789 -0.3866070010078778 
0.5 0.5 6 1 0.2800914031960371 0.02427209980027739 
10.5 0.5 -0.5 1 -0.4110050889777493 -0.3475609228891986 
10.5 0.5 6 1 -0.3583274669669977 0.09365566301664555 
10.5 10.5 -0.5 1 -0.2937763690482765 -0.2293075212591532 
10.5 10.5 6 1 -0.264124990210067 0.03413018350963973 
0.5 10.5 -0.5 1 0.1054167678914524 -0.2585350022833518 
0.5 10.5 6 1 0.1270966516336146 -0.006216310340176004 
0.5 5.5 9.5 1 0.198988613017973 0.1685079032065898 
10.5 5.5 9.5 1 -0.279744283949479 0.2282398105407479 
0.5 6.5 -0.5 1 0.147050233340433 -0.2956827130245376 
0.5 8.5 -0.5 1 0.1244863071292275 -0.2755499137237807 
0.5 8.5 4.5 1 0.1423469545840596 -0.06434513908205866 
0.5 6.5 4.5 1 0.1661789925287961 -0.0651149904842963 
0.5 2.5 2 1 0.2185796196637348 -0.2070080714345551 
0.5 4.5 2 1 0.1845388084977581 -0.1918866163707126 
0.5 4.5 4.5 1 0.1947381728676967 -0.06603754377502385 
0.5 2.5 4.5 1 0.2295858000579473 -0.06716323410496031 
