0.2611243096331998 -0.4056141914203847 0.2297888893728905 -0.08862945419900839 
0.7232502350769003 -0.6085005316237023 0.6288804270569409 -0.02264987128795909 
-0.2036988476270369 -0.8287210630344146 -0.2267450218423198 -0.05227280476300243 
-0.2401129369225979 -0.4781186924758093 -0.249599212197989 -0.1125895454135119 
0.2611243096331998 -0.4056141914203847 0.7232502350769003 -0.6085005316237023 
0.7232502350769003 -0.6085005316237023 -0.2036988476270369 -0.8287210630344146 
-0.2036988476270369 -0.8287210630344146 -0.2401129369225979 -0.4781186924758093 
-0.2401129369225979 -0.4781186924758093 0.2611243096331998 -0.4056141914203847 
0.2297888893728905 -0.08862945419900839 -0.005070978754941217 0.06958901314845235 
-0.005070978754941217 0.06958901314845235 -0.249599212197989 -0.1125895454135119 
0.6288804270569409 -0.02264987128795909 0.2223650144276798 0.2751136845835385 
0.2223650144276798 0.2751136845835385 -0.2267450218423198 -0.05227280476300243 
-0.005070978754941217 0.06958901314845235 0.2223650144276798 0.2751136845835385 
0.2297888893728905 -0.08862945419900839 0.6288804270569409 -0.02264987128795909 
-0.249599212197989 -0.1125895454135119 -0.2267450218423198 -0.05227280476300243 
-0.02270592847697689 -0.4466705373723806 -0.1282645613091597 -0.4619397059311426 
-0.1282645613091597 -0.4619397059311426 -0.1398838482998765 -0.1858702318373368 
-0.1398838482998765 -0.1858702318373368 -0.03808635814105986 -0.1786531961597619 
-0.03808635814105986 -0.1786531961597619 -0.02270592847697689 -0.4466705373723806 
0.1604956307492267 -0.2895882464320116 0.06753637392781639 -0.2995321113483159 
0.06753637392781639 -0.2995321113483159 0.05835245415089123 -0.1718160693511527 
0.05835245415089123 -0.1718160693511527 0.1498448631740432 -0.1653296227883032 
0.1498448631740432 -0.1653296227883032 0.1604956307492267 -0.2895882464320116 
