0 0 0 1 -0.7061345648772684 -0.4870569928398833 
0 0 6.5 1 -0.6257685818642261 0.04651560781157903 
10 0 0 1 -0.2429136924522614 -0.3313469611096087 
10 0 6.5 1 -0.2103698465186819 -0.0291035406132011 
10 10 0 1 0.2337171125916556 -0.4197656536487149 
10 10 6.5 1 0.255530423270014 -0.05985103463459279 
0 10 0 1 0.1059077604080551 -0.7318659736393921 
0 10 6.5 1 0.1586191915162428 0.01222121529361786 
0 5 10 1 -0.2581141524288983 0.3371157644433697 
10 5 10 1 0.0177743378263649 0.1251664519171528 
0 6 0 1 -0.2846163589141206 -0.6141334261452751 
0 8 0 1 -0.1034728262867182 -0.6687433426731549 
0 8 5 1 -0.0544269411279388 -0.1301176325879002 
0 6 5 1 -0.2300884891461188 -0.112698777113192 
0 2 2.5 1 -0.5512221509036336 -0.2993440756509296 
0 4 2.5 1 -0.4130444874003422 -0.3265319645320097 
0 4 5 1 -0.3845505217701674 -0.09738209652507904 
0 2 5 1 -0.5214323048311185 -0.08380869914153613 
0.5 0.5 -0.5 1 -0.6435330487977771 -0.5245023330446626 
0.5 0.5 6 1 -0.5678703711537257 0.0006481864222870579 
10.5 0.5 -0.5 1 -0.2127506577265071 -0.354382140150461 
10.5 0.5 6 1 -0.1814515945468781 -0.05485165682669691 
10.5 10.5 -0.5 1 0.2629338008831407 -0.4458442998392091 
10.5 10.5 6 1 0.2834546136247405 -0.0897825592571999 
0.5 10.5 -0.5 1 0.1694476446646849 -0.7766290907918227 
0.5 10.5 6 1 0.2164544385990945 -0.04894029046996326 
0.5 5.5 9.5 1 -0.2014632668326998 0.2797015410123654 
10.5 5.5 9.5 1 0.0458177119825434 0.09593913815262516 
0.5 6.5 -0.5 1 -0.219925614058137 -0.6558741724220865 
0.5 8.5 -0.5 1 -0.03894892085077873 -0.711999818766578 
0.5 8.5 4.5 1 0.005677659521358384 -0.1845706660820885 
0.5 6.5 4.5 1 -0.1696749090157482 -0.1641406932862937 
0.5 2.5 2 1 -0.4896435140440563 -0.3420846432395526 
0.5 4.5 2 1 -0.3508367666020255 -0.3712443324516722 
0.5 4.5 4.5 1 -0.3243276597347544 -0.1461224143620501 
0.5 2.5 4.5 1 -0.4617416325495738 -0.1301125905551363 
