0.02095527080144041 -0.2439073475338476 -0.01559043569152758 0.4491045573378942 
-0.2464226562560628 -0.06473148397231114 -0.2814585025461585 0.2960906118168664 
0.1789534614936188 0.002603737622730422 0.172130448399511 0.2909978427388012 
0.6141801802206016 -0.07930991366598811 0.6380379818262929 0.3879666277606196 
0.02095527080144041 -0.2439073475338476 -0.2464226562560628 -0.06473148397231114 
-0.2464226562560628 -0.06473148397231114 0.1789534614936188 0.002603737622730422 
0.1789534614936188 0.002603737622730422 0.6141801802206016 -0.07930991366598811 
0.6141801802206016 -0.07930991366598811 0.02095527080144041 -0.2439073475338476 
-0.01559043569152758 0.4491045573378942 0.382707520371247 0.7602174895632845 
0.382707520371247 0.7602174895632845 0.6380379818262929 0.3879666277606196 
-0.2814585025461585 0.2960906118168664 -0.03859615109351104 0.4808502415780382 
-0.03859615109351104 0.4808502415780382 0.172130448399511 0.2909978427388012 
0.382707520371247 0.7602174895632845 -0.03859615109351104 0.4808502415780382 
-0.01559043569152758 0.4491045573378942 -0.2814585025461585 0.2960906118168664 
0.6380379818262929 0.3879666277606196 0.172130448399511 0.2909978427388012 
0.4289789077342492 -0.1306962491288111 0.5278932971882438 -0.1032512541223225 
0.5278932971882438 -0.1032512541223225 0.5415871012242637 0.2736987179751947 
0.5415871012242637 0.2736987179751947 0.4367834083278313 0.2738454189013702 
0.4367834083278313 0.2738454189013702 0.4289789077342492 -0.1306962491288111 
0.1747589000795537 0.02776806080209429 0.3143121767461091 0.04774465106295138 
0.3143121767461091 0.04774465106295138 0.3141678691474785 0.2740170522919897 
0.3141678691474785 0.2740170522919897 0.1687779824354555 0.2742205645008419 
0.1687779824354555 0.2742205645008419 0.1747589000795537 0.02776806080209429 
