0.2442466437003119 -0.4008273281488785 0.2175280551288756 -0.08845493790994106 
0.7209925841024455 -0.5684157064426391 0.6318054770212038 -0.01082929978856327 
-0.1427833702574812 -0.7774555105650383 -0.1584903832147094 -0.002170767105208483 
-0.2497770318350686 -0.4681672473707531 -0.2511791639663977 -0.09756295217080482 
0.2442466437003119 -0.4008273281488785 0.7209925841024455 -0.5684157064426391 
0.7209925841024455 -0.5684157064426391 -0.1427833702574812 -0.7774555105650383 
-0.1427833702574812 -0.7774555105650383 -0.2497770318350686 -0.4681672473707531 
-0.2497770318350686 -0.4681672473707531 0.2442466437003119 -0.4008273281488785 
0.2175280551288756 -0.08845493790994106 -0.006146193719518718 0.07468705580960824 
-0.006146193719518718 0.07468705580960824 -0.2511791639663977 -0.09756295217080482 
0.6318054770212038 -0.01082929978856327 0.2650011507816663 0.2897252942075516 
0.2650011507816663 0.2897252942075516 -0.1584903832147094 -0.002170767105208483 
-0.006146193719518718 0.07468705580960824 0.2650011507816663 0.2897252942075516 
0.2175280551288756 -0.08845493790994106 0.6318054770212038 -0.01082929978856327 
-0.2511791639663977 -0.09756295217080482 -0.1584903832147094 -0.002170767105208483 
-0.0317918775521644 -0.4384538886636614 -0.1369050106546905 -0.4527817645182171 
-0.1369050106546905 -0.4527817645182171 -0.1431184565892792 -0.1741806087221271 
-0.1431184565892792 -0.1741806087221271 -0.04244569886654039 -0.1696383177528306 
-0.04244569886654039 -0.1696383177528306 -0.0317918775521644 -0.4384538886636614 
0.149026647064284 -0.2843197613923711 0.05892075573898192 -0.2923934385189567 
0.05892075573898192 -0.2923934385189567 0.0518229199552019 -0.1653849774684476 
0.0518229199552019 -0.1653849774684476 0.1402796462774004 -0.1613938660870208 
0.1402796462774004 -0.1613938660870208 0.149026647064284 -0.2843197613923711 
