0.2876388874579111 -0.2671342521451274 0.2530152964159528 0.08093543875061382 
0.1928014051339026 -0.5786608197795887 0.1229379270556674 0.1207937927311664 
-0.5849449701778927 -0.4887994555597672 -0.6365443532388656 0.01517543619513935 
-0.1779186800374109 -0.2654701421225632 -0.2073821079442473 0.02628532600782135 
0.2876388874579111 -0.2671342521451274 0.1928014051339026 -0.5786608197795887 
0.1928014051339026 -0.5786608197795887 -0.5849449701778927 -0.4887994555597672 
-0.5849449701778927 -0.4887994555597672 -0.1779186800374109 -0.2654701421225632 
-0.1779186800374109 -0.2654701421225632 0.2876388874579111 -0.2671342521451274 
0.2530152964159528 0.08093543875061382 -0.0146155043947844 0.2224030990536047 
-0.0146155043947844 0.2224030990536047 -0.2073821079442473 0.02628532600782135 
0.1229379270556674 0.1207937927311664 -0.350601513746719 0.3757767948793841 
-0.350601513746719 0.3757767948793841 -0.6365443532388656 0.01517543619513935 
-0.0146155043947844 0.2224030990536047 -0.350601513746719 0.3757767948793841 
0.2530152964159528 0.08093543875061382 0.1229379270556674 0.1207937927311664 
-0.2073821079442473 0.02628532600782135 -0.6365443532388656 0.01517543619513935 
-0.01100491497630807 -0.2660667662325233 -0.09724994835184929 -0.265758488085078 
-0.09724994835184929 -0.265758488085078 -0.1206059037590689 -0.03387881277786404 
-0.1206059037590689 -0.03387881277786404 -0.03510146189676851 -0.02616662852206742 
-0.03510146189676851 -0.02616662852206742 -0.01100491497630807 -0.2660667662325233 
0.1678406195687637 -0.1379413437996987 0.06897773753904195 -0.1421996450315034 
0.06897773753904195 -0.1421996450315034 0.05653010294581703 -0.01790180044622249 
0.05653010294581703 -0.01790180044622249 0.1549718554541824 -0.00902271864330647 
0.1549718554541824 -0.00902271864330647 0.1678406195687637 -0.1379413437996987 
