0.2916796460444754 -0.3691101284801541 0.2563042290714213 -0.02605386315726124 
0.5092858176754572 -0.6109431143250617 0.4168077643620203 0.09721144579749343 
-0.5541086268793978 -0.6371345215275327 -0.540359268255231 0.01896123006623737 
-0.2279619707256647 -0.392341941014793 -0.2366480285431105 -0.06193095704116964 
0.2916796460444754 -0.3691101284801541 0.5092858176754572 -0.6109431143250617 
0.5092858176754572 -0.6109431143250617 -0.5541086268793978 -0.6371345215275327 
-0.5541086268793978 -0.6371345215275327 -0.2279619707256647 -0.392341941014793 
-0.2279619707256647 -0.392341941014793 0.2916796460444754 -0.3691101284801541 
0.2563042290714213 -0.02605386315726124 -0.005927564456088044 0.1234174313294088 
-0.005927564456088044 0.1234174313294088 -0.2366480285431105 -0.06193095704116964 
0.4168077643620203 0.09721144579749343 -0.09708297823776338 0.3713067092919505 
-0.09708297823776338 0.3713067092919505 -0.540359268255231 0.01896123006623737 
-0.005927564456088044 0.1234174313294088 -0.09708297823776338 0.3713067092919505 
0.2563042290714213 -0.02605386315726124 0.4168077643620203 0.09721144579749343 
-0.2366480285431105 -0.06193095704116964 -0.540359268255231 0.01896123006623737 
-0.02545940596708139 -0.3832885829494863 -0.1275726488444958 -0.387853797973212 
-0.1275726488444958 -0.387853797973212 -0.1382142536763603 -0.1288733670381472 
-0.1382142536763603 -0.1288733670381472 -0.04011563184452337 -0.1223455659906175 
-0.04011563184452337 -0.1223455659906175 -0.02545940596708139 -0.3832885829494863 
0.1723408102535979 -0.2387983679780397 0.06883350493507878 -0.2445774582684228 
0.06883350493507878 -0.2445774582684228 0.05961627801366538 -0.1157090806507884 
0.05961627801366538 -0.1157090806507884 0.1610226083335785 -0.1089611739327592 
0.1610226083335785 -0.1089611739327592 0.1723408102535979 -0.2387983679780397 
