-0.6265862630273958 -0.299348464608307 -0.569102912407107 0.2795192751119596 
-0.2493045082813715 -0.1668000008058286 -0.2185501202837946 0.1409582932713943 
0.236482492255789 -0.2333434668517194 0.2703489746102402 0.1027044794682026 
0.2964151082194651 -0.4604606999433201 0.3658259346228699 0.2273099968364063 
-0.6265862630273958 -0.299348464608307 -0.2493045082813715 -0.1668000008058286 
-0.2493045082813715 -0.1668000008058286 0.236482492255789 -0.2333434668517194 
0.236482492255789 -0.2333434668517194 0.2964151082194651 -0.4604606999433201 
0.2964151082194651 -0.4604606999433201 -0.6265862630273958 -0.299348464608307 
-0.569102912407107 0.2795192751119596 -0.1079739353240793 0.5947242994128259 
-0.1079739353240793 0.5947242994128259 0.3658259346228699 0.2273099968364063 
-0.2185501202837946 0.1409582932713943 0.03251668676476697 0.2958180684121667 
0.03251668676476697 0.2958180684121667 0.2703489746102402 0.1027044794682026 
-0.1079739353240793 0.5947242994128259 0.03251668676476697 0.2958180684121667 
-0.569102912407107 0.2795192751119596 -0.2185501202837946 0.1409582932713943 
0.3658259346228699 0.2273099968364063 0.2703489746102402 0.1027044794682026 
-0.1115640901949932 -0.3892468939031986 0.0850244320455045 -0.4235619201274689 
0.0850244320455045 -0.4235619201274689 0.1362787158160214 0.0861736250367887 
0.1362787158160214 0.0861736250367887 -0.06227245817276455 0.10265607231933 
-0.06227245817276455 0.10265607231933 -0.1115640901949932 -0.3892468939031986 
-0.4432644324336446 -0.09757654358500031 -0.2711259320864119 -0.1197127317187608 
-0.2711259320864119 -0.1197127317187608 -0.247379834444717 0.1180225015864987 
-0.247379834444717 0.1180225015864987 -0.4203641100684598 0.1323825486534477 
-0.4203641100684598 0.1323825486534477 -0.4432644324336446 -0.09757654358500031 
