-0.6714042694836229 -0.3783537645999357 -0.600244956666124 0.1734784765372563 
-0.2476459692186556 -0.2414466250922639 -0.2148043861900245 0.06163322846490724 
0.2337991132901736 -0.3177937362706647 0.2627036843266215 0.02785494440966648 
0.2035198107542533 -0.5755901942053283 0.2633160261616608 0.1357700544360338 
-0.6714042694836229 -0.3783537645999357 -0.2476459692186556 -0.2414466250922639 
-0.2476459692186556 -0.2414466250922639 0.2337991132901736 -0.3177937362706647 
0.2337991132901736 -0.3177937362706647 0.2035198107542533 -0.5755901942053283 
0.2035198107542533 -0.5755901942053283 -0.6714042694836229 -0.3783537645999357 
-0.600244956666124 0.1734784765372563 -0.1860675190512893 0.4758017526557706 
-0.1860675190512893 0.4758017526557706 0.2633160261616608 0.1357700544360338 
-0.2148043861900245 0.06163322846490724 0.02515134859550728 0.2153904622988763 
0.02515134859550728 0.2153904622988763 0.2627036843266215 0.02785494440966648 
-0.1860675190512893 0.4758017526557706 0.02515134859550728 0.2153904622988763 
-0.600244956666124 0.1734784765372563 -0.2148043861900245 0.06163322846490724 
0.2633160261616608 0.1357700544360338 0.2627036843266215 0.02785494440966648 
-0.2004368315701038 -0.4845251890842249 -0.009407366782434857 -0.5275894622425371 
-0.009407366782434857 -0.5275894622425371 0.04006893168720059 -0.006252355772738336 
0.04006893168720059 -0.006252355772738336 -0.1487137586920183 0.009602068874782595 
-0.1487137586920183 0.009602068874782595 -0.2004368315701038 -0.4845251890842249 
-0.5015450977523803 -0.1841897009596886 -0.3458060390531926 -0.2080654669445525 
-0.3458060390531926 -0.2080654669445525 -0.3194664615954249 0.02394229178454465 
-0.3194664615954249 0.02394229178454465 -0.4746544266782085 0.03697535055526528 
-0.4746544266782085 0.03697535055526528 -0.5015450977523803 -0.1841897009596886 
