-0.2491737113446629 -0.02800847480702683 -0.2769533439985712 0.241951341954236 
0.1448882309200051 0.005089001706463883 0.1343411991923828 0.2629415698420744 
0.3170800035674602 -0.08167869822923346 0.3111038931945619 0.3380957464796967 
-0.3229745317934581 -0.1438866802558952 -0.3757732929957849 0.3089604684328669 
-0.2491737113446629 -0.02800847480702683 0.1448882309200051 0.005089001706463883 
0.1448882309200051 0.005089001706463883 0.3170800035674602 -0.08167869822923346 
0.3170800035674602 -0.08167869822923346 -0.3229745317934581 -0.1438866802558952 
-0.3229745317934581 -0.1438866802558952 -0.2491737113446629 -0.02800847480702683 
-0.2769533439985712 0.241951341954236 -0.3347708317365624 0.4642334788371586 
-0.3347708317365624 0.4642334788371586 -0.3757732929957849 0.3089604684328669 
0.1343411991923828 0.2629415698420744 0.1953242675035129 0.4769365371052333 
0.1953242675035129 0.4769365371052333 0.3111038931945619 0.3380957464796967 
-0.3347708317365624 0.4642334788371586 0.1953242675035129 0.4769365371052333 
-0.2769533439985712 0.241951341954236 0.1343411991923828 0.2629415698420744 
-0.3757732929957849 0.3089604684328669 0.3111038931945619 0.3380957464796967 
-0.2841977537143158 -0.08300140242869763 -0.3013231239669246 -0.1098907670787369 
-0.3013231239669246 -0.1098907670787369 -0.335344470208057 0.1924558250765953 
-0.335344470208057 0.1924558250765953 -0.3137782346633941 0.1875421076289385 
-0.3137782346633941 0.1875421076289385 -0.2841977537143158 -0.08300140242869763 
-0.2703255274120319 0.06666218268645724 -0.2831349652657662 0.05887997978759302 
-0.2831349652657662 0.05887997978759302 -0.2964511026005597 0.1835942405587361 
-0.2964511026005597 0.1835942405587361 -0.2822250498884796 0.1803529329472214 
-0.2822250498884796 0.1803529329472214 -0.2703255274120319 0.06666218268645724 
