0 0 0 1 -0.1360896635078184 -0.03114540247342767 
0 0 6.5 1 -0.1393454636111521 0.2222711647555311 
10 0 0 1 0.2537608784933835 -0.04927491285318043 
10 0 6.5 1 0.2713785281315298 0.217415912207799 
10 10 0 1 0.3246941828886049 -0.2073641736957793 
10 10 6.5 1 0.3610850825682465 0.2306252357619011 
0 10 0 1 -0.2996435491634034 -0.1658866124839549 
0 10 6.5 1 -0.3186520240423141 0.2374174460855326 
0 5 10 1 -0.2121445212190433 0.4125580644006653 
10 5 10 1 0.3189681197353835 0.4201956507908716 
0 6 0 1 -0.2155656992657658 -0.09662044259210974 
0 8 0 1 -0.2531887815117934 -0.1276156073100581 
0 8 5 1 -0.2633349513141003 0.1451259416729409 
0 6 5 1 -0.2227978487901134 0.1504512728290069 
0 2 2.5 1 -0.1601217727426695 0.05233527169524741 
0 4 2.5 1 -0.1869902626894025 0.03936657632183287 
0 4 5 1 -0.1896217051952787 0.1548095998954063 
0 2 5 1 -0.1619684377833251 0.1584423905327924 
0.5 0.5 -0.5 1 -0.1222607726379562 -0.05521268947481841 
0.5 0.5 6 1 -0.1248565761876152 0.2016390535717293 
10.5 0.5 -0.5 1 0.2755698791672301 -0.07498646610751 
10.5 0.5 6 1 0.2947331676269214 0.1955056599932004 
10.5 10.5 -0.5 1 0.3630288025389887 -0.2548473058159926 
10.5 10.5 6 1 0.4042753621597566 0.1933824603188995 
0.5 10.5 -0.5 1 -0.2820820488811938 -0.2082754253355694 
0.5 10.5 6 1 -0.3001586092201077 0.2037264544223159 
0.5 5.5 9.5 1 -0.1951650736608372 0.3904500255920357 
10.5 5.5 9.5 1 0.3508795171402536 0.3966180500077892 
0.5 6.5 -0.5 1 -0.1995089138665879 -0.1291941524848934 
0.5 8.5 -0.5 1 -0.2363495502404973 -0.1644768678203633 
0.5 8.5 4.5 1 -0.2457954138096919 0.1133984768332044 
0.5 6.5 4.5 1 -0.2060832206937958 0.1220950031034777 
0.5 2.5 2 1 -0.1453195870003877 0.02738293231224099 
0.5 4.5 2 1 -0.1714154852707722 0.01187807428134075 
0.5 4.5 4.5 1 -0.1737384874347157 0.1291781380406911 
0.5 2.5 4.5 1 -0.1468850194178199 0.1350587472877135 
