0.2531342258749455 -0.4043201063987968 0.223932059742741 -0.08944272845173315 
0.7236845934574447 -0.589271297060358 0.6313123550575468 -0.01708918164112227 
-0.173506279888365 -0.8058188120059496 -0.1927072566668701 -0.02811871425047683 
-0.2449579004278095 -0.4747406157611546 -0.2504593775975272 -0.1063188780538401 
0.2531342258749455 -0.4043201063987968 0.7236845934574447 -0.589271297060358 
0.7236845934574447 -0.589271297060358 -0.173506279888365 -0.8058188120059496 
-0.173506279888365 -0.8058188120059496 -0.2449579004278095 -0.4747406157611546 
-0.2449579004278095 -0.4747406157611546 0.2531342258749455 -0.4043201063987968 
0.223932059742741 -0.08944272845173315 -0.005500794455066398 0.07116613751391256 
-0.005500794455066398 0.07116613751391256 -0.2504593775975272 -0.1063188780538401 
0.6313123550575468 -0.01708918164112227 0.2444188997124577 0.2820593605592236 
0.2444188997124577 0.2820593605592236 -0.1927072566668701 -0.02811871425047683 
-0.005500794455066398 0.07116613751391256 0.2444188997124577 0.2820593605592236 
0.223932059742741 -0.08944272845173315 0.6313123550575468 -0.01708918164112227 
-0.2504593775975272 -0.1063188780538401 -0.1927072566668701 -0.02811871425047683 
-0.0270264595325966 -0.4439293616507349 -0.1324740222002274 -0.4588375898317203 
-0.1324740222002274 -0.4588375898317203 -0.141456364122538 -0.1812278926827368 
-0.141456364122538 -0.1812278926827368 -0.04012872239730551 -0.1752615902336261 
-0.04012872239730551 -0.1752615902336261 -0.0270264595325966 -0.4439293616507349 
0.155089896432356 -0.2880160160321055 0.06349059060910243 -0.2971000675000288 
0.06349059060910243 -0.2971000675000288 0.05530109164392884 -0.1696425594979034 
0.05530109164392884 -0.1696425594979034 0.1453334450952006 -0.1643413382146516 
0.1453334450952006 -0.1643413382146516 0.155089896432356 -0.2880160160321055 
