0 0 0 1 -0.7174682027378275 -0.5993316088379194 
0 0 6.5 1 -0.6363257111856314 -0.09322826708616627 
10 0 0 1 -0.2164995215859392 -0.4356911154275827 
10 0 6.5 1 -0.1901033688185089 -0.1326261253963693 
10 10 0 1 0.2477706791920908 -0.538374148813144 
10 10 6.5 1 0.253648670890275 -0.1526604065912657 
0 10 0 1 -0.03935853623008138 -0.9009150088969906 
0 10 6.5 1 0.00459816683010826 -0.1127356658756013 
0 5 10 1 -0.3448954854082124 0.1865005266267979 
10 5 10 1 0.0161634086251975 0.02703099769996804 
0 6 0 1 -0.3842356790231649 -0.7475338871356068 
0 8 0 1 -0.2289532293853574 -0.8165944114788865 
0 8 5 1 -0.1819681194532733 -0.2577683132868697 
0 6 5 1 -0.3296008042756671 -0.2406546834188618 
0 2 2.5 1 -0.5913477928716356 -0.4204247089624524 
0 4 2.5 1 -0.48302589724886 -0.4497949626655482 
0 4 5 1 -0.4544190233610011 -0.2261857139980313 
0 2 5 1 -0.56133192015978 -0.2137923354847842 
0.5 0.5 -0.5 1 -0.6608465245048145 -0.6370600540554592 
0.5 0.5 6 1 -0.5847120277714521 -0.132697123089987 
10.5 0.5 -0.5 1 -0.1856090946699842 -0.4591874859746136 
10.5 0.5 6 1 -0.1607963993592845 -0.1567225661166863 
10.5 10.5 -0.5 1 0.2834527407725856 -0.567373068706992 
10.5 10.5 6 1 0.2872143295584107 -0.1826674536843222 
0.5 10.5 -0.5 1 0.03780354592446587 -0.9546045695877278 
0.5 10.5 6 1 0.07253366649838414 -0.1710122921267232 
0.5 5.5 9.5 1 -0.2891024813400326 0.1386458707826092 
10.5 5.5 9.5 1 0.04661187756884671 7.627482921765966e-06 
0.5 6.5 -0.5 1 -0.3165770229140284 -0.7935345134769123 
0.5 8.5 -0.5 1 -0.1567749446106875 -0.8661664012897977 
0.5 8.5 4.5 1 -0.1161825862858426 -0.3103706278675404 
0.5 6.5 4.5 1 -0.2675605519584733 -0.2890999809147334 
0.5 2.5 2 1 -0.5337100724947298 -0.4615128384882814 
0.5 4.5 2 1 -0.4220192879033503 -0.4938114792764707 
0.5 4.5 4.5 1 -0.3957940597354689 -0.2710814426200437 
0.5 2.5 4.5 1 -0.5058140573754117 -0.2556221482825258 
