-0.09906397732056561 -0.03577131759509052 -0.09272544983860005 0.2156363188461204 
0.2935069447273918 -0.0734047772207851 0.3203783032805057 0.200650685506234 
0.3246580060948857 -0.2345298846899261 0.3734138036853192 0.2210973924991959 
-0.2954241883901526 -0.1539830903172218 -0.2998323721800472 0.2423122910762874 
-0.09906397732056561 -0.03577131759509052 0.2935069447273918 -0.0734047772207851 
0.2935069447273918 -0.0734047772207851 0.3246580060948857 -0.2345298846899261 
0.3246580060948857 -0.2345298846899261 -0.2954241883901526 -0.1539830903172218 
-0.2954241883901526 -0.1539830903172218 -0.09906397732056561 -0.03577131759509052 
-0.09272544983860005 0.2156363188461204 -0.1700031015351793 0.4064981835303094 
-0.1700031015351793 0.4064981835303094 -0.2998323721800472 0.2423122910762874 
0.3203783032805057 0.200650685506234 0.3605080370711882 0.4112822692673248 
0.3605080370711882 0.4112822692673248 0.3734138036853192 0.2210973924991959 
-0.1700031015351793 0.4064981835303094 0.3605080370711882 0.4112822692673248 
-0.09272544983860005 0.2156363188461204 0.3203783032805057 0.200650685506234 
-0.2998323721800472 0.2423122910762874 0.3734138036853192 0.2210973924991959 
-0.1950381917741434 -0.09354922465871064 -0.2401032172472304 -0.1206790414373946 
-0.2401032172472304 -0.1206790414373946 -0.2402981958597345 0.1485305866179554 
-0.2402981958597345 0.1485305866179554 -0.1931684119275682 0.1508048005510073 
-0.1931684119275682 0.1508048005510073 -0.1950381917741434 -0.09354922465871064 
-0.1239963336979849 0.04918917233708583 -0.156025368110431 0.03855976801419606 
-0.156025368110431 0.03855976801419606 -0.1543657474280419 0.1526771953061237 
-0.1543657474280419 0.1526771953061237 -0.1218624270267775 0.154245619728213 
-0.1218624270267775 0.154245619728213 -0.1239963336979849 0.04918917233708583 
