-0.6813062490635284 -0.4046455260371847 -0.6073784203512718 0.1418411865319212 
-0.2469445106898485 -0.2635538689022597 -0.2139499138682211 0.03897091852347662 
0.2333348791152629 -0.3427289845221997 0.2606627942594987 0.006042236584624698 
0.1791860592011996 -0.6128526146096777 0.2369592274652325 0.1057906301673479 
-0.6813062490635284 -0.4046455260371847 -0.2469445106898485 -0.2635538689022597 
-0.2469445106898485 -0.2635538689022597 0.2333348791152629 -0.3427289845221997 
0.2333348791152629 -0.3427289845221997 0.1791860592011996 -0.6128526146096777 
0.1791860592011996 -0.6128526146096777 -0.6813062490635284 -0.4046455260371847 
-0.6073784203512718 0.1418411865319212 -0.2049114730833176 0.4409990912144248 
-0.2049114730833176 0.4409990912144248 0.2369592274652325 0.1057906301673479 
-0.2139499138682211 0.03897091852347662 0.02311126089659366 0.1926826131621987 
0.02311126089659366 0.1926826131621987 0.2606627942594987 0.006042236584624698 
-0.2049114730833176 0.4409990912144248 0.02311126089659366 0.1926826131621987 
-0.6073784203512718 0.1418411865319212 -0.2139499138682211 0.03897091852347662 
0.2369592274652325 0.1057906301673479 0.2606627942594987 0.006042236584624698 
-0.222288912529798 -0.5157106248487201 -0.03334031363641051 -0.5614291481726277 
-0.03334031363641051 -0.5614291481726277 0.0159241664197033 -0.03631258065348076 
0.0159241664197033 -0.03631258065348076 -0.1698558552684429 -0.0202331563545208 
-0.1698558552684429 -0.0202331563545208 -0.222288912529798 -0.5157106248487201 
-0.5150464083096722 -0.2122262510589552 -0.363622650979091 -0.2368196068230396 
-0.363622650979091 -0.2368196068230396 -0.3366790568060642 -0.005794461515001932 
-0.3366790568060642 -0.005794461515001932 -0.4873060951361714 0.00724244115191188 
-0.4873060951361714 0.00724244115191188 -0.5150464083096722 -0.2122262510589552 
