-0.1153342799456047 -0.03496964963436403 -0.1131752195627383 0.2169295153241204 
0.2755851139860696 -0.06432376863563527 0.2985311947242658 0.2059064835200298 
0.3244538530956748 -0.226758771402608 0.3679865558734032 0.2195352936068011 
-0.2970896430847599 -0.1626357845637437 -0.3079974842554406 0.2357966572691824 
-0.1153342799456047 -0.03496964963436403 0.2755851139860696 -0.06432376863563527 
0.2755851139860696 -0.06432376863563527 0.3244538530956748 -0.226758771402608 
0.3244538530956748 -0.226758771402608 -0.2970896430847599 -0.1626357845637437 
-0.2970896430847599 -0.1626357845637437 -0.1153342799456047 -0.03496964963436403 
-0.1131752195627383 0.2169295153241204 -0.1884228492775479 0.4063054526609927 
-0.1884228492775479 0.4063054526609927 -0.3079974842554406 0.2357966572691824 
0.2985311947242658 0.2059064835200298 0.342163736478141 0.4114338960316593 
0.342163736478141 0.4114338960316593 0.3679865558734032 0.2195352936068011 
-0.1884228492775479 0.4063054526609927 0.342163736478141 0.4114338960316593 
-0.1131752195627383 0.2169295153241204 0.2985311947242658 0.2059064835200298 
-0.3079974842554406 0.2357966572691824 0.3679865558734032 0.2195352936068011 
-0.2039604964887791 -0.0972212735978269 -0.2457133674266928 -0.1265487584257029 
-0.2457133674266928 -0.1265487584257029 -0.2503143941629699 0.1435958038331994 
-0.2503143941629699 0.1435958038331994 -0.2061002523903183 0.1478164130794596 
-0.2061002523903183 0.1478164130794596 -0.2039604964887791 -0.0972212735978269 
-0.1398353976909349 0.0488292930415059 -0.1695700401822443 0.03677894220056328 
-0.1695700401822443 0.03677894220056328 -0.1697906364393129 0.1512824692928533 
-0.1697906364393129 0.1512824692928533 -0.1394397441826515 0.1541797155438242 
-0.1394397441826515 0.1541797155438242 -0.1398353976909349 0.0488292930415059 
