0 0 0 1 0.2724845849644137 -0.2774092153615704 
0 0 6.5 1 0.3160233674151307 0.1179986710192446 
10 0 0 1 -0.3735197026248636 -0.2728899736586031 
10 0 6.5 1 -0.3328895286770975 0.2049653001325125 
10 10 0 1 -0.3372125911864113 -0.1326819656791664 
10 10 6.5 1 -0.3131555287637611 0.147158108003339 
0 10 0 1 0.06664035944025461 -0.1505598198131094 
0 10 6.5 1 0.09198397431192669 0.09883015911696094 
0 5 10 1 0.1959682035344535 0.273936245138362 
10 5 10 1 -0.3038015755343482 0.3625175331287612 
0 6 0 1 0.1276040010226381 -0.1881280394970313 
0 8 0 1 0.09469464227193324 -0.167847984252419 
0 8 5 1 0.1159320155631243 0.0387926380375056 
0 6 5 1 0.150980728925754 0.0363723696034389 
0 2 2.5 1 0.2286228635413495 -0.1064221418006381 
0 4 2.5 1 0.1796789273246631 -0.08996214206321568 
0 4 5 1 0.1927327072981628 0.03348921111858789 
0 2 5 1 0.2433143497323486 0.0299963253381576 
0.5 0.5 -0.5 1 0.2270580154602144 -0.2967068823599333 
0.5 0.5 6 1 0.268968230192475 0.08981403535962934 
10.5 0.5 -0.5 1 -0.4114021681625072 -0.2961488898092118 
10.5 0.5 6 1 -0.3725186318965268 0.1687888642310894 
10.5 10.5 -0.5 1 -0.3602379266849053 -0.1486159093849549 
10.5 10.5 6 1 -0.33679620057147 0.1267448664335344 
0.5 10.5 -0.5 1 0.04054507599419702 -0.1645658268768547 
0.5 10.5 6 1 0.06529215665950042 0.08126007129623906 
0.5 5.5 9.5 1 0.1613031078090284 0.2493089328860899 
10.5 5.5 9.5 1 -0.3339579234270467 0.3324305379659708 
0.5 6.5 -0.5 1 0.0960923718465683 -0.2039200846789014 
0.5 8.5 -0.5 1 0.06613937109041919 -0.1826989235834046 
0.5 8.5 4.5 1 0.08683750280893829 0.02076383065127333 
0.5 6.5 4.5 1 0.1188238819455003 0.01683422712650916 
0.5 2.5 2 1 0.1884966301078358 -0.1271319116769927 
0.5 4.5 2 1 0.1441620666844695 -0.1090236720651185 
0.5 4.5 4.5 1 0.1568201887392902 0.01216628955009783 
0.5 2.5 4.5 1 0.2026958572773597 0.006530353453096788 
