0 0 0 1 -0.0004019552235191082 -0.1154071165691372 
0 0 6.5 1 0.02435491274329736 0.1364976252216338 
10 0 0 1 0.4131884415095911 -0.1934560696200133 
10 0 6.5 1 0.4496517289705288 0.1172674038994669 
10 10 0 1 0.3044284088977411 -0.3239666851262482 
10 10 6.5 1 0.3648796389509079 0.2105545829635143 
0 10 0 1 -0.2883825793013847 -0.1688040908185005 
0 10 6.5 1 -0.2557806341881836 0.212534958038829 
0 5 10 1 -0.07137412307540332 0.3335357304769293 
10 5 10 1 0.4437855025299416 0.3689048262635339 
0 6 0 1 -0.1439756423576299 -0.1420283536726215 
0 8 0 1 -0.2095114284160371 -0.1541799096732307 
0 8 5 1 -0.1859220579372415 0.1108659922323261 
0 6 5 1 -0.1216844603477771 0.1004985178976914 
0 2 2.5 1 -0.03138629232355486 -0.01982939499895707 
0 4 2.5 1 -0.07816257100620355 -0.02056490799934497 
0 4 5 1 -0.0675624612055718 0.09176362652407695 
0 2 5 1 -0.02134107935778977 0.08430383649455658 
0.5 0.5 -0.5 1 0.005060964572163113 -0.1401275518712933 
0.5 0.5 6 1 0.03053678003151715 0.118155841869232 
10.5 0.5 -0.5 1 0.4334147484387887 -0.2266995767950046 
10.5 0.5 6 1 0.4713740960941675 0.09378511251841236 
10.5 10.5 -0.5 1 0.3337019831462003 -0.3897056304312291 
10.5 10.5 6 1 0.3984414280807504 0.1743699315381377 
0.5 10.5 -0.5 1 -0.2915492578243681 -0.2087389697623395 
0.5 10.5 6 1 -0.2576765980934045 0.1874114458768098 
0.5 5.5 9.5 1 -0.06691795578734956 0.3175019082396133 
10.5 5.5 9.5 1 0.4715950986352433 0.3492885701221697 
0.5 6.5 -0.5 1 -0.1418216056058893 -0.1741042008282011 
0.5 8.5 -0.5 1 -0.2095219908614656 -0.1897645492363734 
0.5 8.5 4.5 1 -0.1850688274716214 0.08454641812027917 
0.5 6.5 4.5 1 -0.1187617621165282 0.07615729152288875 
0.5 2.5 2 1 -0.02636415608081005 -0.04381562400876538 
0.5 4.5 2 1 -0.07416263186251219 -0.0465100301948919 
0.5 4.5 4.5 1 -0.06321651560690673 0.0691297432162786 
0.5 2.5 4.5 1 -0.01600973705535196 0.06315717242909105 
