0 0 0 1 0.2581487125090408 -0.05387508629816042 
0 0 6.5 1 0.2811905375594893 0.3258188336645331 
10 0 0 1 -0.2662337268786785 -0.1860996463689849 
10 0 6.5 1 -0.2945155033214358 0.4063927479964276 
10 10 0 1 -0.4930156602688986 -0.03071289952021002 
10 10 6.5 1 -0.525675307567571 0.3229841257893274 
0 10 0 1 -0.0686211898144687 0.02408406961103151 
0 10 6.5 1 -0.07020583684471857 0.289189303696993 
0 5 10 1 0.07686524337458228 0.4891415538221311 
10 5 10 1 -0.4617479115530934 0.6271967698839599 
0 6 0 1 0.03566358406584506 -0.0007956787626157405 
0 8 0 1 -0.01977059044755028 0.01242953391106759 
0 8 5 1 -0.01894477010572443 0.2266418198388409 
0 6 5 1 0.03910989837679746 0.2279071604689182 
0 2 2.5 1 0.1779722736403416 0.09535272216996014 
0 4 2.5 1 0.1024564830327385 0.1037406833335759 
0 4 5 1 0.1059710643137806 0.2293644446468457 
0 2 5 1 0.1838070132166571 0.2310609316168313 
0.5 0.5 -0.5 1 0.2165884313112229 -0.07950188832197862 
0.5 0.5 6 1 0.2362122264803778 0.2945030288500872 
10.5 0.5 -0.5 1 -0.3225014011680649 -0.2234553558313747 
10.5 0.5 6 1 -0.3572319310362053 0.3552059932796319 
10.5 10.5 -0.5 1 -0.5254002394726121 -0.05480927513135263 
10.5 10.5 6 1 -0.5600708414893761 0.2939548705406465 
0.5 10.5 -0.5 1 -0.09582461174803064 0.005517153099929397 
0.5 10.5 6 1 -0.09883899798902276 0.2678484254846941 
0.5 5.5 9.5 1 0.04056587064448078 0.4613392069271466 
10.5 5.5 9.5 1 -0.5082226830847869 0.5849496476124836 
0.5 6.5 -0.5 1 0.004062091268511771 -0.02166568042744853 
0.5 8.5 -0.5 1 -0.04901272511225455 -0.007222077279033573 
0.5 8.5 4.5 1 -0.04944641324382742 0.204624679415896 
0.5 6.5 4.5 1 0.006032618293359058 0.2043400060179799 
0.5 2.5 2 1 0.1393161902336961 0.06980512370522758 
0.5 4.5 2 1 0.06724119455550397 0.08000172050606516 
0.5 4.5 4.5 1 0.06985860205120333 0.2040125028304107 
0.5 2.5 4.5 1 0.1440684990603662 0.2036317178210971 
