0.2657996225339966 -0.2690310692031621 0.3104268342684074 0.1194702029854842 
-0.3687958663773966 -0.2860612645573904 -0.3351547804350362 0.1997408105577385 
-0.3573703459222505 -0.1261194574315655 -0.3376194772042284 0.1589949739890535 
0.04742196894457368 -0.1352637450550747 0.07183186138846859 0.1133208474416616 
0.2657996225339966 -0.2690310692031621 -0.3687958663773966 -0.2860612645573904 
-0.3687958663773966 -0.2860612645573904 -0.3573703459222505 -0.1261194574315655 
-0.3573703459222505 -0.1261194574315655 0.04742196894457368 -0.1352637450550747 
0.04742196894457368 -0.1352637450550747 0.2657996225339966 -0.2690310692031621 
0.3104268342684074 0.1194702029854842 0.1820495271930214 0.2844728948238586 
0.1820495271930214 0.2844728948238586 0.07183186138846859 0.1133208474416616 
-0.3351547804350362 0.1997408105577385 -0.3227748768203204 0.375208448474199 
-0.3227748768203204 0.375208448474199 -0.3376194772042284 0.1589949739890535 
0.1820495271930214 0.2844728948238586 -0.3227748768203204 0.375208448474199 
0.3104268342684074 0.1194702029854842 -0.3351547804350362 0.1997408105577385 
0.07183186138846859 0.1133208474416616 -0.3376194772042284 0.1589949739890535 
0.1127405494147879 -0.1752746691722449 0.07754834295611 -0.1537176682086976 
0.07754834295611 -0.1537176682086976 0.09816171468812698 0.05143760555032423 
0.09816171468812698 0.05143760555032423 0.1356743615207158 0.04706078696128391 
0.1356743615207158 0.04706078696128391 0.1127405494147879 -0.1752746691722449 
0.2190360131960325 -0.09919837922983628 0.16718243524342 -0.08050736519711661 
0.16718243524342 -0.08050736519711661 0.1801936613427478 0.0418664614341699 
0.1801936613427478 0.0418664614341699 0.2338848964486097 0.03560199289563637 
0.2338848964486097 0.03560199289563637 0.2190360131960325 -0.09919837922983628 
