-0.6554759497969874 -0.3427992910809344 -0.5889774991002497 0.2181947183865504 
-0.2483813484701358 -0.2103077116232218 -0.2160451347617016 0.09409043513557445 
0.2347788583946375 -0.2827311793552763 0.2658022350622523 0.0588205583550972 
0.2394167976807615 -0.5251431136705084 0.3025673011580206 0.1765235761902442 
-0.6554759497969874 -0.3427992910809344 -0.2483813484701358 -0.2103077116232218 
-0.2483813484701358 -0.2103077116232218 0.2347788583946375 -0.2827311793552763 
0.2347788583946375 -0.2827311793552763 0.2394167976807615 -0.5251431136705084 
0.2394167976807615 -0.5251431136705084 -0.6554759497969874 -0.3427992910809344 
-0.5889774991002497 0.2181947183865504 -0.1571450265673006 0.5253958724095056 
-0.1571450265673006 0.5253958724095056 0.3025673011580206 0.1765235761902442 
-0.2160451347617016 0.09409043513557445 0.0281820987434004 0.2481024524326994 
0.0281820987434004 0.2481024524326994 0.2658022350622523 0.0588205583550972 
-0.1571450265673006 0.5253958724095056 0.0281820987434004 0.2481024524326994 
-0.5889774991002497 0.2181947183865504 -0.2160451347617016 0.09409043513557445 
0.3025673011580206 0.1765235761902442 0.2658022350622523 0.0588205583550972 
-0.1671923101278985 -0.4422922254198907 0.02646438105723041 -0.4817518159018473 
0.02646438105723041 -0.4817518159018473 0.07643714121518226 0.03469914399442034 
0.07643714121518226 0.03469914399442034 -0.1164696217395064 0.05051370879214794 
-0.1164696217395064 0.05051370879214794 -0.1671923101278985 -0.4422922254198907 
-0.480376425780831 -0.145870325313896 -0.3182917682976434 -0.168889980793642 
-0.3182917682976434 -0.168889980793642 -0.2929008466142411 0.06497760313876211 
-0.2929008466142411 0.06497760313876211 -0.4548807745280737 0.07825677503864134 
-0.4548807745280737 0.07825677503864134 -0.480376425780831 -0.145870325313896 
