0.3178346946523963 -0.5255554686702999 0.3308950993911975 -0.06817907016440215 
-0.3829891301832525 -0.4711132880531014 -0.3295456022986799 -0.02000480714890194 
-0.2258842058092586 -0.3339372311387692 -0.1990562284605195 -0.06597255062773805 
0.1872723716507233 -0.3653905655710417 0.1997254779692298 -0.09521187410557966 
0.3178346946523963 -0.5255554686702999 -0.3829891301832525 -0.4711132880531014 
-0.3829891301832525 -0.4711132880531014 -0.2258842058092586 -0.3339372311387692 
-0.2258842058092586 -0.3339372311387692 0.1872723716507233 -0.3653905655710417 
0.1872723716507233 -0.3653905655710417 0.3178346946523963 -0.5255554686702999 
0.3308950993911975 -0.06817907016440215 0.2558187296169119 0.08583964399231853 
0.2558187296169119 0.08583964399231853 0.1997254779692298 -0.09521187410557966 
-0.3295456022986799 -0.02000480714890194 -0.23012070226627 0.1205382630879521 
-0.23012070226627 0.1205382630879521 -0.1990562284605195 -0.06597255062773805 
0.2558187296169119 0.08583964399231853 -0.23012070226627 0.1205382630879521 
0.3308950993911975 -0.06817907016440215 -0.3295456022986799 -0.02000480714890194 
0.1997254779692298 -0.09521187410557966 -0.1990562284605195 -0.06597255062773805 
0.224065363085016 -0.4105256839752219 0.2040193468368227 -0.3859346061198065 
0.2040193468368227 -0.3859346061198065 0.2140221533985753 -0.1575705416423745 
0.2140221533985753 -0.1575705416423745 0.2343725500435903 -0.1596006100217915 
0.2343725500435903 -0.1596006100217915 0.224065363085016 -0.4105256839752219 
0.2842884421230975 -0.3182596732705443 0.2538470550839192 -0.2987381054412826 
0.2538470550839192 -0.2987381054412826 0.2590107123175648 -0.1620584075297133 
0.2590107123175648 -0.1620584075297133 0.2894513399257808 -0.1650950341191112 
0.2894513399257808 -0.1650950341191112 0.2842884421230975 -0.3182596732705443 
