0.2916490896628493 -0.2784331792292391 0.2532433234300997 0.06762218568941836 
0.3001487892486047 -0.5455534099858632 0.2218838698619899 0.1670727935192061 
-0.5896243923200827 -0.5119752652613205 -0.623504584993881 0.04057104976116975 
-0.1949773746430139 -0.2937284546928675 -0.2204390637802395 0.009659453529019792 
0.2916490896628493 -0.2784331792292391 0.3001487892486047 -0.5455534099858632 
0.3001487892486047 -0.5455534099858632 -0.5896243923200827 -0.5119752652613205 
-0.5896243923200827 -0.5119752652613205 -0.1949773746430139 -0.2937284546928675 
-0.1949773746430139 -0.2937284546928675 0.2916490896628493 -0.2784331792292391 
0.2532433234300997 0.06762218568941836 -0.01560556671730035 0.206065853495327 
-0.01560556671730035 0.206065853495327 -0.2204390637802395 0.009659453529019792 
0.2218838698619899 0.1670727935192061 -0.2801206354730239 0.4138037222210207 
-0.2801206354730239 0.4138037222210207 -0.623504584993881 0.04057104976116975 
-0.01560556671730035 0.206065853495327 -0.2801206354730239 0.4138037222210207 
0.2532433234300997 0.06762218568941836 0.2218838698619899 0.1670727935192061 
-0.2204390637802395 0.009659453529019792 -0.623504584993881 0.04057104976116975 
-0.01584417542285824 -0.2880980752792415 -0.1077292255462177 -0.2909861367713981 
-0.1077292255462177 -0.2909861367713981 -0.1290551123197957 -0.0507547223565696 
-0.1290551123197957 -0.0507547223565696 -0.03898431859408432 -0.04160964412749323 
-0.03898431859408432 -0.04160964412749323 -0.01584417542285824 -0.2880980752792415 
0.1696527226630209 -0.1508746441031334 0.06840755938734999 -0.1576183956271591 
0.06840755938734999 -0.1576183956271591 0.05593507339806489 -0.03197227745935895 
0.05593507339806489 -0.03197227745935895 0.1561053998583209 -0.02180177230648101 
0.1561053998583209 -0.02180177230648101 0.1696527226630209 -0.1508746441031334 
