0 0 0 1 -0.4091647457623273 -0.3872544683284141 
0 0 6.5 1 -0.408677348227052 0.2518842442788122 
10 0 0 1 -0.2520152170907798 -0.1212253281819498 
10 0 6.5 1 -0.2436679855382295 0.2052509635349542 
10 10 0 1 0.2283426272917101 -0.1392117976140639 
10 10 6.5 1 0.2599498792412603 0.1713438720548655 
0 10 0 1 0.5004005536518809 -0.3990329134518815 
0 10 6.5 1 0.5881432563670036 0.1815812880410533 
0 5 10 1 0.1433080174342742 0.5962723551742577 
10 5 10 1 0.02600714918139024 0.3729561101299127 
0 6 0 1 0.1550665477237502 -0.3945609996258909 
0 8 0 1 0.3306101838524649 -0.39683420759265 
0 8 5 1 0.3853396898485151 0.04809056500703827 
0 6 5 1 0.197651372401519 0.05863628298220708 
0 2 2.5 1 -0.2070390321136489 -0.1632262759088327 
0 4 2.5 1 -0.01230589454887598 -0.1697974950666382 
0 4 5 1 0.003000437408368924 0.0695732123125069 
0 2 5 1 -0.1990078724486098 0.08092353338400249 
0.5 0.5 -0.5 1 -0.3479953371269207 -0.4054388879798923 
0.5 0.5 6 1 -0.3414825427834391 0.1927645407897287 
10.5 0.5 -0.5 1 -0.2243045567265633 -0.1386755364254893 
10.5 0.5 6 1 -0.2148298854375244 0.1768305007001111 
10.5 10.5 -0.5 1 0.2413252185768379 -0.1554104507016758 
10.5 10.5 6 1 0.2726187249608457 0.1451954437050769 
0.5 10.5 -0.5 1 0.5100773371510177 -0.4151987153929071 
0.5 10.5 6 1 0.5937795892100963 0.1314127934851741 
0.5 5.5 9.5 1 0.1769393635385216 0.5155004379798742 
10.5 5.5 9.5 1 0.04657705093742633 0.3392294838581793 
0.5 6.5 -0.5 1 0.1833683074511293 -0.4114826854577647 
0.5 8.5 -0.5 1 0.3493022568476716 -0.4133700392409778 
0.5 8.5 4.5 1 0.4022743247471625 0.005571132849849738 
0.5 6.5 4.5 1 0.2255336108643392 0.01478773797872569 
0.5 2.5 2 1 -0.1562273137378141 -0.194448001740494 
0.5 4.5 2 1 0.02678874410213703 -0.2001260240053082 
0.5 4.5 4.5 1 0.04261517580787434 0.02432649647794222 
0.5 2.5 4.5 1 -0.1468106420829765 0.03420459941392904 
