0 0 0 1 0.3442345383657989 -0.5426201111988187 
0 0 6.5 1 0.2780401404273506 0.0607523193251984 
10 0 0 1 -0.2274534050757786 -0.3969260286581357 
10 0 6.5 1 -0.2606042502970705 -0.01943084245289043 
10 10 0 1 0.1031815939676828 -0.2613316142609075 
10 10 6.5 1 0.07672319255691402 -0.000357619792109067 
0 10 0 1 0.553093517101709 -0.2985875276966727 
0 10 6.5 1 0.5111856000856465 0.05350566541512633 
0 5 10 1 0.3978144463322936 0.2892463717848956 
10 5 10 1 -0.07722147590215592 0.1548948289006164 
0 6 0 1 0.4946101772088043 -0.3669199528204475 
0 8 0 1 0.5265099083062212 -0.3296480393032913 
0 8 5 1 0.4915750818192628 -0.03316087206924322 
0 6 5 1 0.4566376109664143 -0.04068929191401872 
0 2 2.5 1 0.3837508070289217 -0.2637087420739643 
0 4 2.5 1 0.434685843305858 -0.2298667310839016 
0 4 5 1 0.4140480419986522 -0.04986660636668159 
0 2 5 1 0.3609832346262773 -0.06130115326230506 
0.5 0.5 -0.5 1 0.3228825892653347 -0.5566611170314196 
0.5 0.5 6 1 0.2610573858191176 0.01152642971965942 
10.5 0.5 -0.5 1 -0.2191287797002477 -0.4114790804219366 
10.5 0.5 6 1 -0.2511441631167376 -0.0480616278743831 
10.5 10.5 -0.5 1 0.1001222878669237 -0.2751656892219811 
10.5 10.5 6 1 0.07439873032407888 -0.02099712986742773 
0.5 10.5 -0.5 1 0.5327973781515791 -0.3157753814617449 
0.5 10.5 6 1 0.4926505902571294 0.02404215516600608 
0.5 5.5 9.5 1 0.3798836778236998 0.2424827376695863 
10.5 5.5 9.5 1 -0.07515372077711505 0.1259905724590288 
0.5 6.5 -0.5 1 0.4729380059800671 -0.3844664392608577 
0.5 8.5 -0.5 1 0.5054817864914711 -0.3471211309655198 
0.5 8.5 4.5 1 0.4721359118223378 -0.06191362462028519 
0.5 6.5 4.5 1 0.4368412134791491 -0.07184082112300186 
0.5 2.5 2 1 0.3629897770310931 -0.2906757350212233 
0.5 4.5 2 1 0.4137073276782833 -0.2555937048701809 
0.5 4.5 4.5 1 0.3941778704590074 -0.08384056639651498 
0.5 2.5 4.5 1 0.3415693431297796 -0.09863755328212663 
