-0.2896715238025932 -0.1013607312897911 -0.3219313517397643 0.173861230917564 
0.106382134430458 -0.05168668848025441 0.08756711355756437 0.2002759235205641 
0.31294655797518 -0.131954502339312 0.2914565649607864 0.271531380597078 
-0.3209886833477275 -0.2285065903751526 -0.3780131532696818 0.2381429698575344 
-0.2896715238025932 -0.1013607312897911 0.106382134430458 -0.05168668848025441 
0.106382134430458 -0.05168668848025441 0.31294655797518 -0.131954502339312 
0.31294655797518 -0.131954502339312 -0.3209886833477275 -0.2285065903751526 
-0.3209886833477275 -0.2285065903751526 -0.2896715238025932 -0.1013607312897911 
-0.3219313517397643 0.173861230917564 -0.3660447675211738 0.394773870476688 
-0.3660447675211738 0.394773870476688 -0.3780131532696818 0.2381429698575344 
0.08756711355756437 0.2002759235205641 0.1538616242099355 0.4031761734762064 
0.1538616242099355 0.4031761734762064 0.2914565649607864 0.271531380597078 
-0.3660447675211738 0.394773870476688 0.1538616242099355 0.4031761734762064 
-0.3219313517397643 0.173861230917564 0.08756711355756437 0.2002759235205641 
-0.3780131532696818 0.2381429698575344 0.2914565649607864 0.271531380597078 
-0.3044236115043306 -0.1612533553777703 -0.3117090029297181 -0.190831623809779 
-0.3117090029297181 -0.190831623809779 -0.3493639904230466 0.1211189627594196 
-0.3493639904230466 0.1211189627594196 -0.3376946467322512 0.1170591974286984 
-0.3376946467322512 0.1170591974286984 -0.3044236115043306 -0.1612533553777703 
-0.3070467757197913 -0.004703337726577374 -0.3132540213903853 -0.01346644336216657 
-0.3132540213903853 -0.01346644336216657 -0.3283505914265455 0.1138084000588029 
-0.3283505914265455 0.1138084000588029 -0.320699775194125 0.1111466806583709 
-0.320699775194125 0.1111466806583709 -0.3070467757197913 -0.004703337726577374 
