0 0 0 1 -0.3769132639916016 -0.361270300411393 
0 0 6.5 1 -0.4026275169092779 -0.05406546584055391 
10 0 0 1 0.03850483507943133 -0.2702664482086258 
10 0 6.5 1 0.0134018742384594 -0.01688001543501774 
10 10 0 1 0.3243020445181919 -0.370261156003129 
10 10 6.5 1 0.2818039065411382 0.01943411578037946 
0 10 0 1 -0.2929286164958564 -0.5650246923590379 
0 10 6.5 1 -0.33886012230292 -0.03161513899093516 
0 5 10 1 -0.3965904232542716 0.1595959676504994 
10 5 10 1 0.1026464604109336 0.1600016318237986 
0 6 0 1 -0.3380045852629459 -0.4556662931581049 
0 8 0 1 -0.3183645309421185 -0.5033148509038718 
0 8 5 1 -0.3490203747852237 -0.1442819837933064 
0 6 5 1 -0.3649824928823666 -0.1376156571516964 
0 2 2.5 1 -0.3772781481848412 -0.2568188660310217 
0 4 2.5 1 -0.3657325688015908 -0.2742918518917744 
0 4 5 1 -0.3777131385339016 -0.1322989039642284 
0 2 5 1 -0.3881034114704887 -0.1279595704954973 
0.5 0.5 -0.5 1 -0.3470026222707037 -0.3858041427124844 
0.5 0.5 6 1 -0.373350606455769 -0.07477239107246038 
10.5 0.5 -0.5 1 0.06716186659641826 -0.2896118125877816 
10.5 0.5 6 1 0.04155299535152902 -0.03362673180033926 
10.5 10.5 -0.5 1 0.3729278345686419 -0.4017004149667629 
10.5 10.5 6 1 0.3291089477585517 -0.005825414662127933 
0.5 10.5 -0.5 1 -0.2387779279489366 -0.6122047812331889 
0.5 10.5 6 1 -0.2866911529790398 -0.06715594970158056 
0.5 5.5 9.5 1 -0.3596167765235781 0.1366189892778838 
10.5 5.5 9.5 1 0.1376053335931093 0.141851276657058 
0.5 6.5 -0.5 1 -0.2970969580484445 -0.4902042920178435 
0.5 8.5 -0.5 1 -0.2717535433113162 -0.5432214459561276 
0.5 8.5 4.5 1 -0.3035615323969767 -0.1773532622581495 
0.5 6.5 4.5 1 -0.3249715182665458 -0.1668006028773112 
0.5 2.5 2 1 -0.344717222419178 -0.2822009323657281 
0.5 4.5 2 1 -0.3296500067561038 -0.302538092235433 
0.5 4.5 4.5 1 -0.3419865894859676 -0.1584141306949792 
0.5 2.5 4.5 1 -0.3558340247543472 -0.1515889385357861 
