-0.3871742846393152 -0.3941910143846269 -0.3901789852584093 0.246214493047591 
-0.2514524332134827 -0.1205595279733606 -0.2455050542268163 0.2070992557444705 
0.2270954201557377 -0.1328578413049339 0.2573923129648866 0.1758505177591531 
0.5113899421106782 -0.3900336697670179 0.5983691158143229 0.1815307845646131 
-0.3871742846393152 -0.3941910143846269 -0.2514524332134827 -0.1205595279733606 
-0.2514524332134827 -0.1205595279733606 0.2270954201557377 -0.1328578413049339 
0.2270954201557377 -0.1328578413049339 0.5113899421106782 -0.3900336697670179 
0.5113899421106782 -0.3900336697670179 -0.3871742846393152 -0.3941910143846269 
-0.3901789852584093 0.246214493047591 0.1620172726042033 0.5932305631019062 
0.1620172726042033 0.5932305631019062 0.5983691158143229 0.1815307845646131 
-0.2455050542268163 0.2070992557444705 0.02415843979243106 0.3765880723782315 
0.02415843979243106 0.3765880723782315 0.2573923129648866 0.1758505177591531 
0.1620172726042033 0.5932305631019062 0.02415843979243106 0.3765880723782315 
-0.3901789852584093 0.246214493047591 -0.2455050542268163 0.2070992557444705 
0.5983691158143229 0.1815307845646131 0.2573923129648866 0.1758505177591531 
0.1740383555428766 -0.3915944784002885 0.3460979476593274 -0.3907984184216039 
0.3460979476593274 -0.3907984184216039 0.4002425160914461 0.04819437943451182 
0.4002425160914461 0.04819437943451182 0.2158992239881155 0.05702688547176769 
0.2158992239881155 0.05702688547176769 0.1740383555428766 -0.3915944784002885 
-0.1854958173396604 -0.1679216099583453 0.008462327995166852 -0.1719150119839356 
0.008462327995166852 -0.1719150119839356 0.02323331421781342 0.06625815606373313 
0.02323331421781342 0.06625815606373313 -0.178331846606219 0.07591581965195192 
-0.178331846606219 0.07591581965195192 -0.1854958173396604 -0.1679216099583453 
