0 0 0 1 0.2561020334314232 -0.2290359239619977 
0 0 6.5 1 0.2980338505099223 0.1459923677049317 
10 0 0 1 -0.3446866772578935 -0.3031057373183664 
10 0 6.5 1 -0.3315867886543604 0.2021848184702497 
10 10 0 1 -0.4033824194289256 -0.1099650511904798 
10 10 6.5 1 -0.3982916705687092 0.1904958601493894 
0 10 0 1 0.004870526605953508 -0.09313652643672157 
0 10 6.5 1 0.0233829828254432 0.155915407636395 
0 5 10 1 0.1470398282737886 0.3239444397247229 
10 5 10 1 -0.3693910974743509 0.4149482068085784 
0 6 0 1 0.08189321456096217 -0.1348006354536478 
0 8 0 1 0.04060032174606246 -0.1124639495557318 
0 8 5 1 0.05680219105630747 0.09114326223242801 
0 6 5 1 0.1006766166432432 0.08445608450672271 
0 2 2.5 1 0.2002212343696089 -0.06464328473505494 
0 4 2.5 1 0.1410006220137423 -0.04412320251498734 
0 4 5 1 0.1522088383336039 0.07660173381303521 
0 2 5 1 0.2135954250617125 0.06724541723603782 
0.5 0.5 -0.5 1 0.212365172670045 -0.2486086911249338 
0.5 0.5 6 1 0.2512596847548689 0.1188945597545627 
10.5 0.5 -0.5 1 -0.3897132434345568 -0.327513485465131 
10.5 0.5 6 1 -0.3801407829469764 0.1641963692087371 
10.5 10.5 -0.5 1 -0.4296671465618949 -0.1271680136939933 
10.5 10.5 6 1 -0.4257443953655836 0.1684627796569799 
0.5 10.5 -0.5 1 -0.02154284803820899 -0.1076790837242819 
0.5 10.5 6 1 -0.004155230590464178 0.1380443933041406 
0.5 5.5 9.5 1 0.1112673823450617 0.2994991486220431 
10.5 5.5 9.5 1 -0.4055762667854931 0.3823283448633464 
0.5 6.5 -0.5 1 0.05044516533555467 -0.1510518694526141 
0.5 8.5 -0.5 1 0.01188196217234214 -0.1278175354376996 
0.5 8.5 4.5 1 0.02707333302772373 0.07289488366571185 
0.5 6.5 4.5 1 0.06802078541313906 0.06484926172421077 
0.5 2.5 2 1 0.1605964813502889 -0.08525700400934542 
0.5 4.5 2 1 0.1055538224897384 -0.06327818235847743 
0.5 4.5 4.5 1 0.116013989288387 0.05541924467437925 
0.5 2.5 4.5 1 0.1730426510915664 0.04421388204572572 
