0.2807838449359771 -0.3239868553578485 0.2454148828513227 -0.003587537279167289 
0.6398078917270731 -0.5728452476433665 0.5583145586490076 0.05668977175919299 
-0.3632533370444834 -0.7271056892523438 -0.4128366164674799 -0.03028631978802207 
-0.2212765393041283 -0.3863393184926272 -0.2485091001332476 -0.04936857270785453 
0.2807838449359771 -0.3239868553578485 0.6398078917270731 -0.5728452476433665 
0.6398078917270731 -0.5728452476433665 -0.3632533370444834 -0.7271056892523438 
-0.3632533370444834 -0.7271056892523438 -0.2212765393041283 -0.3863393184926272 
-0.2212765393041283 -0.3863393184926272 0.2807838449359771 -0.3239868553578485 
0.2454148828513227 -0.003587537279167289 -0.01224254398268989 0.1457791059717491 
-0.01224254398268989 0.1457791059717491 -0.2485091001332476 -0.04936857270785453 
0.5583145586490076 0.05668977175919299 0.06111854556883935 0.3510618775431187 
0.06111854556883935 0.3510618775431187 -0.4128366164674799 -0.03028631978802207 
-0.01224254398268989 0.1457791059717491 0.06111854556883935 0.3510618775431187 
0.2454148828513227 -0.003587537279167289 0.5583145586490076 0.05668977175919299 
-0.2485091001332476 -0.04936857270785453 -0.4128366164674799 -0.03028631978802207 
-0.01467702590546077 -0.3606810730958087 -0.1169769566449448 -0.3733860242537824 
-0.1169769566449448 -0.3733860242537824 -0.139382640921969 -0.1156777368801185 
-0.139382640921969 -0.1156777368801185 -0.03838976322803966 -0.1055951346514751 
-0.03838976322803966 -0.1055951346514751 -0.01467702590546077 -0.3606810730958087 
0.1709685362041458 -0.2100721189498123 0.07310435979323507 -0.2210240253080961 
0.07310435979323507 -0.2210240253080961 0.0607134487521151 -0.09570118679304208 
0.0607134487521151 -0.09570118679304208 0.157979539407964 -0.08599064754699538 
0.157979539407964 -0.08599064754699538 0.1709685362041458 -0.2100721189498123 
