0 0 0 1 -0.3453479621955196 -0.2835978153288026 
0 0 6.5 1 -0.3757306993478126 0.00864501166721671 
10 0 0 1 0.06042693225406551 -0.2051667067918207 
10 0 6.5 1 0.03550287799169092 0.04455085976281689 
10 10 0 1 0.3203530727987708 -0.302127533363603 
10 10 6.5 1 0.2825324931209015 0.08659507672258013 
0 10 0 1 -0.3009584080224518 -0.4654207808689986 
0 10 6.5 1 -0.3530775292918646 0.0371380221547077 
0 5 10 1 -0.3881995584180446 0.2192509243581606 
10 5 10 1 0.1158101882474696 0.2254961010828152 
0 6 0 1 -0.3246642737967348 -0.3683197647386513 
0 8 0 1 -0.3143018167662105 -0.4107651711562703 
0 8 5 1 -0.3493393776302696 -0.07316669215905945 
0 6 5 1 -0.3558075395104506 -0.06841719001120462 
0 2 2.5 1 -0.3524363915983246 -0.1842547868214161 
0 4 2.5 1 -0.3469393762409094 -0.1996969910538021 
0 4 5 1 -0.3609723637013718 -0.06462471480070686 
0 2 5 1 -0.3651917286129072 -0.06152648023559409 
0.5 0.5 -0.5 1 -0.3176374999586595 -0.3069936904412178 
0.5 0.5 6 1 -0.3483128466048431 -0.01121369303024843 
10.5 0.5 -0.5 1 0.0883115357770809 -0.2242923058830559 
10.5 0.5 6 1 0.06319595479104095 0.02800342850821975 
10.5 10.5 -0.5 1 0.3682641557255548 -0.3336536506266347 
10.5 10.5 6 1 0.3300102791626319 0.06135231481035568 
0.5 10.5 -0.5 1 -0.2519466355900551 -0.5098820678645594 
0.5 10.5 6 1 -0.3049306710836016 0.003228603697282593 
0.5 5.5 9.5 1 -0.3535140962416212 0.1972932118207586 
10.5 5.5 9.5 1 0.1507127089133618 0.2075858381867422 
0.5 6.5 -0.5 1 -0.2871735410663943 -0.4010826212073206 
0.5 8.5 -0.5 1 -0.2718161515164189 -0.4485144197869393 
0.5 8.5 4.5 1 -0.3073610240934564 -0.104742317952735 
0.5 6.5 4.5 1 -0.3187172120596841 -0.09631801553327569 
0.5 2.5 2 1 -0.3222195139629421 -0.2085101970969749 
0.5 4.5 2 1 -0.3135556160529458 -0.2266581130411214 
0.5 4.5 4.5 1 -0.3277511303299464 -0.08961643047958535 
0.5 2.5 4.5 1 -0.3351090356902404 -0.08415815344919308 
