0 0 0 1 0.3795456172074909 -0.686461771962107 
0 0 6.5 1 0.3536373750623138 -0.1600827506177814 
10 0 0 1 -0.3471428846204078 -0.6049058503691374 
10 0 6.5 1 -0.3114420572370947 -0.152993294590992 
10 10 0 1 -0.1245027928920904 -0.4450565416434822 
10 10 6.5 1 -0.1133966947970669 -0.1718491954205816 
0 10 0 1 0.3071088960932107 -0.4764338434925665 
0 10 6.5 1 0.2957724279017181 -0.1776726342905544 
0 5 10 1 0.3094580843651127 0.01330059310623418 
10 5 10 1 -0.1801422893779079 0.001951168522592552 
0 6 0 1 0.3269449942658639 -0.5339479681524618 
0 8 0 1 0.3160834256991285 -0.5024552016259053 
0 8 5 1 0.3060375149846303 -0.247406817688221 
0 6 5 1 0.3153458985751896 -0.2518484128701685 
0 2 2.5 1 0.3488668954110182 -0.4372174879762426 
0 4 2.5 1 0.3333409188763167 -0.4104867284012158 
0 4 5 1 0.3267183063183727 -0.2572748793396524 
0 2 5 1 0.3409268511555714 -0.2640546390774648 
0.5 0.5 -0.5 1 0.3348076443896718 -0.7069557391010045 
0.5 0.5 6 1 0.3137585700716855 -0.1966450962332714 
10.5 0.5 -0.5 1 -0.3623773899192511 -0.6252467712345914 
10.5 0.5 6 1 -0.3265528739118168 -0.1851884779473439 
10.5 10.5 -0.5 1 -0.1381787874071448 -0.4606131204210184 
10.5 10.5 6 1 -0.1266109808859918 -0.1917559557506441 
0.5 10.5 -0.5 1 0.2829393288533273 -0.4927225981167891 
0.5 10.5 6 1 0.2731175251570705 -0.1991637418650353 
0.5 5.5 9.5 1 0.2817412093806689 -0.01736165225292844 
10.5 5.5 9.5 1 -0.1943700095632465 -0.02558590806327717 
0.5 6.5 -0.5 1 0.2973120827385617 -0.5520867817727878 
0.5 8.5 -0.5 1 0.2894580814552161 -0.5196471826297197 
0.5 8.5 4.5 1 0.2808367372802544 -0.2695338932063862 
0.5 6.5 4.5 1 0.2874630999232483 -0.2760204928856425 
0.5 2.5 2 1 0.312091022785362 -0.4623506170374542 
0.5 4.5 2 1 0.3010775268856068 -0.4335808589834902 
0.5 4.5 4.5 1 0.2955187916874174 -0.2839062743360281 
0.5 2.5 4.5 1 0.3055221869149972 -0.2936986783698311 
