0.2921730566905497 -0.3519654970342112 0.2558264155395367 -0.009257333339712702 
0.4867755543654961 -0.5869207606188031 0.3954681645129814 0.1206019220447632 
-0.5608746388596144 -0.6095178815044314 -0.5526000665587061 0.03275754103313351 
-0.2241687371923448 -0.3756044435560591 -0.2351686465763412 -0.04891756328279225 
0.2921730566905497 -0.3519654970342112 0.4867755543654961 -0.5869207606188031 
0.4867755543654961 -0.5869207606188031 -0.5608746388596144 -0.6095178815044314 
-0.5608746388596144 -0.6095178815044314 -0.2241687371923448 -0.3756044435560591 
-0.2241687371923448 -0.3756044435560591 0.2921730566905497 -0.3519654970342112 
0.2558264155395367 -0.009257333339712702 -0.007480548067696186 0.1378897726710698 
-0.007480548067696186 0.1378897726710698 -0.2351686465763412 -0.04891756328279225 
0.3954681645129814 0.1206019220447632 -0.1191917250982973 0.3886125981315119 
-0.1191917250982973 0.3886125981315119 -0.5526000665587061 0.03275754103313351 
-0.007480548067696186 0.1378897726710698 -0.1191917250982973 0.3886125981315119 
0.2558264155395367 -0.009257333339712702 0.3954681645129814 0.1206019220447632 
-0.2351686465763412 -0.04891756328279225 -0.5526000665587061 0.03275754103313351 
-0.02424843971098257 -0.3664517751554344 -0.1252647211092463 -0.3710764607844095 
-0.1252647211092463 -0.3710764607844095 -0.1374433026405204 -0.1146824733714803 
-0.1374433026405204 -0.1146824733714803 -0.04020523766202135 -0.1075861594064564 
-0.04020523766202135 -0.1075861594064564 -0.02424843971098257 -0.3664517751554344 
0.1721740267195542 -0.2224406724592738 0.06881677560185562 -0.2286027512269771 
0.06881677560185562 -0.2286027512269771 0.05905523292080236 -0.1003422527766042 
0.05905523292080236 -0.1003422527766042 0.160401866633696 -0.09294610053638841 
0.160401866633696 -0.09294610053638841 0.1721740267195542 -0.2224406724592738 
