0 0 0 1 -0.2859147441979841 -0.09147575846712998 
0 0 6.5 1 -0.3179310139287709 0.1831598002354108 
10 0 0 1 0.1098793718226822 -0.04352343553641502 
10 0 6.5 1 0.09174389313819607 0.2089935775497123 
10 10 0 1 0.3130331186964356 -0.123418872762278 
10 10 6.5 1 0.2929342254517184 0.281742959441913 
0 10 0 1 -0.3217913613121008 -0.2162671203194969 
0 10 6.5 1 -0.3787025365360225 0.2490334149821064 
0 5 10 1 -0.3637131440958325 0.4047511058645147 
10 5 10 1 0.157383309768508 0.4134419943502678 
0 6 0 1 -0.3028260028418912 -0.1502990023113881 
0 8 0 1 -0.311170206923181 -0.1793230484628441 
0 8 5 1 -0.3486707328917348 0.1316359413028028 
0 6 5 1 -0.3359196816267274 0.1271935872677319 
0 2 2.5 1 -0.3037806451449674 0.005104415193107717 
0 4 2.5 1 -0.3106964642033807 -0.003371152218177931 
0 4 5 1 -0.3257071645694579 0.1236356362082696 
0 2 5 1 -0.3173437370417479 0.1207218916665388 
0.5 0.5 -0.5 1 -0.2626960561405825 -0.1133590380905648 
0.5 0.5 6 1 -0.2944374015021301 0.1644534759273963 
10.5 0.5 -0.5 1 0.1360849284861419 -0.06296660814340754 
10.5 0.5 6 1 0.1184639815800295 0.1922379976608204 
10.5 10.5 -0.5 1 0.359128344444925 -0.1562010360349757 
10.5 10.5 6 1 0.3407536536674736 0.2559240445725737 
0.5 10.5 -0.5 1 -0.2831967264966886 -0.2563127151664695 
0.5 10.5 6 1 -0.3394047629229853 0.2181699518497787 
0.5 5.5 9.5 1 -0.3340853028010368 0.3845346418312862 
10.5 5.5 9.5 1 0.1922272231320808 0.3955785778080244 
0.5 6.5 -0.5 1 -0.2723118040723739 -0.1804108222911324 
0.5 8.5 -0.5 1 -0.2770875821900931 -0.2137129061238821 
0.5 8.5 4.5 1 -0.3141518379949793 0.1025520094867333 
0.5 6.5 4.5 1 -0.3050499024898442 0.1013018602540612 
0.5 2.5 2 1 -0.2784257039138675 -0.01759277947849539 
0.5 4.5 2 1 -0.282925963792325 -0.02847332853436048 
0.5 4.5 4.5 1 -0.2977904258053734 0.100304772414714 
0.5 2.5 4.5 1 -0.2918653865928501 0.09949096932624904 
