0.2562903093519662 -0.03352330269505835 0.2615572674968703 0.3421923861442214 
-0.1915954278624119 -0.203818178008176 -0.2386511621650256 0.4321783798047154 
-0.5415095926635298 -0.0689636803380365 -0.5953869768858469 0.3175378985952611 
-0.1117236834659034 0.01613792506454218 -0.1269019780358558 0.2882223971899784 
0.2562903093519662 -0.03352330269505835 -0.1915954278624119 -0.203818178008176 
-0.1915954278624119 -0.203818178008176 -0.5415095926635298 -0.0689636803380365 
-0.5415095926635298 -0.0689636803380365 -0.1117236834659034 0.01613792506454218 
-0.1117236834659034 0.01613792506454218 0.2562903093519662 -0.03352330269505835 
0.2615572674968703 0.3421923861442214 0.03043670986034007 0.4969141297806254 
0.03043670986034007 0.4969141297806254 -0.1269019780358558 0.2882223971899784 
-0.2386511621650256 0.4321783798047154 -0.4969448984036032 0.6582119835705863 
-0.4969448984036032 0.6582119835705863 -0.5953869768858469 0.3175378985952611 
0.03043670986034007 0.4969141297806254 -0.4969448984036032 0.6582119835705863 
0.2615572674968703 0.3421923861442214 -0.2386511621650256 0.4321783798047154 
-0.1269019780358558 0.2882223971899784 -0.5953869768858469 0.3175378985952611 
0.008881877009343394 -0.0001370544871176177 -0.05484678642703184 0.008462737182475337 
-0.05484678642703184 0.008462737182475337 -0.06470897282195688 0.2272195247150227 
-0.06470897282195688 0.2272195247150227 0.001208841492134312 0.2319979301449776 
0.001208841492134312 0.2319979301449776 0.008881877009343394 -0.0001370544871176177 
0.1620232338846004 0.1081212094456008 0.07843211153520806 0.1109482022339654 
0.07843211153520806 0.1109482022339654 0.07597400913435867 0.2374176833141407 
0.07597400913435867 0.2374176833141407 0.1614958745699964 0.2436171932710442 
0.1614958745699964 0.2436171932710442 0.1620232338846004 0.1081212094456008 
