-0.4941835191310213 -0.4439718422424199 -0.4911782201478413 -0.08383824340841027 
-0.04262640847058077 -0.3481892051016449 -0.05782847508028564 -0.0797121830534939 
0.3098812352052389 -0.4162331683458956 0.2681935794795122 -0.02438531266834165 
-0.2713885550533267 -0.6248137150878886 -0.285573194730045 -0.001168466532886506 
-0.4941835191310213 -0.4439718422424199 -0.04262640847058077 -0.3481892051016449 
-0.04262640847058077 -0.3481892051016449 0.3098812352052389 -0.4162331683458956 
0.3098812352052389 -0.4162331683458956 -0.2713885550533267 -0.6248137150878886 
-0.2713885550533267 -0.6248137150878886 -0.4941835191310213 -0.4439718422424199 
-0.4911782201478413 -0.08383824340841027 -0.4153925510797499 0.169247031971852 
-0.4153925510797499 0.169247031971852 -0.285573194730045 -0.001168466532886506 
-0.05782847508028564 -0.0797121830534939 0.06321159962273036 0.1026999793753914 
0.06321159962273036 0.1026999793753914 0.2681935794795122 -0.02438531266834165 
-0.4153925510797499 0.169247031971852 0.06321159962273036 0.1026999793753914 
-0.4911782201478413 -0.08383824340841027 -0.05782847508028564 -0.0797121830534939 
-0.285573194730045 -0.001168466532886506 0.2681935794795122 -0.02438531266834165 
-0.3914633386856914 -0.5273494441000632 -0.339287993180426 -0.5696999848162402 
-0.339287993180426 -0.5696999848162402 -0.345010800639668 -0.1437741219178274 
-0.345010800639668 -0.1437741219178274 -0.3937950590230807 -0.1503723215196391 
-0.3937950590230807 -0.1503723215196391 -0.3914633386856914 -0.5273494441000632 
-0.4656958148293978 -0.3098705910451702 -0.432875260801028 -0.320594058597604 
-0.432875260801028 -0.320594058597604 -0.4329375671451062 -0.1556664489710562 
-0.4329375671451062 -0.1556664489710562 -0.4650396620981658 -0.1600083419741611 
-0.4650396620981658 -0.1600083419741611 -0.4656958148293978 -0.3098705910451702 
