0 0 0 1 0.2899930398867538 -0.2725535764666031 
0 0 6.5 1 0.2532412725043722 0.07488430775295263 
10 0 0 1 0.2407844600784047 -0.566763142373599 
10 0 6.5 1 0.1672152626723582 0.1412014294265057 
10 10 0 1 -0.5883396586460358 -0.5022292136170066 
10 10 6.5 1 -0.6329330444110565 0.02353954427245414 
0 10 0 1 -0.1854213203246315 -0.2792090348451209 
0 10 6.5 1 -0.2135309733902492 0.01773285016429279 
0 5 10 1 -0.01545933740159296 0.2145133498546291 
10 5 10 1 -0.3212029779609475 0.3916916225360534 
0 6 0 1 -0.01300991544530002 -0.2767953994457906 
0 8 0 1 -0.1018174388690433 -0.2780386407639181 
0 8 5 1 -0.1245849057253889 -0.0423952073016477 
0 6 5 1 -0.03698560229554834 -0.03386719502146435 
0 2 2.5 1 0.1688787200290015 -0.1441997904587582 
0 4 2.5 1 0.0688183291219118 -0.1497655428315699 
0 4 5 1 0.05620821877788981 -0.02479454239257642 
0 2 5 1 0.1555501755322475 -0.01512335330809779 
0.5 0.5 -0.5 1 0.2633191242129007 -0.3077130179370834 
0.5 0.5 6 1 0.2261365557963738 0.04616975431219241 
10.5 0.5 -0.5 1 0.1834877281514684 -0.6508059609792402 
10.5 0.5 6 1 0.1082074435047011 0.08443780357706251 
10.5 10.5 -0.5 1 -0.6529585757892601 -0.5621185257665591 
10.5 10.5 6 1 -0.6979414148618875 -0.02145334091466533 
0.5 10.5 -0.5 1 -0.2153573343304335 -0.309240977446318 
0.5 10.5 6 1 -0.2436807349630799 -0.007604397391184763 
0.5 5.5 9.5 1 -0.044664164907807 0.1904625535854639 
10.5 5.5 9.5 1 -0.3858995106142635 0.351599552559941 
0.5 6.5 -0.5 1 -0.04205191958883167 -0.3086877777814293 
0.5 8.5 -0.5 1 -0.1313609252313366 -0.3089728566525462 
0.5 8.5 4.5 1 -0.154318132461394 -0.06948432133885199 
0.5 6.5 4.5 1 -0.06624562348378764 -0.06167095790412792 
0.5 2.5 2 1 0.1411009550363505 -0.1758591076833041 
0.5 4.5 2 1 0.04027945258416724 -0.1804867003309198 
0.5 4.5 4.5 1 0.02754497123118803 -0.05335031379197549 
0.5 2.5 4.5 1 0.1276292034007601 -0.04447132886121805 
