0 0 0 1 0.2556419779405101 -0.2168691486489819 
0 0 6.5 1 0.2965340429349494 0.1569907847125253 
10 0 0 1 -0.3389972738112917 -0.2993577254201795 
10 0 6.5 1 -0.329593484097044 0.2104810789456955 
10 10 0 1 -0.4108783830784805 -0.1046630593993408 
10 10 6.5 1 -0.4087308918726422 0.199111449261643 
0 10 0 1 -0.001740368652997199 -0.08353989054847272 
0 10 6.5 1 0.01536802799847146 0.1661554655124691 
0 5 10 1 0.1412213083349625 0.33528462790953 
10 5 10 1 -0.3772162527576954 0.4271611832340184 
0 6 0 1 0.07748147671312508 -0.1245784077887409 
0 8 0 1 0.03504421903072213 -0.1025950505091875 
0 8 5 1 0.05018092823223925 0.1012490613098722 
0 6 5 1 0.09522665864603068 0.09471846082849737 
0 2 2.5 1 0.1979022483772577 -0.05377740412509443 
0 4 2.5 1 0.1373255289265894 -0.03367813983033401 
0 4 5 1 0.1480406935117924 0.08706163390285178 
0 2 5 1 0.2108221669510285 0.07795975639087857 
0.5 0.5 -0.5 1 0.2121018120087885 -0.236801187247767 
0.5 0.5 6 1 0.2498562839020005 0.1296847614126108 
10.5 0.5 -0.5 1 -0.384924206070171 -0.3244233263976419 
10.5 0.5 6 1 -0.3792886522891851 0.1717778997436727 
10.5 10.5 -0.5 1 -0.43760344277119 -0.1222480060207682 
10.5 10.5 6 1 -0.4366919472036312 0.1766615088499078 
0.5 10.5 -0.5 1 -0.02820396309668443 -0.09831993951926984 
0.5 10.5 6 1 -0.01226572240229941 0.1480788093252011 
0.5 5.5 9.5 1 0.1053589866037395 0.310644564764805 
10.5 5.5 9.5 1 -0.4141895386127166 0.3939362402559891 
0.5 6.5 -0.5 1 0.04603257423807911 -0.1411003026322622 
0.5 8.5 -0.5 1 0.006295917450539213 -0.1182012199527788 
0.5 8.5 4.5 1 0.02038279279778719 0.08278295289159518 
0.5 6.5 4.5 1 0.06252430725658167 0.07488742024504849 
0.5 2.5 2 1 0.158351048353666 -0.07466658151140985 
0.5 4.5 2 1 0.1018945544185337 -0.05309227928941809 
0.5 4.5 4.5 1 0.1118337392925659 0.06564892382595407 
0.5 2.5 4.5 1 0.1703098816780123 0.05469297463481029 
