0 0 0 1 -0.5066336666987682 -0.4447870899255973 
0 0 6.5 1 -0.499694521293474 -0.07931729321916782 
10 0 0 1 -0.05163915218460537 -0.3507063247382153 
10 0 6.5 1 -0.06508600520669167 -0.08083298819450548 
10 10 0 1 0.3070106546489478 -0.41549826839758 
10 10 6.5 1 0.2666079318909692 -0.02425179711883504 
0 10 0 1 -0.266709638931789 -0.6203444069465968 
0 10 6.5 1 -0.277110481230344 0.01017466624125574 
0 5 10 1 -0.41535959196957 0.1778417194269361 
10 5 10 1 0.05966793571245022 0.1019310919156926 
0 6 0 1 -0.3959005419562166 -0.5258127815417561 
0 8 0 1 -0.3397308828460165 -0.566913269655219 
0 8 5 1 -0.3422732078965538 -0.1353073339807976 
0 6 5 1 -0.3949900973680786 -0.1435170689479515 
0 2 2.5 1 -0.474341770441401 -0.3074337974145085 
0 4 2.5 1 -0.438861785509505 -0.3171771683956717 
0 4 5 1 -0.4373559183729987 -0.1501148057568378 
0 2 5 1 -0.4721468014879148 -0.1555328782666162 
0.5 0.5 -0.5 1 -0.4692227674580112 -0.4734045388067392 
0.5 0.5 6 1 -0.4642923736700822 -0.103518210920972 
10.5 0.5 -0.5 1 -0.02132445680954961 -0.3712181013567399 
10.5 0.5 6 1 -0.03609878943340262 -0.09893244487536583 
10.5 10.5 -0.5 1 0.3546671082439282 -0.4461637513977907 
10.5 10.5 6 1 0.3110998565461622 -0.04982875999499085 
0.5 10.5 -0.5 1 -0.1973602502201989 -0.673277783021048 
0.5 10.5 6 1 -0.2143594297625714 -0.02954991237071707 
0.5 5.5 9.5 1 -0.3716828966885579 0.1509462574358856 
10.5 5.5 9.5 1 0.09383511588023304 0.08233769538107759 
0.5 6.5 -0.5 1 -0.3441667006535175 -0.5653457230304942 
0.5 8.5 -0.5 1 -0.2804584403249065 -0.6121840176380238 
0.5 8.5 4.5 1 -0.2868357373321596 -0.1725974699353477 
0.5 6.5 4.5 1 -0.3462025255510291 -0.1767910839982066 
0.5 2.5 2 1 -0.4340902110264496 -0.3368009760665654 
0.5 4.5 2 1 -0.3941725675325618 -0.349625832381131 
0.5 4.5 4.5 1 -0.3938026388106476 -0.1801535112129531 
0.5 2.5 4.5 1 -0.4328189362575959 -0.1829095857550183 
