0 0 0 1 -0.198594962339748 -0.01147499164224242 
0 0 6.5 1 -0.2169424340488615 0.2510833862253233 
10 0 0 1 0.1929662269741369 0.001674960860967908 
10 0 6.5 1 0.1944154466502363 0.2637867744597604 
10 10 0 1 0.3236561063736477 -0.1167428027013816 
10 10 6.5 1 0.337114785618911 0.3125303036290037 
0 10 0 1 -0.3126999041840684 -0.1389205618337014 
0 10 6.5 1 -0.3532352821977029 0.2915272142884801 
0 5 10 1 -0.2830569548331213 0.4595308150095149 
10 5 10 1 0.2506813273795906 0.4748609236644523 
0 6 0 1 -0.2533238445179201 -0.07260252461670928 
0 8 0 1 -0.2797020947454791 -0.1020647993137239 
0 8 5 1 -0.3048142845738028 0.1865116364774639 
0 6 5 1 -0.2744546900205731 0.1870550016816147 
0 2 2.5 1 -0.2215280159537198 0.0774916751531509 
0 4 2.5 1 -0.2406163832987522 0.0668504887834333 
0 4 5 1 -0.2498836558220348 0.1874947652953901 
0 2 5 1 -0.2295897446832236 0.1878579784848688 
0.5 0.5 -0.5 1 -0.1808271742339266 -0.03430599713944717 
0.5 0.5 6 1 -0.1985624467994755 0.2313881652702897 
10.5 0.5 -0.5 1 0.2167490272550169 -0.02085838250488024 
10.5 0.5 6 1 0.2194392179899264 0.2443836939340748 
10.5 10.5 -0.5 1 0.365970348489654 -0.1566962473051029 
10.5 10.5 6 1 0.3834718943497307 0.2809998416067565 
0.5 10.5 -0.5 1 -0.2864265962068151 -0.1797121922431849 
0.5 10.5 6 1 -0.325797272085977 0.2591798154662558 
0.5 5.5 9.5 1 -0.2604933538527591 0.4382991088785099 
10.5 5.5 9.5 1 0.2844838844525593 0.4540743833686002 
0.5 6.5 -0.5 1 -0.2312171598652019 -0.1036909989234237 
0.5 8.5 -0.5 1 -0.2556744041513933 -0.1373676494953439 
0.5 8.5 4.5 1 -0.2799984682240141 0.1561030137444429 
0.5 6.5 4.5 1 -0.251658590421638 0.1599312464416827 
0.5 2.5 2 1 -0.2022457224800241 0.05374328809861903 
0.5 4.5 2 1 -0.2198643365573963 0.04064540428593588 
0.5 4.5 4.5 1 -0.2288268635895962 0.163015422167576 
0.5 2.5 4.5 1 -0.2100396722703385 0.1655532503332166 
