0 0 0 1 0.2611243096331998 -0.4056141914203847 
0 0 6.5 1 0.2297888893728905 -0.08862945419900839 
10 0 0 1 0.7232502350769003 -0.6085005316237023 
10 0 6.5 1 0.6288804270569409 -0.02264987128795909 
10 10 0 1 -0.2036988476270369 -0.8287210630344146 
10 10 6.5 1 -0.2267450218423198 -0.05227280476300243 
0 10 0 1 -0.2401129369225979 -0.4781186924758093 
0 10 6.5 1 -0.249599212197989 -0.1125895454135119 
0 5 10 1 -0.005070978754941217 0.06958901314845235 
10 5 10 1 0.2223650144276798 0.2751136845835385 
0 6 0 1 -0.02270592847697689 -0.4466705373723806 
0 8 0 1 -0.1282645613091597 -0.4619397059311426 
0 8 5 1 -0.1398838482998765 -0.1858702318373368 
0 6 5 1 -0.03808635814105986 -0.1786531961597619 
0 2 2.5 1 0.1604956307492267 -0.2895882464320116 
0 4 2.5 1 0.06753637392781639 -0.2995321113483159 
0 4 5 1 0.05835245415089123 -0.1718160693511527 
0 2 5 1 0.1498448631740432 -0.1653296227883032 
0.5 0.5 -0.5 1 0.2539761949896541 -0.4409405133949354 
0.5 0.5 6 1 0.2219483962605757 -0.1118451675909943 
10.5 0.5 -0.5 1 0.7402286777926559 -0.6899819934401061 
10.5 0.5 6 1 0.6386463306909657 -0.06144808364026969 
10.5 10.5 -0.5 1 -0.26391505181061 -0.9582986405441013 
10.5 10.5 6 1 -0.2819006772734554 -0.1053786205216191 
0.5 10.5 -0.5 1 -0.2683733247923501 -0.5218111037787264 
0.5 10.5 6 1 -0.2766804456145446 -0.1401102175128403 
0.5 5.5 9.5 1 -0.02126343589046077 0.05086371461758776 
10.5 5.5 9.5 1 0.2063252938273692 0.2528106906086382 
0.5 6.5 -0.5 1 -0.04114669358811723 -0.4866316863187942 
0.5 8.5 -0.5 1 -0.1513458508946165 -0.5036928122003537 
0.5 8.5 4.5 1 -0.1624465956023767 -0.2156577674444378 
0.5 6.5 4.5 1 -0.05634442011373903 -0.2073460860123379 
0.5 2.5 2 1 0.1497878770645473 -0.321147008392798 
0.5 4.5 2 1 0.05320385954646008 -0.3323236363617821 
0.5 4.5 4.5 1 0.04397645417859083 -0.1994872919370282 
0.5 2.5 4.5 1 0.1389760131937203 -0.1920453514953048 
