-0.414601880046666 -0.4139646209791275 -0.4328252884072309 -0.08866212048345239 
0.01305266319379646 -0.315109282880819 -0.01034631940707735 -0.05637312497678094 
0.3237622502484734 -0.4089325510025103 0.2789413170065389 -0.01669151562772275 
-0.2874957316279555 -0.6239727976339462 -0.3244371221418441 -0.05532825596442788 
-0.414601880046666 -0.4139646209791275 0.01305266319379646 -0.315109282880819 
0.01305266319379646 -0.315109282880819 0.3237622502484734 -0.4089325510025103 
0.3237622502484734 -0.4089325510025103 -0.2874957316279555 -0.6239727976339462 
-0.2874957316279555 -0.6239727976339462 -0.414601880046666 -0.4139646209791275 
-0.4328252884072309 -0.08866212048345239 -0.4055377866598875 0.1355101313293356 
-0.4055377866598875 0.1355101313293356 -0.3244371221418441 -0.05532825596442788 
-0.01034631940707735 -0.05637312497678094 0.08899971001711166 0.1210642774581501 
0.08899971001711166 0.1210642774581501 0.2789413170065389 -0.01669151562772275 
-0.4055377866598875 0.1355101313293356 0.08899971001711166 0.1210642774581501 
-0.4328252884072309 -0.08866212048345239 -0.01034631940707735 -0.05637312497678094 
-0.3244371221418441 -0.05532825596442788 0.2789413170065389 -0.01669151562772275 
-0.3559875577238299 -0.5108087713999785 -0.3262228693927618 -0.5599867852322852 
-0.3262228693927618 -0.5599867852322852 -0.3501285663500925 -0.1760819166508071 
-0.3501285663500925 -0.1760819166508071 -0.3764103034228019 -0.1714528460765695 
-0.3764103034228019 -0.1714528460765695 -0.3559875577238299 -0.5108087713999785 
-0.4066926200497085 -0.3009553712202111 -0.3885819089048858 -0.3179605419754996 
-0.3885819089048858 -0.3179605419754996 -0.3973706525516409 -0.1677610453744459 
-0.3973706525516409 -0.1677610453744459 -0.414477208300737 -0.1647480233041915 
-0.414477208300737 -0.1647480233041915 -0.4066926200497085 -0.3009553712202111 
