0.2837707713372075 -0.3036207696785834 0.3225529821548664 0.1030158495719679 
-0.3772719890739152 -0.2744843672218145 -0.3284428772761059 0.1893666024943489 
-0.3048675351273675 -0.15881081054211 -0.2764415414434897 0.1135481821020595 
0.09830123266615447 -0.1857301215609959 0.1230334679086681 0.0658451166929938 
0.2837707713372075 -0.3036207696785834 -0.3772719890739152 -0.2744843672218145 
-0.3772719890739152 -0.2744843672218145 -0.3048675351273675 -0.15881081054211 
-0.3048675351273675 -0.15881081054211 0.09830123266615447 -0.1857301215609959 
0.09830123266615447 -0.1857301215609959 0.2837707713372075 -0.3036207696785834 
0.3225529821548664 0.1030158495719679 0.2155256125701224 0.2462525905936191 
0.2155256125701224 0.2462525905936191 0.1230334679086681 0.0658451166929938 
-0.3284428772761059 0.1893666024943489 -0.2765032170286741 0.3249757907592941 
-0.2765032170286741 0.3249757907592941 -0.2764415414434897 0.1135481821020595 
0.2155256125701224 0.2462525905936191 -0.2765032170286741 0.3249757907592941 
0.3225529821548664 0.1030158495719679 -0.3284428772761059 0.1893666024943489 
0.1230334679086681 0.0658451166929938 -0.2764415414434897 0.1135481821020595 
0.1524387937539053 -0.2201417678608232 0.1231329757553393 -0.201514008810888 
0.1231329757553393 -0.201514008810888 0.1436652654790062 0.008179398954295125 
0.1436652654790062 0.008179398954295125 0.1747145417466323 0.008441563507976663 
0.1747145417466323 0.008441563507976663 0.1524387937539053 -0.2201417678608232 
0.24381382191197 -0.1299801163040625 0.1997411259737325 -0.1166155736014959 
0.1997411259737325 -0.1166155736014959 0.2118889832613829 0.008755445892354059 
0.2118889832613829 0.008755445892354059 0.2571994196936933 0.009138024547070606 
0.2571994196936933 0.009138024547070606 0.24381382191197 -0.1299801163040625 
