0 0 0 1 0.2753139948545059 -0.2816822421127551 
0 0 6.5 1 0.3180075990501713 0.1164802776036074 
10 0 0 1 -0.3747571153350246 -0.2697554378722491 
10 0 6.5 1 -0.3317137781006146 0.2046622787483204 
10 10 0 1 -0.3290767814366447 -0.1369514991010072 
10 10 6.5 1 -0.3036336747859386 0.1408791622670472 
0 10 0 1 0.07448071531590159 -0.1576854425533009 
0 10 6.5 1 0.09991628191686552 0.09212778606572457 
0 5 10 1 0.2012165688281343 0.2687919138641253 
10 5 10 1 -0.2965255519154532 0.3556667101466727 
0 6 0 1 0.1337357913441788 -0.1942702147685362 
0 8 0 1 0.1017253908843967 -0.1745066217089183 
0 8 5 1 0.122985047308438 0.03280349507514825 
0 6 5 1 0.1570478749968582 0.0311622726161278 
0 2 2.5 1 0.2325023413718858 -0.1102400958941377 
0 4 2.5 1 0.1847414117729648 -0.09469358356644117 
0 4 5 1 0.1976809568548813 0.02920448076353669 
0 2 5 1 0.2469881654431543 0.02682875027906524 
0.5 0.5 -0.5 1 0.2297518523728345 -0.3011888553068571 
0.5 0.5 6 1 0.2710486234972756 0.08794572023894418 
10.5 0.5 -0.5 1 -0.4117888284872151 -0.2931610531165956 
10.5 0.5 6 1 -0.370311710489164 0.1684956459605914 
10.5 10.5 -0.5 1 -0.3517389962010292 -0.1528782656133278 
10.5 10.5 6 1 -0.3268475641642066 0.1205269433808782 
0.5 10.5 -0.5 1 0.04843438021087857 -0.1717573269089659 
0.5 10.5 6 1 0.07335192248415336 0.07447208594175479 
0.5 5.5 9.5 1 0.1667556820872292 0.244003363900316 
10.5 5.5 9.5 1 -0.3259997527022101 0.3257323183347076 
0.5 6.5 -0.5 1 0.1022416268049933 -0.2101670514794574 
0.5 8.5 -0.5 1 0.07320669845732036 -0.1894407799946784 
0.5 8.5 4.5 1 0.093998448354897 0.01466432543194688 
0.5 6.5 4.5 1 0.124994995396041 0.01148064347773881 
0.5 2.5 2 1 0.1923827997690127 -0.1311658754515679 
0.5 4.5 2 1 0.1492645798117417 -0.113921646566713 
0.5 4.5 4.5 1 0.1618630546523922 0.007693893463767399 
0.5 2.5 4.5 1 0.2064454816465362 0.003114794117390141 
