-0.2402861784528189 -0.02049480596960504 -0.2666512765584468 0.2483229350508802 
0.1533899192715388 0.009261015925421622 0.1448519966386949 0.2681498218843664 
0.3184405734478237 -0.08169491481305126 0.3159165554356232 0.3406532549985386 
-0.3218006259397982 -0.1372097261567692 -0.3729071257864475 0.3122242839165993 
-0.2402861784528189 -0.02049480596960504 0.1533899192715388 0.009261015925421622 
0.1533899192715388 0.009261015925421622 0.3184405734478237 -0.08169491481305126 
0.3184405734478237 -0.08169491481305126 -0.3218006259397982 -0.1372097261567692 
-0.3218006259397982 -0.1372097261567692 -0.2402861784528189 -0.02049480596960504 
-0.2666512765584468 0.2483229350508802 -0.3264247871090101 0.4691477480406354 
-0.3264247871090101 0.4691477480406354 -0.3729071257864475 0.3122242839165993 
0.1448519966386949 0.2681498218843664 0.2049956261479696 0.4827953298976724 
0.2049956261479696 0.4827953298976724 0.3159165554356232 0.3406532549985386 
-0.3264247871090101 0.4691477480406354 0.2049956261479696 0.4827953298976724 
-0.2666512765584468 0.2483229350508802 0.1448519966386949 0.2681498218843664 
-0.3729071257864475 0.3122242839165993 0.3159165554356232 0.3406532549985386 
-0.2790387892887136 -0.07598199897889533 -0.2979426066533402 -0.1030490723991936 
-0.2979426066533402 -0.1030490723991936 -0.3306825168970539 0.1971140974050172 
-0.3306825168970539 0.1971140974050172 -0.3073813420665677 0.19283281628749 
-0.3073813420665677 0.19283281628749 -0.2790387892887136 -0.07598199897889533 
-0.2619107360287382 0.07336746049022684 -0.2759190571690364 0.06528335490469238 
-0.2759190571690364 0.06528335490469238 -0.2886405851554425 0.189389451338063 
-0.2886405851554425 0.189389451338063 -0.27324076102344 0.1865599383736213 
-0.27324076102344 0.1865599383736213 -0.2619107360287382 0.07336746049022684 
