0.2776184097593742 -0.2594978139250554 0.2439254044037214 0.06183035838827021 
0.581087739866336 -0.4933499210465081 0.5106546248345826 0.1446389292511867 
-0.4159893497070286 -0.6099268961316382 -0.4756106741192493 0.04977959703307847 
-0.2206802122755251 -0.3134832525674179 -0.2516574327103496 0.01326375890945121 
0.2776184097593742 -0.2594978139250554 0.581087739866336 -0.4933499210465081 
0.581087739866336 -0.4933499210465081 -0.4159893497070286 -0.6099268961316382 
-0.4159893497070286 -0.6099268961316382 -0.2206802122755251 -0.3134832525674179 
-0.2206802122755251 -0.3134832525674179 0.2776184097593742 -0.2594978139250554 
0.2439254044037214 0.06183035838827021 -0.01917863171661359 0.2104772671716954 
-0.01917863171661359 0.2104772671716954 -0.2516574327103496 0.01326375890945121 
0.5106546248345826 0.1446389292511867 -0.009219341162419643 0.4403590938554847 
-0.009219341162419643 0.4403590938554847 -0.4756106741192493 0.04977959703307847 
-0.01917863171661359 0.2104772671716954 -0.009219341162419643 0.4403590938554847 
0.2439254044037214 0.06183035838827021 0.5106546248345826 0.1446389292511867 
-0.2516574327103496 0.01326375890945121 -0.4756106741192493 0.04977959703307847 
-0.01947451877829901 -0.2916847222475252 -0.1197590121192602 -0.3025494971488286 
-0.1197590121192602 -0.3025494971488286 -0.1440534324017433 -0.05167440284136184 
-0.1440534324017433 -0.05167440284136184 -0.04419296638042823 -0.04165125950063445 
-0.04419296638042823 -0.04165125950063445 -0.01947451877829901 -0.2916847222475252 
0.1664019463742861 -0.1456674526897352 0.0675796026045013 -0.1559789706009212 
0.0675796026045013 -0.1559789706009212 0.0550425892780064 -0.03169083934148044 
0.0550425892780064 -0.03169083934148044 0.1536590821562747 -0.02179255543333483 
0.1536590821562747 -0.02179255543333483 0.1664019463742861 -0.1456674526897352 
