0.01885598752943575 -0.1860106585114145 0.04434138645313457 0.06815974728813103 
0.4404210550946638 -0.2790234490790679 0.472759355846777 0.04580894974216642 
0.2818194012108829 -0.4308331233101217 0.3375439839953954 0.1275748138942898 
-0.2936362802747088 -0.2434608763311633 -0.2555588804170008 0.1343733646158222 
0.01885598752943575 -0.1860106585114145 0.4404210550946638 -0.2790234490790679 
0.4404210550946638 -0.2790234490790679 0.2818194012108829 -0.4308331233101217 
0.2818194012108829 -0.4308331233101217 -0.2936362802747088 -0.2434608763311633 
-0.2936362802747088 -0.2434608763311633 0.01885598752943575 -0.1860106585114145 
0.04434138645313457 0.06815974728813103 -0.05984619700350217 0.2583035959330714 
-0.05984619700350217 0.2583035959330714 -0.2555588804170008 0.1343733646158222 
0.472759355846777 0.04580894974216642 0.4450369016919292 0.2968183736394735 
0.4450369016919292 0.2968183736394735 0.3375439839953954 0.1275748138942898 
-0.05984619700350217 0.2583035959330714 0.4450369016919292 0.2968183736394735 
0.04434138645313457 0.06815974728813103 0.472759355846777 0.04580894974216642 
-0.2555588804170008 0.1343733646158222 0.3375439839953954 0.1275748138942898 
-0.1380857880501474 -0.2148636578365568 -0.2089619157143442 -0.2278938969562027 
-0.2089619157143442 -0.2278938969562027 -0.1823020540826904 0.03700903813142039 
-0.1823020540826904 0.03700903813142039 -0.113625873355075 0.02845890618163549 
-0.113625873355075 0.02845890618163549 -0.1380857880501474 -0.2148636578365568 
-0.01562833413608585 -0.08964636901727147 -0.06658946275941863 -0.09127908203447392 
-0.06658946275941863 -0.09127908203447392 -0.05529391325513872 0.02119662178463066 
-0.05529391325513872 0.02119662178463066 -0.005132740270370775 0.01495159413120303 
-0.005132740270370775 0.01495159413120303 -0.01562833413608585 -0.08964636901727147 
