0 0 0 1 -0.009431780536964512 -0.09148758656424741 
0 0 6.5 1 0.01447275059891925 0.1601393966356809 
10 0 0 1 0.4013196312502401 -0.1645221090398261 
10 0 6.5 1 0.4386735716059977 0.1413482351501179 
10 10 0 1 0.3117178414712731 -0.2913101509398981 
10 10 6.5 1 0.3734117614395923 0.2347721201004448 
0 10 0 1 -0.287423980479136 -0.1461527583411503 
0 10 6.5 1 -0.25775599111927 0.2376197383791291 
0 5 10 1 -0.07826192986019463 0.3594329201697928 
10 5 10 1 0.4408563659547362 0.3919933877683797 
0 6 0 1 -0.1476132559965274 -0.1186599823866994 
0 8 0 1 -0.2109598859168905 -0.1311166427059633 
0 8 5 1 -0.189117533929785 0.1346523378043571 
0 6 5 1 -0.1266780466939038 0.1241500313710146 
0 2 2.5 1 -0.03923518637177151 0.003612653552469939 
0 4 2.5 1 -0.08433280585192296 0.002777606307367376 
0 4 5 1 -0.07424655124523022 0.1153310667007867 
0 2 5 1 -0.02959540686226165 0.107820755170876 
0.5 0.5 -0.5 1 -0.003374502851630181 -0.1159402036568789 
0.5 0.5 6 1 0.021247602765189 0.1417686057847301 
10.5 0.5 -0.5 1 0.4214838124119073 -0.1967136103908824 
10.5 0.5 6 1 0.4604343406560878 0.1181872052591717 
10.5 10.5 -0.5 1 0.3421078351614362 -0.3544721189203742 
10.5 10.5 6 1 0.4083777124478765 0.1989040715720394 
0.5 10.5 -0.5 1 -0.2889538931896334 -0.1858906575586736 
0.5 10.5 6 1 -0.2581381108272076 0.2122128055321048 
0.5 5.5 9.5 1 -0.07287211500842428 0.3431633457590236 
10.5 5.5 9.5 1 0.4691858662931341 0.3722412241874285 
0.5 6.5 -0.5 1 -0.1443836091242099 -0.1504792891853515 
0.5 8.5 -0.5 1 -0.2096478532017122 -0.1664652589409963 
0.5 8.5 4.5 1 -0.1869990040424582 0.1082015194388138 
0.5 6.5 4.5 1 -0.1227129276172325 0.09973624135197129 
0.5 2.5 2 1 -0.0334963014173953 -0.02024705361563946 
0.5 4.5 2 1 -0.07946368550901999 -0.02306174572142927 
0.5 4.5 4.5 1 -0.06903925426424574 0.09266841895338597 
0.5 2.5 4.5 1 -0.0235504926956666 0.08667839688457932 
