-0.1071730693815334 -0.03556813849259947 -0.1029022151409254 0.2160159647781547 
0.2844867565734062 -0.06916074642951858 0.3094398728571782 0.2028772215910134 
0.3245071408336085 -0.2314574898518947 0.3707130583751139 0.2192231056688018 
-0.296239146811665 -0.1588848696217159 -0.3038961096694646 0.2383205478600764 
-0.1071730693815334 -0.03556813849259947 0.2844867565734062 -0.06916074642951858 
0.2844867565734062 -0.06916074642951858 0.3245071408336085 -0.2314574898518947 
0.3245071408336085 -0.2314574898518947 -0.296239146811665 -0.1588848696217159 
-0.296239146811665 -0.1588848696217159 -0.1071730693815334 -0.03556813849259947 
-0.1029022151409254 0.2160159647781547 -0.1791582733975241 0.4059249290032484 
-0.1791582733975241 0.4059249290032484 -0.3038961096694646 0.2383205478600764 
0.3094398728571782 0.2028772215910134 0.3513643595421343 0.4106538973089079 
0.3513643595421343 0.4106538973089079 0.3707130583751139 0.2192231056688018 
-0.1791582733975241 0.4059249290032484 0.3513643595421343 0.4106538973089079 
-0.1029022151409254 0.2160159647781547 0.3094398728571782 0.2028772215910134 
-0.3038961096694646 0.2383205478600764 0.3707130583751139 0.2192231056688018 
-0.1994761300109063 -0.09577201993311464 -0.2428872561347843 -0.1240865554700817 
-0.2428872561347843 -0.1240865554700817 -0.2452790526639197 0.1454847668661779 
-0.2452790526639197 0.1454847668661779 -0.199600649383176 0.1488353968631527 
-0.199600649383176 0.1488353968631527 -0.1994761300109063 -0.09577201993311464 
-0.1318834410794898 0.04872189481220395 -0.1627671453813044 0.03731406936883888 
-0.1627671453813044 0.03731406936883888 -0.1620402997089764 0.151590546458504 
-0.1620402997089764 0.151590546458504 -0.130610482545617 0.1538960055074935 
-0.130610482545617 0.1538960055074935 -0.1318834410794898 0.04872189481220395 
