0 0 0 1 -0.6442524864408347 -0.3226996421398639 
0 0 6.5 1 -0.5811798550616185 0.2451151084237123 
10 0 0 1 -0.2487625497163936 -0.1914557288224824 
10 0 6.5 1 -0.2169471920627297 0.1141298661213536 
10 10 0 1 0.235498677542536 -0.2614534333086408 
10 10 6.5 1 0.2677659796474381 0.07772446466974707 
0 10 0 1 0.2627287243648319 -0.4961003169841879 
0 10 6.5 1 0.3283031336350471 0.1997781375677052 
0 5 10 1 -0.1375690771059559 0.5555729153903154 
10 5 10 1 0.0300678213746701 0.2684226635774235 
0 6 0 1 -0.1449077667157232 -0.4181665717175667 
0 8 0 1 0.05015174970697859 -0.4554589118228913 
0 8 5 1 0.1005750766592915 0.05816544890400498 
0 6 5 1 -0.09479423418733889 0.07415047880913882 
0 2 2.5 1 -0.4657764455771256 -0.1238535764386548 
0 4 2.5 1 -0.2995744151518912 -0.1464496595856585 
0 4 5 1 -0.2748343940694218 0.08888128441708515 
0 2 5 1 -0.4412814398146711 0.1024999074870497 
0.5 0.5 -0.5 1 -0.5775018580060859 -0.3604411343318955 
0.5 0.5 6 1 -0.51710273195719 0.1897118761548065 
10.5 0.5 -0.5 1 -0.2193019248304712 -0.214319659507835 
10.5 0.5 6 1 -0.1882017681659834 0.08607605667681845 
10.5 10.5 -0.5 1 0.2587368979884388 -0.2854100535466575 
10.5 10.5 6 1 0.2902419990555994 0.04738580019990846 
0.5 10.5 -0.5 1 0.3084927173904549 -0.5352189916773781 
0.5 10.5 6 1 0.3709827853489315 0.1343143077085118 
0.5 5.5 9.5 1 -0.08309525719419017 0.4844418428460143 
10.5 5.5 9.5 1 0.05567224762413293 0.2362321220046368 
0.5 6.5 -0.5 1 -0.08813803869129391 -0.4569766687215512 
0.5 8.5 -0.5 1 0.1019738504382457 -0.4944795491687497 
0.5 8.5 4.5 1 0.1500616081676051 0.0004575688295185874 
0.5 6.5 4.5 1 -0.04029985847185181 0.01814590367565081 
0.5 2.5 2 1 -0.402762761665841 -0.1694163164215383 
0.5 4.5 2 1 -0.2398809273811511 -0.1929685196561055 
0.5 4.5 4.5 1 -0.2162367912109909 0.03449391482007794 
0.5 2.5 4.5 1 -0.3793288573552363 0.04964838451204974 
