0 0 0 1 0.3391140517600786 -0.5442547845925232 
0 0 6.5 1 0.2736103956465511 0.06061556422986236 
10 0 0 1 -0.2264842719134192 -0.3934816085200132 
10 0 6.5 1 -0.2604031452948823 -0.01733053746520465 
10 10 0 1 0.1063010787077721 -0.2573945420751605 
10 10 6.5 1 0.07977724639292738 0.003645900309979429 
0 10 0 1 0.5563890775506316 -0.2968569030427899 
0 10 6.5 1 0.5152044596824077 0.05705069493876614 
0 5 10 1 0.3989196932658245 0.2934125846968426 
10 5 10 1 -0.07578748992311753 0.1583940555551527 
0 6 0 1 0.4954250126688615 -0.3662729827212221 
0 8 0 1 0.5286658572028303 -0.3284236510333944 
0 8 5 1 0.4943256708377965 -0.03067580596862906 
0 6 5 1 0.4580639142815632 -0.0388065738747245 
0 2 2.5 1 0.381365445528826 -0.2642302985394692 
0 4 2.5 1 0.4342369714491819 -0.2295030138942834 
0 4 5 1 0.4138837183913738 -0.04871284849966998 
0 2 5 1 0.358873469056214 -0.06104748455369038 
0.5 0.5 -0.5 1 0.3185566258756362 -0.5575684866092638 
0.5 0.5 6 1 0.2573328937690328 0.01157406092014181 
10.5 0.5 -0.5 1 -0.2177718034670986 -0.4077355893199603 
10.5 0.5 6 1 -0.2505050970890216 -0.045715486329217 
10.5 10.5 -0.5 1 0.103424986895315 -0.2710910015605735 
10.5 10.5 6 1 0.077636537868738 -0.01693440901971434 
0.5 10.5 -0.5 1 0.5361491563945524 -0.3138453799876859 
0.5 10.5 6 1 0.4966741759839891 0.02752664513146047 
0.5 5.5 9.5 1 0.381170519407671 0.2463760813662295 
10.5 5.5 9.5 1 -0.07341873161944421 0.1295431253451612 
0.5 6.5 -0.5 1 0.4739709313343504 -0.3834905564087151 
0.5 8.5 -0.5 1 0.507762558489238 -0.3456409099693521 
0.5 8.5 4.5 1 0.4749648792639772 -0.05939035509755825 
0.5 6.5 4.5 1 0.43843282170034 -0.06987815752349484 
0.5 2.5 2 1 0.3610966688042149 -0.2907832619223188 
0.5 4.5 2 1 0.4135730256238262 -0.2549304130800121 
0.5 4.5 4.5 1 0.3943006982691065 -0.08254782416840145 
0.5 2.5 4.5 1 0.3399215140847625 -0.09815926731844977 
