0 0 0 1 0.2502597058488848 -0.4033298939799536 
0 0 6.5 1 0.2218491329481529 -0.08925066582107295 
10 0 0 1 0.7230977425996427 -0.5823531302040525 
10 0 6.5 1 0.6316637041961536 -0.0149676255348723 
10 10 0 1 -0.1633155446097681 -0.7967499472306026 
10 10 6.5 1 -0.1813132973957339 -0.0194982738782773 
0 10 0 1 -0.2465737729869219 -0.4728182854649689 
0 10 6.5 1 -0.2507183887588428 -0.1035984092055867 
0 5 10 1 -0.005697162649396964 0.07218958350535647 
10 5 10 1 0.251430053370583 0.2846531222882629 
0 6 0 1 -0.02857379878678691 -0.4423282557140782 
0 8 0 1 -0.1339337529759875 -0.4570641663469485 
0 8 5 1 -0.1420056019031078 -0.1790692374681706 
0 6 5 1 -0.0408768197382903 -0.1735615521204974 
0 2 2.5 1 0.1531323313211458 -0.2869495265325603 
0 4 2.5 1 0.06201715509264211 -0.2957103895736704 
0 4 5 1 0.05418168183878071 -0.1683844669712416 
0 2 5 1 0.1437005324195828 -0.1635090828211499 
0.5 0.5 -0.5 1 0.2440915803438273 -0.4377920628878259 
0.5 0.5 6 1 0.2150491689938341 -0.1114226675507849 
10.5 0.5 -0.5 1 0.7429129086560483 -0.6591972905489458 
10.5 0.5 6 1 0.6441202602371422 -0.05044363434593199 
10.5 10.5 -0.5 1 -0.218212470475546 -0.9245841497318134 
10.5 10.5 6 1 -0.2307631987891744 -0.06784728983790347 
0.5 10.5 -0.5 1 -0.2745360603045355 -0.5163743428263048 
0.5 10.5 6 1 -0.2771533382346368 -0.1300801121264044 
0.5 5.5 9.5 1 -0.02078176954933296 0.0546387447341606 
10.5 5.5 9.5 1 0.2400474798581665 0.265726189282382 
0.5 6.5 -0.5 1 -0.04619219117371631 -0.4817757591028438 
0.5 8.5 -0.5 1 -0.1563981571750733 -0.4984741287855367 
0.5 8.5 4.5 1 -0.163755876551899 -0.2079296762633694 
0.5 6.5 4.5 1 -0.05817482741980212 -0.2012913946688075 
0.5 2.5 2 1 0.1434448070469808 -0.3175977097117902 
0.5 4.5 2 1 0.04867289901531289 -0.327654304954813 
0.5 4.5 4.5 1 0.04084073359289526 -0.195065910250449 
0.5 2.5 4.5 1 0.1338847454761294 -0.1892158798079981 
