0.08055031558201399 -0.389637237349145 0.09846184392109646 -0.1136427272702846 
0.5409716252396415 -0.5359424122062721 0.544702566233074 -0.1403554724891188 
0.1972348910942381 -0.774914923695851 0.2302085741592541 -0.09690024918034999 
-0.3086998784488877 -0.4662320061423978 -0.2656595186296264 -0.07719473136015878 
0.08055031558201399 -0.389637237349145 0.5409716252396415 -0.5359424122062721 
0.5409716252396415 -0.5359424122062721 0.1972348910942381 -0.774914923695851 
0.1972348910942381 -0.774914923695851 -0.3086998784488877 -0.4662320061423978 
-0.3086998784488877 -0.4662320061423978 0.08055031558201399 -0.389637237349145 
0.09846184392109646 -0.1136427272702846 -0.03971885257599544 0.06531205309479306 
-0.03971885257599544 0.06531205309479306 -0.2656595186296264 -0.07719473136015878 
0.544702566233074 -0.1403554724891188 0.4326933599990087 0.1215496996418533 
0.4326933599990087 0.1215496996418533 0.2302085741592541 -0.09690024918034999 
-0.03971885257599544 0.06531205309479306 0.4326933599990087 0.1215496996418533 
0.09846184392109646 -0.1136427272702846 0.544702566233074 -0.1403554724891188 
-0.2656595186296264 -0.07719473136015878 0.2302085741592541 -0.09690024918034999 
-0.1196816233902811 -0.4290379089629147 -0.2069316404004227 -0.446206544926571 
-0.2069316404004227 -0.446206544926571 -0.1793425905655545 -0.1668420267516572 
-0.1793425905655545 -0.1668420267516572 -0.0967063195344625 -0.1695148355218723 
-0.0967063195344625 -0.1695148355218723 -0.1196816233902811 -0.4290379089629147 
0.0304117270704926 -0.2859389952568173 -0.03426026318208801 -0.2912149777587137 
-0.03426026318208801 -0.2912149777587137 -0.02475467961249337 -0.171842057839811 
-0.02475467961249337 -0.171842057839811 0.0384587347923584 -0.1738866487477545 
0.0384587347923584 -0.1738866487477545 0.0304117270704926 -0.2859389952568173 
