0 0 0 1 0.2563278176749942 -0.04739475360522793 
0 0 6.5 1 0.2573273223907829 0.3248147162948894 
10 0 0 1 -0.1685267017292009 -0.2329734572665019 
10 0 6.5 1 -0.2183238644802045 0.4064119173204891 
10 10 0 1 -0.5491015777025512 -0.09707304374015639 
10 10 6.5 1 -0.6065222787517494 0.2952458945675832 
0 10 0 1 -0.1200497853667553 -0.001109848335266116 
0 10 6.5 1 -0.1379721354168966 0.2713360028320955 
0 5 10 1 0.02146703752714678 0.4786695567612466 
10 5 10 1 -0.4973911222830316 0.6371439404546032 
0 6 0 1 0.00414871662325161 -0.01638311606645197 
0 8 0 1 -0.0613740773857514 -0.008325473185418151 
0 8 5 1 -0.07344833970927517 0.2104700362220445 
0 6 5 1 -0.005890557687143584 0.2153774186189053 
0 2 2.5 1 0.1592712655910741 0.0926810021894154 
0 4 2.5 1 0.07418484828435551 0.09502991072762415 
0 4 5 1 0.07041602318786429 0.2209203118362696 
0 2 5 1 0.1572885297825832 0.2272307115692633 
0.5 0.5 -0.5 1 0.2183228179358714 -0.0764798969465823 
0.5 0.5 6 1 0.2167315971043225 0.2929108530092766 
10.5 0.5 -0.5 1 -0.2313016842520736 -0.2815125039186803 
10.5 0.5 6 1 -0.2884899065339755 0.3494493190635826 
10.5 10.5 -0.5 1 -0.5875613777135567 -0.1277712484149066 
10.5 10.5 6 1 -0.6476305818119211 0.2613848080216829 
0.5 10.5 -0.5 1 -0.1475552634390644 -0.02268047786923737 
0.5 10.5 6 1 -0.1668088604282048 0.2482530401500742 
0.5 5.5 9.5 1 -0.01331787635874679 0.4506694800689217 
10.5 5.5 9.5 1 -0.5517851750442593 0.5915461272149899 
0.5 6.5 -0.5 1 -0.0267768832883962 -0.04043996393845069 
0.5 8.5 -0.5 1 -0.09048986931156519 -0.0310714835341356 
0.5 8.5 4.5 1 -0.1037015259950406 0.1864454917261801 
0.5 6.5 4.5 1 -0.03810263417866235 0.189885627336156 
0.5 2.5 2 1 0.1231349601014554 0.06459415399941594 
0.5 4.5 2 1 0.04049315109889409 0.06871389088919462 
0.5 4.5 4.5 1 0.03597498657830137 0.1937704042586329 
0.5 2.5 4.5 1 0.1202887368187796 0.1981919840533767 
