0 0 0 1 0.2559091531564356 -0.4050655725834986 
0 0 6.5 1 0.2259543774032216 -0.0894346295904212 
10 0 0 1 0.7239238452652716 -0.5960099371944967 
10 0 6.5 1 0.6307457281648284 -0.01913474712054253 
10 10 0 1 -0.1836373695162307 -0.8142775956351469 
10 10 6.5 1 -0.2040809183786795 -0.03654001544837907 
0 10 0 1 -0.2433385706510818 -0.4763063351505635 
0 10 6.5 1 -0.2501842192935992 -0.1087624265366197 
0 5 10 1 -0.005328072466806966 0.07035879404042873 
10 5 10 1 0.2372442430987141 0.2795440612267149 
0 6 0 1 -0.02552821949008862 -0.4452256215653939 
0 8 0 1 -0.1310384593834279 -0.4602815338714327 
0 8 5 1 -0.1409166382536753 -0.1831186039892033 
0 6 5 1 -0.03941079159215648 -0.1767131222234736 
0 2 2.5 1 0.1569746051667626 -0.2888460883700484 
0 4 2.5 1 0.06490605959967408 -0.298236433639644 
0 4 5 1 0.05637335075855199 -0.1706687060893032 
0 2 5 1 0.1469063110137466 -0.1649556634894425 
0.5 0.5 -0.5 1 0.2492617454232879 -0.4399839818056011 
0.5 0.5 6 1 0.218642499658892 -0.1121356043643115 
10.5 0.5 -0.5 1 0.7424179036567434 -0.675240520169077 
10.5 0.5 6 1 0.6419231658792618 -0.05626238931302247 
10.5 10.5 -0.5 1 -0.2413242960551429 -0.9432884881135928 
10.5 10.5 6 1 -0.2564609170677412 -0.0873453580343205 
0.5 10.5 -0.5 1 -0.2714676961989771 -0.5199782051653968 
0.5 10.5 6 1 -0.2769581206046614 -0.1357890510745616 
0.5 5.5 9.5 1 -0.02096829385249445 0.05221353019181087 
10.5 5.5 9.5 1 0.2235661192519318 0.2589446966038825 
0.5 6.5 -0.5 1 -0.04356303431862307 -0.4849675931854033 
0.5 8.5 -0.5 1 -0.1538228612746201 -0.501905658368836 
0.5 8.5 4.5 1 -0.163083746303306 -0.2124676793362366 
0.5 6.5 4.5 1 -0.05719376389419707 -0.2049452515729752 
0.5 2.5 2 1 0.1467823564346285 -0.3199698115854991 
0.5 4.5 2 1 0.05106808712237924 -0.3306283826436297 
0.5 4.5 4.5 1 0.04251515683700549 -0.1978619266305327 
0.5 2.5 4.5 1 0.1365688739863145 -0.1911803475328197 
