0.261379358155877 -0.1265286826083519 0.2490306041962544 0.2322126152116043 
-0.0752408588416964 -0.3761089970908511 -0.130803999253748 0.2673864478401725 
-0.5639868373195995 -0.2296738755530783 -0.6283417339129346 0.1817676681076957 
-0.1415379314294765 -0.0878478539558695 -0.1667376782458346 0.1851276785947405 
0.261379358155877 -0.1265286826083519 -0.0752408588416964 -0.3761089970908511 
-0.0752408588416964 -0.3761089970908511 -0.5639868373195995 -0.2296738755530783 
-0.5639868373195995 -0.2296738755530783 -0.1415379314294765 -0.0878478539558695 
-0.1415379314294765 -0.0878478539558695 0.261379358155877 -0.1265286826083519 
0.2490306041962544 0.2322126152116043 0.0003264116257499035 0.3841417354801447 
0.0003264116257499035 0.3841417354801447 -0.1667376782458346 0.1851276785947405 
-0.130803999253748 0.2673864478401725 -0.4759697021127339 0.5172491702000934 
-0.4759697021127339 0.5172491702000934 -0.6283417339129346 0.1817676681076957 
0.0003264116257499035 0.3841417354801447 -0.4759697021127339 0.5172491702000934 
0.2490306041962544 0.2322126152116043 -0.130803999253748 0.2673864478401725 
-0.1667376782458346 0.1851276785947405 -0.6283417339129346 0.1817676681076957 
-0.005347854068050713 -0.1009223612623366 -0.07678777722122218 -0.09406399231699268 
-0.07678777722122218 -0.09406399231699268 -0.09493027352305354 0.1243753235572982 
-0.09493027352305354 0.1243753235572982 -0.0220868224497015 0.1289481046148763 
-0.0220868224497015 0.1289481046148763 -0.005347854068050713 -0.1009223612623366 
0.1560847891102702 0.009019491171768751 0.06655138850308562 0.01066412317876048 
0.06655138850308562 0.01066412317876048 0.05897085781807019 0.1340365376783572 
0.05897085781807019 0.1340365376783572 0.1497152103442415 0.1397330560365554 
0.1497152103442415 0.1397330560365554 0.1560847891102702 0.009019491171768751 
