0 0 0 1 0.138876266237823 -0.3472295193669579 
0 0 6.5 1 0.09514226461382534 0.3053736525122479 
10 0 0 1 -0.2366631304324691 -0.1655474191663684 
10 0 6.5 1 -0.2765071018319492 0.1926967036776883 
10 10 0 1 0.1573565629109785 -0.07107375249877597 
10 10 6.5 1 0.1402062517606228 0.2030410985727184 
0 10 0 1 0.6011705510470259 -0.1394396743291181 
0 10 6.5 1 0.597293974445505 0.2790563877478071 
0 5 10 1 0.3946217891312473 0.5910753313369269 
10 5 10 1 -0.05405054106141204 0.3756815544369206 
0 6 0 1 0.4624275291442737 -0.2018012305251955 
0 8 0 1 0.537129477417871 -0.1682245527122698 
0 8 5 1 0.5312771060156448 0.1742378424905594 
0 6 5 1 0.4526818004194219 0.1689361372024231 
0 2 2.5 1 0.2573417836803545 -0.07297113114483153 
0 4 2.5 1 0.366816072503469 -0.04431689180234663 
0 4 5 1 0.3591067461507162 0.1626239617322653 
0 2 5 1 0.2458182780102344 0.1549820031436582 
0.5 0.5 -0.5 1 0.143800275877927 -0.3602204354877009 
0.5 0.5 6 1 0.103652681590806 0.2434155805599267 
10.5 0.5 -0.5 1 -0.219107422101071 -0.1801255167099971 
10.5 0.5 6 1 -0.2565892260130478 0.1628687774795503 
10.5 10.5 -0.5 1 0.1589759233666002 -0.0851776081648746 
10.5 10.5 6 1 0.1424128608089849 0.1799273981977123 
0.5 10.5 -0.5 1 0.5835715097223262 -0.1573742073751015 
0.5 10.5 6 1 0.5790272305963848 0.2404716871527505 
0.5 5.5 9.5 1 0.3837011142213305 0.5240202557922404 
10.5 5.5 9.5 1 -0.04448530846099796 0.3427222181477732 
0.5 6.5 -0.5 1 0.4492949267661973 -0.2193098145279252 
0.5 8.5 -0.5 1 0.5213424288572164 -0.1860776180599116 
0.5 8.5 4.5 1 0.5151596055812896 0.1384510374176838 
0.5 6.5 4.5 1 0.4395172285816967 0.1304938366386693 
0.5 2.5 2 1 0.254389387174196 -0.1024645731400628 
0.5 4.5 2 1 0.3577761241657852 -0.07288780938370897 
0.5 4.5 4.5 1 0.3503131602672709 0.121110013574957 
0.5 2.5 4.5 1 0.2435411114718978 0.1098781265884325 
