0 0 0 1 0.2280283502849944 -0.3939029100583271 
0 0 6.5 1 0.2060763179405364 -0.08614091352300106 
10 0 0 1 0.7115167565111401 -0.5375661391459829 
10 0 6.5 1 0.629777349393577 -0.004500191755086902 
10 10 0 1 -0.09099934122083886 -0.7302168969735484 
10 10 6.5 1 -0.1015786282468159 0.03609973137311725 
0 10 0 1 -0.2575097959438338 -0.4549463918212558 
0 10 6.5 1 -0.251985567715968 -0.08171462512352923 
0 5 10 1 -0.007488240535260723 0.08136679241050752 
10 5 10 1 0.2967095275607291 0.2980990449640288 
0 6 0 1 -0.04034945978058712 -0.4276442671104095 
0 8 0 1 -0.1444783552445047 -0.4407357005654647 
0 8 5 1 -0.1458990800314759 -0.1612820601811845 
0 6 5 1 -0.04665329293363887 -0.159294649973038 
0 2 2.5 1 0.1379213757362387 -0.2772299940937452 
0 4 2.5 1 0.05052973613645789 -0.2834807395310078 
0 4 5 1 0.04541553285626865 -0.1574509593784284 
0 2 5 1 0.1310587340483962 -0.1557359427788847 
0.5 0.5 -0.5 1 0.2233942144212968 -0.42668678762443 
0.5 0.5 6 1 0.2009568636700919 -0.10659206170847 
10.5 0.5 -0.5 1 0.7346929463494865 -0.6062365793568006 
10.5 0.5 6 1 0.645873200299702 -0.03506336151476162 
10.5 10.5 -0.5 1 -0.1345875065497209 -0.8514761338841575 
10.5 10.5 6 1 -0.1399827290251919 -0.004015412405022196 
0.5 10.5 -0.5 1 -0.2846111201979211 -0.4977413899929727 
0.5 10.5 6 1 -0.2770082054648668 -0.1062360782890181 
0.5 5.5 9.5 1 -0.02060873094606284 0.06575039308828259 
10.5 5.5 9.5 1 0.2928180547291964 0.2839984635342641 
0.5 6.5 -0.5 1 -0.05642929917475276 -0.4658256453036296 
0.5 8.5 -0.5 1 -0.1656453806987013 -0.48110167631372 
0.5 8.5 4.5 1 -0.1660386971495246 -0.1883763138973804 
0.5 6.5 4.5 1 -0.06218435545580253 -0.1852567550820114 
0.5 2.5 2 1 0.1299280160373633 -0.3061923803537966 
0.5 4.5 2 1 0.03890978589926877 -0.3137929611139472 
0.5 4.5 4.5 1 0.03388123980047381 -0.1823711532896551 
0.5 2.5 4.5 1 0.1230026170823508 -0.1796941407199022 
