0.2809023075597127 -0.3423972070836314 0.2452956121382393 -0.02203027019903799 
0.6567749666576361 -0.593239063373958 0.5720153724321378 0.03360260786725026 
-0.3452877265353471 -0.7602397286067644 -0.3915311608392191 -0.05037216630654739 
-0.2221880332932087 -0.4073601426317212 -0.2478744472035192 -0.06660756469219928 
0.2809023075597127 -0.3423972070836314 0.6567749666576361 -0.593239063373958 
0.6567749666576361 -0.593239063373958 -0.3452877265353471 -0.7602397286067644 
-0.3452877265353471 -0.7602397286067644 -0.2221880332932087 -0.4073601426317212 
-0.2221880332932087 -0.4073601426317212 0.2809023075597127 -0.3423972070836314 
0.2452956121382393 -0.02203027019903799 -0.01033055609121735 0.1278746100226637 
-0.01033055609121735 0.1278746100226637 -0.2478744472035192 -0.06660756469219928 
0.5720153724321378 0.03360260786725026 0.08333999423515275 0.3278267226855238 
0.08333999423515275 0.3278267226855238 -0.3915311608392191 -0.05037216630654739 
-0.01033055609121735 0.1278746100226637 0.08333999423515275 0.3278267226855238 
0.2452956121382393 -0.02203027019903799 0.5720153724321378 0.03360260786725026 
-0.2478744472035192 -0.06660756469219928 -0.3915311608392191 -0.05037216630654739 
-0.01385091897940796 -0.3804580349377093 -0.1167796346738761 -0.3937489908172661 
-0.1167796346738761 -0.3937489908172661 -0.1383399594627047 -0.1335074549680519 
-0.1383399594627047 -0.1335074549680519 -0.03701947091779795 -0.123462118015921 
-0.03701947091779795 -0.123462118015921 -0.01385091897940796 -0.3804580349377093 
0.1717176385294511 -0.2283068213358873 0.07422478591041663 -0.2394190017327972 
0.07422478591041663 -0.2394190017327972 0.06198723339108117 -0.1136461793090928 
0.06198723339108117 -0.1136461793090928 0.1587585160858536 -0.1040518696495213 
0.1587585160858536 -0.1040518696495213 0.1717176385294511 -0.2283068213358873 
