0 0 0 1 -0.5432298771766847 -0.2982794566784852 
0 0 6.5 1 -0.5123154417707616 0.3227962134720713 
10 0 0 1 -0.2520617791599717 -0.1182512031498942 
10 0 6.5 1 -0.2289857677921265 0.1997862825523214 
10 10 0 1 0.2361881351759358 -0.1689326475819813 
10 10 6.5 1 0.2727487127582511 0.1562446588289796 
0 10 0 1 0.4095881779339916 -0.4080055518644529 
0 10 6.5 1 0.4932847938678955 0.2408653737957336 
0 5 10 1 0.009848832380512552 0.6529123332384241 
10 5 10 1 0.03519500742576778 0.3584819672256194 
0 6 0 1 0.01692867875787725 -0.362787061984695 
0 8 0 1 0.2112580481686094 -0.3851659440503945 
0 8 5 1 0.2661816872590474 0.1035579872233978 
0 6 5 1 0.06352262291722577 0.1217037712247966 
0 2 2.5 1 -0.3450492805354802 -0.08580356200494772 
0 4 2.5 1 -0.1545981372551026 -0.1053407937646448 
0 4 5 1 -0.134929370725083 0.1394728605225073 
0 2 5 1 -0.3293039519445664 0.156876864521174 
0.5 0.5 -0.5 1 -0.4752863680179531 -0.3300262447046209 
0.5 0.5 6 1 -0.4425650714165659 0.2596982454593532 
10.5 0.5 -0.5 1 -0.2231869347644481 -0.1393946147000023 
10.5 0.5 6 1 -0.1999605828711685 0.1702217207304458 
10.5 10.5 -0.5 1 0.2536753444057257 -0.1893534777149011 
10.5 10.5 6 1 0.2897543504977657 0.1270207605399155 
0.5 10.5 -0.5 1 0.4350980299862598 -0.4360378229780652 
0.5 10.5 6 1 0.5158692674470613 0.1786537981546533 
0.5 5.5 9.5 1 0.05691359149563216 0.5697632966385466 
10.5 5.5 9.5 1 0.05826791095157674 0.3240803196639031 
0.5 6.5 -0.5 1 0.06044462389095117 -0.3924105387531202 
0.5 8.5 -0.5 1 0.2459534581899201 -0.4140124954110039 
0.5 8.5 4.5 1 0.2994945581437127 0.04946969530201203 
0.5 6.5 4.5 1 0.1064118126487789 0.06726784481523262 
0.5 2.5 2 1 -0.2845391287102136 -0.1284343664080177 
0.5 4.5 2 1 -0.102551100636612 -0.1474565454616759 
0.5 4.5 4.5 1 -0.08285670165785183 0.08471440280331002 
0.5 2.5 4.5 1 -0.2684229010533378 0.1018196855823329 
