0.2564675073779146 -0.05334704060191551 0.2560614505514626 0.3175609546227398 
-0.1603030289561246 -0.2445680398983209 -0.2108834332590956 0.3955221983149357 
-0.5512732094580913 -0.1079320100159585 -0.6097275336285861 0.2862328258764146 
-0.1226297310243646 -0.007996302241087225 -0.1414139995941416 0.2645052517284898 
0.2564675073779146 -0.05334704060191551 -0.1603030289561246 -0.2445680398983209 
-0.1603030289561246 -0.2445680398983209 -0.5512732094580913 -0.1079320100159585 
-0.5512732094580913 -0.1079320100159585 -0.1226297310243646 -0.007996302241087225 
-0.1226297310243646 -0.007996302241087225 0.2564675073779146 -0.05334704060191551 
0.2560614505514626 0.3175609546227398 0.01873025601456457 0.4711855260880676 
0.01873025601456457 0.4711855260880676 -0.1414139995941416 0.2645052517284898 
-0.2108834332590956 0.3955221983149357 -0.4967883982651003 0.6280331815426511 
-0.4967883982651003 0.6280331815426511 -0.6097275336285861 0.2862328258764146 
0.01873025601456457 0.4711855260880676 -0.4967883982651003 0.6280331815426511 
0.2560614505514626 0.3175609546227398 -0.2108834332590956 0.3955221983149357 
-0.1414139995941416 0.2645052517284898 -0.6097275336285861 0.2862328258764146 
0.002759458889967755 -0.0229963913186206 -0.06335539708228628 -0.01508718694773613 
-0.06335539708228628 -0.01508718694773613 -0.07613049647944606 0.2036700647751878 
-0.07613049647944606 0.2036700647751878 -0.008035918747660506 0.208579520861915 
-0.008035918747660506 0.208579520861915 0.002759458889967755 -0.0229963913186206 
0.1585194895677658 0.08622401786351062 0.0729579800187824 0.08846104899561533 
0.0729579800187824 0.08846104899561533 0.06876701891352298 0.2141168288582199 
0.06876701891352298 0.2141168288582199 0.1560629507858921 0.2204106566247334 
0.1560629507858921 0.2204106566247334 0.1585194895677658 0.08622401786351062 
