-0.7215688874946363 -0.5743513592678279 -0.638215440582367 -0.05583626976352698 
-0.2300731515168821 -0.4071562885188993 -0.2004348866562606 -0.1038648518839312 
0.2402303296435273 -0.5066801248930018 0.2528366859201284 -0.1299984174142124 
0.01290056223172894 -0.8635042257015084 0.06031627923859659 -0.08598998648138328 
-0.7215688874946363 -0.5743513592678279 -0.2300731515168821 -0.4071562885188993 
-0.2300731515168821 -0.4071562885188993 0.2402303296435273 -0.5066801248930018 
0.2402303296435273 -0.5066801248930018 0.01290056223172894 -0.8635042257015084 
0.01290056223172894 -0.8635042257015084 -0.7215688874946363 -0.5743513592678279 
-0.638215440582367 -0.05583626976352698 -0.3170786381622173 0.2266993867178702 
-0.3170786381622173 0.2266993867178702 0.06031627923859659 -0.08598998648138328 
-0.2004348866562606 -0.1038648518839312 0.01484278031032336 0.05301784604094632 
0.01484278031032336 0.05301784604094632 0.2528366859201284 -0.1299984174142124 
-0.3170786381622173 0.2266993867178702 0.01484278031032336 0.05301784604094632 
-0.638215440582367 -0.05583626976352698 -0.2004348866562606 -0.1038648518839312 
0.06031627923859659 -0.08598998648138328 0.2528366859201284 -0.1299984174142124 
-0.3534861108446833 -0.719261661517778 -0.1867371587369364 -0.7849089631104186 
-0.1867371587369364 -0.7849089631104186 -0.1382075481317505 -0.2294319450425507 
-0.1382075481317505 -0.2294319450425507 -0.2976555403961339 -0.210856181066323 
-0.2976555403961339 -0.210856181066323 -0.3534861108446833 -0.719261661517778 
-0.5835647670323917 -0.3920626169640068 -0.4636312269906164 -0.4218426125194567 
-0.4636312269906164 -0.4218426125194567 -0.4343259351250031 -0.1949340176137296 
-0.4343259351250031 -0.1949340176137296 -0.5527741235753175 -0.1811347495212441 
-0.5527741235753175 -0.1811347495212441 -0.5835647670323917 -0.3920626169640068 
