0 0 0 1 -0.1807155910801288 -0.3184633303094458 
0 0 6.5 1 -0.2052151779998163 0.3610058432105309 
10 0 0 1 -0.2474161082933884 -0.06699384679811754 
10 0 6.5 1 -0.2640235537096871 0.2797491353392425 
10 10 0 1 0.2121631954234415 -0.03286147394315251 
10 10 6.5 1 0.2260444888190765 0.2677037325602835 
0 10 0 1 0.5946335881867618 -0.203033185048451 
0 10 6.5 1 0.661799809289679 0.3189808285623688 
0 5 10 1 0.3125456912504823 0.7210587786330583 
10 5 10 1 -0.0001578581204837616 0.4648881744325528 
0 6 0 1 0.3306357568457067 -0.242335874514246 
0 8 0 1 0.4688715320637984 -0.2217560170250334 
0 8 5 1 0.5109019438048378 0.1883077328939893 
0 6 5 1 0.362264393561694 0.1880416231887716 
0 2 2.5 1 0.009615146637590159 -0.06312212329593871 
0 4 2.5 1 0.1868614141353886 -0.04912749027296525 
0 4 5 1 0.1966109497146274 0.1877450494828787 
0 2 5 1 0.01084226036336448 0.1874124629253023 
0.5 0.5 -0.5 1 -0.13844466520774 -0.331394394183534 
0.5 0.5 6 1 -0.1553480711272044 0.295201070299949 
10.5 0.5 -0.5 1 -0.2224223583849211 -0.08283027789184561 
10.5 0.5 6 1 -0.2366880138320517 0.2496941269480532 
10.5 10.5 -0.5 1 0.2197599099004357 -0.04774103570038003 
10.5 10.5 6 1 0.2336367140902338 0.2420903797815166 
0.5 10.5 -0.5 1 0.5875046269400681 -0.2192076734086265 
0.5 10.5 6 1 0.6500698138874503 0.2711261996060426 
0.5 5.5 9.5 1 0.322643451156208 0.6351473887332033 
10.5 5.5 9.5 1 0.0165020300103878 0.4292772748685031 
0.5 6.5 -0.5 1 0.337867693550252 -0.2577860551829905 
0.5 8.5 -0.5 1 0.4682630354651282 -0.2376350253907137 
0.5 8.5 4.5 1 0.5077708486565505 0.1470032789457069 
0.5 6.5 4.5 1 0.3681632306233814 0.1446556215643919 
0.5 2.5 2 1 0.03903849143805328 -0.09271397738388538 
0.5 4.5 2 1 0.2037350780023951 -0.07807643843716754 
0.5 4.5 4.5 1 0.2136143671472485 0.1420567105219632 
0.5 2.5 4.5 1 0.041590060880237 0.1391639304712544 
