-0.1892857506747215 -0.01340126451565302 -0.2055838604346734 0.2476193821855091 
0.2017858332063274 -0.00438673041075673 0.2055724158633568 0.2582041180752613 
0.3243166397409614 -0.129773775975062 0.3412774052938423 0.3002901209611429 
-0.310385016316986 -0.1435703863289035 -0.3480777291730768 0.2822709372201619 
-0.1892857506747215 -0.01340126451565302 0.2017858332063274 -0.00438673041075673 
0.2017858332063274 -0.00438673041075673 0.3243166397409614 -0.129773775975062 
0.3243166397409614 -0.129773775975062 -0.310385016316986 -0.1435703863289035 
-0.310385016316986 -0.1435703863289035 -0.1892857506747215 -0.01340126451565302 
-0.2055838604346734 0.2476193821855091 -0.2727428821188166 0.4526908867674266 
-0.2727428821188166 0.4526908867674266 -0.3480777291730768 0.2822709372201619 
0.2055724158633568 0.2582041180752613 0.2608354893940514 0.4675648176913283 
0.2608354893940514 0.4675648176913283 0.3412774052938423 0.3002901209611429 
-0.2727428821188166 0.4526908867674266 0.2608354893940514 0.4675648176913283 
-0.2055838604346734 0.2476193821855091 0.2055724158633568 0.2582041180752613 
-0.3480777291730768 0.2822709372201619 0.3412774052938423 0.3002901209611429 
-0.2474889576236796 -0.07596366153002923 -0.2754629369528965 -0.1060327813020928 
-0.2754629369528965 -0.1060327813020928 -0.298574235081642 0.1798033751068096 
-0.298574235081642 0.1798033751068096 -0.2667495703593625 0.1815212543431438 
-0.2667495703593625 0.1815212543431438 -0.2474889576236796 -0.07596366153002923 
-0.2123944147452304 0.07440581574661768 -0.2325784498620126 0.06313333462491848 
-0.2325784498620126 0.06313333462491848 -0.2409510594507519 0.1829138448576078 
-0.2409510594507519 0.1829138448576078 -0.2196151166544491 0.1840655482121359 
-0.2196151166544491 0.1840655482121359 -0.2123944147452304 0.07440581574661768 
