0 0 0 1 0.2411245011534434 -0.3994201161852491 
0 0 6.5 1 0.21530210324071 -0.08794378022867787 
10 0 0 1 0.7195289771340898 -0.5616053967282945 
10 0 6.5 1 0.6316365483300639 -0.008969132952323067 
10 10 0 1 -0.1324585452890233 -0.7675693053915021 
10 10 6.5 1 -0.1470756802029039 0.006287580306001642 
0 10 0 1 -0.2513577623438398 -0.465572983302561 
0 10 6.5 1 -0.2513787032471298 -0.09436639110357981 
0 5 10 1 -0.006392926650484648 0.07606384100911547 
10 5 10 1 0.2715799814784154 0.2920376556347561 
0 6 0 1 -0.03345224314945582 -0.4363027416637483 
0 8 0 1 -0.13840812067664 -0.4504009797808556 
0 8 5 1 -0.1436768481885531 -0.1715669847099 
0 6 5 1 -0.04325913208769255 -0.1675258150147221 
0 2 2.5 1 0.146891376177251 -0.2828617741041776 
0 4 2.5 1 0.05730864510775848 -0.2905768949063984 
0 4 5 1 0.05059298093981982 -0.1637488687773246 
0 2 5 1 0.138503024093704 -0.1602110527814057 
0.5 0.5 -0.5 1 0.2356390514652722 -0.4331522929362446 
0.5 0.5 6 1 0.2092419657375473 -0.1093327832467054 
10.5 0.5 -0.5 1 0.7410001273100849 -0.6348124528242545 
10.5 0.5 6 1 0.6457943976267916 -0.04211936418055569 
10.5 10.5 -0.5 1 -0.18275459656349 -0.8928332284074075 
10.5 10.5 6 1 -0.1919052547779329 -0.03832849665421934 
0.5 10.5 -0.5 1 -0.2790021584684558 -0.5088330231334393 
0.5 10.5 6 1 -0.2772483325246421 -0.1199866155205777 
0.5 5.5 9.5 1 -0.02063847210475935 0.05939217381372872 
10.5 5.5 9.5 1 0.2635116134713923 0.2754355851237141 
0.5 6.5 -0.5 1 -0.05042594478033598 -0.4752196738257643 
0.5 8.5 -0.5 1 -0.1603489240969511 -0.4913844332339816 
0.5 8.5 4.5 1 -0.1647636139280607 -0.199650600145897 
0.5 6.5 4.5 1 -0.05981186414435265 -0.1944717414495131 
0.5 2.5 2 1 0.1379428564608335 -0.3127654685981168 
0.5 4.5 2 1 0.04470422011561674 -0.3218053659896228 
0.5 4.5 4.5 1 0.0380273263779948 -0.1896438529795441 
0.5 2.5 4.5 1 0.1294532860599204 -0.1851324262777523 
