0 0 0 1 0.2920225007453648 -0.2818811513919525 
0 0 6.5 1 0.2532767290309392 0.06348619631167979 
10 0 0 1 0.3237277043785189 -0.5383897748069532 
10 0 6.5 1 0.2436229939702927 0.1743986323773808 
10 10 0 1 -0.5888678678010958 -0.5158656847189673 
10 10 6.5 1 -0.6179619638295755 0.04716730434208802 
0 10 0 1 -0.1987557988200093 -0.2998466299483586 
0 10 6.5 1 -0.2228755277146561 0.006111792785531803 
0 5 10 1 -0.01530054176779171 0.2019237426277468 
10 5 10 1 -0.2622852401120369 0.4207449177308678 
0 6 0 1 -0.01698257176347323 -0.2931926213752311 
0 8 0 1 -0.1100587117396816 -0.2965997756816388 
0 8 5 1 -0.1305965123181541 -0.0545665370175908 
0 6 5 1 -0.03958092926700749 -0.04534214019289405 
0 2 2.5 1 0.1699046810130606 -0.1545061069941942 
0 4 2.5 1 0.06827614105833134 -0.1615344185243497 
0 4 5 1 0.05596265876686363 -0.0356588316809384 
0 2 5 1 0.1563807723016449 -0.02548149175100864 
0.5 0.5 -0.5 1 0.2675084528446678 -0.3170116342650021 
0.5 0.5 6 1 0.22853178294808 0.03647519516910151 
10.5 0.5 -0.5 1 0.2729825172246897 -0.6249969620954176 
10.5 0.5 6 1 0.1918911171659344 0.1232376982551461 
10.5 10.5 -0.5 1 -0.6607385357343859 -0.5822004539617051 
10.5 10.5 6 1 -0.6880376608129312 0.002701202619102689 
0.5 10.5 -0.5 1 -0.2296597566349889 -0.3311079864313603 
0.5 10.5 6 1 -0.2535763790383371 -0.01879756698253136 
0.5 5.5 9.5 1 -0.04347197586468506 0.1796016473781983 
10.5 5.5 9.5 1 -0.3256983852238766 0.386057225824579 
0.5 6.5 -0.5 1 -0.04581386495512007 -0.3258953513834156 
0.5 8.5 -0.5 1 -0.1399944271107418 -0.3285656797472519 
0.5 8.5 4.5 1 -0.1604255980695416 -0.08136412512499883 
0.5 6.5 4.5 1 -0.06836228562772202 -0.07262189637433568 
0.5 2.5 2 1 0.1437134601376739 -0.1857411145522646 
0.5 4.5 2 1 0.04069254304739909 -0.1921124726702049 
0.5 4.5 4.5 1 0.02837330863230607 -0.06343599298978232 
0.5 2.5 4.5 1 0.1301461279660112 -0.05377176036967719 
