-0.5266568349192127 -0.3099931519575879 -0.5004776535132366 0.3159046508154592 
-0.2524566188795552 -0.1169721066281185 -0.2311720726529456 0.2025572216628299 
0.235367058024767 -0.1640417037296816 0.2717387201417223 0.1591507047428132 
0.4247897466272618 -0.408469032939224 0.5101131669093295 0.2315868175441018 
-0.5266568349192127 -0.3099931519575879 -0.2524566188795552 -0.1169721066281185 
-0.2524566188795552 -0.1169721066281185 0.235367058024767 -0.1640417037296816 
0.235367058024767 -0.1640417037296816 0.4247897466272618 -0.408469032939224 
0.4247897466272618 -0.408469032939224 -0.5266568349192127 -0.3099931519575879 
-0.5004776535132366 0.3159046508154592 0.02916442178406449 0.6478897082804378 
0.02916442178406449 0.6478897082804378 0.5101131669093295 0.2315868175441018 
-0.2311720726529456 0.2025572216628299 0.03448353687918047 0.3621767067987094 
0.03448353687918047 0.3621767067987094 0.2717387201417223 0.1591507047428132 
0.02916442178406449 0.6478897082804378 0.03448353687918047 0.3621767067987094 
-0.5004776535132366 0.3159046508154592 -0.2311720726529456 0.2025572216628299 
0.5101131669093295 0.2315868175441018 0.2717387201417223 0.1591507047428132 
0.03735311022340553 -0.368368868795045 0.2299007994383338 -0.3882977893400101 
0.2299007994383338 -0.3882977893400101 0.2852092762176269 0.09505025816134054 
0.2852092762176269 0.09505025816134054 0.08347747962874723 0.1128572392081437 
0.08347747962874723 0.1128572392081437 0.03735311022340553 -0.368368868795045 
-0.3269955992933221 -0.09599162433325348 -0.134729596353923 -0.1144590077811685 
-0.134729596353923 -0.1144590077811685 -0.1157354574539083 0.130441879085903 
-0.1157354574539083 0.130441879085903 -0.3124764187306339 0.1478083162456541 
-0.3124764187306339 0.1478083162456541 -0.3269955992933221 -0.09599162433325348 
