0 0 0 1 0.2919562118668543 -0.3603661255925871 
0 0 6.5 1 0.2560762281912843 -0.01750914868680849 
10 0 0 1 0.4980876090374921 -0.5984741595435819 
10 0 6.5 1 0.4061721028616018 0.1092967664717521 
10 10 0 1 -0.5575613216324571 -0.622867010477854 
10 10 6.5 1 -0.5465453987822034 0.02620885492168623 
0 10 0 1 -0.2260480883824694 -0.383814697378429 
0 10 6.5 1 -0.2359028544717486 -0.05529397546824168 
0 5 10 1 -0.006702603512759414 0.1307765037995652 
10 5 10 1 -0.1081616375308774 0.3802898136894447 
0 6 0 1 -0.02483550611320014 -0.374706379788624 
0 8 0 1 -0.1264018839567364 -0.3793039989604065 
0 8 5 1 -0.1378214425494133 -0.1216364012882284 
0 6 5 1 -0.04015203587815874 -0.1148204421390243 
0 2 2.5 1 0.1722762355074566 -0.2304581111153042 
0 4 2.5 1 0.0688407674037116 -0.2364316027122035 
0 4 5 1 0.05934616388438337 -0.1078768587989154 
0 2 5 1 0.1607250065209747 -0.1008020328779346 
0.5 0.5 -0.5 1 0.2720178026384909 -0.3959843710378116 
0.5 0.5 6 1 0.2361759111318008 -0.04203014426897962 
10.5 0.5 -0.5 1 0.4675451619906818 -0.6906559029122212 
10.5 0.5 6 1 0.3736949738574779 0.06604643939920347 
10.5 10.5 -0.5 1 -0.6440140802095864 -0.7072093394674971 
10.5 10.5 6 1 -0.6242655494908723 -0.01733411515950053 
0.5 10.5 -0.5 1 -0.2590889708256937 -0.4183406830151873 
0.5 10.5 6 1 -0.2676012874487343 -0.07965880376671933 
0.5 5.5 9.5 1 -0.03240100794092593 0.1112786514049361 
10.5 5.5 9.5 1 -0.1633965153203389 0.3547985622194381 
0.5 6.5 -0.5 1 -0.05295698910742185 -0.4096638008475017 
0.5 8.5 -0.5 1 -0.157033517777004 -0.4140447793262415 
0.5 8.5 4.5 1 -0.1675916773483314 -0.1482591499916145 
0.5 6.5 4.5 1 -0.06760391892851912 -0.1415151317722805 
0.5 2.5 2 1 0.1496176034430443 -0.2614160421444382 
0.5 4.5 2 1 0.04356746539154843 -0.2672498626412376 
0.5 4.5 4.5 1 0.03430639563090668 -0.1346414401425395 
0.5 2.5 4.5 1 0.1381952547195701 -0.1276342987729121 
