0 0 0 1 0.2797636639889172 -0.2418035600160968 
0 0 6.5 1 0.2512501058465978 0.1070757577210484 
10 0 0 1 0.09622012281161847 -0.5624844504738897 
10 0 6.5 1 0.03289882118389741 0.1119604831557326 
10 10 0 1 -0.5762151559625626 -0.4321448732902077 
10 10 6.5 1 -0.6372367977462807 0.03061143580035346 
0 10 0 1 -0.1642678056399747 -0.2231223338278003 
0 10 6.5 1 -0.1944225243287826 0.05900751703012101 
0 5 10 1 -0.01178187070416438 0.2531020701846337 
10 5 10 1 -0.4018780734179681 0.3737764376720599 
0 6 0 1 -0.008462485027122968 -0.2296773521875156 
0 8 0 1 -0.08942808475892911 -0.2262709794740566 
0 8 5 1 -0.1125022812063352 -0.00147848258345899 
0 6 5 1 -0.03141592906061089 0.004392264274151439 
0 2 2.5 1 0.1640212308839375 -0.1107562913036098 
0 4 2.5 1 0.06812843160620859 -0.1121434296049996 
0 4 5 1 0.05668693655133628 0.01077101492393124 
0 2 5 1 0.1527582233998603 0.01772668860325715 
0.5 0.5 -0.5 1 0.2494527423868998 -0.2756335119903618 
0.5 0.5 6 1 0.2200080864369385 0.07651308881136534 
10.5 0.5 -0.5 1 0.03305281631185742 -0.6354936758767953 
10.5 0.5 6 1 -0.0342194927340902 0.0512222642184357 
10.5 10.5 -0.5 1 -0.6294324941757623 -0.4801981236675904 
10.5 10.5 6 1 -0.6928215903114936 -0.01169402131117603 
0.5 10.5 -0.5 1 -0.1927782028267371 -0.2503282857946301 
0.5 10.5 6 1 -0.2236692711691423 0.03393377239272222 
0.5 5.5 9.5 1 -0.04262260073628294 0.227044249566092 
10.5 5.5 9.5 1 -0.465023490728305 0.328749696087496 
0.5 6.5 -0.5 1 -0.03781565231048978 -0.2591955132809083 
0.5 8.5 -0.5 1 -0.1183717187378012 -0.2545859546228258 
0.5 8.5 4.5 1 -0.1420373526727655 -0.02803460837118558 
0.5 6.5 4.5 1 -0.06138961888430355 -0.02321822582031492 
0.5 2.5 2 1 0.1336303603171183 -0.1418996743666615 
0.5 4.5 2 1 0.03807822690244087 -0.141949163529361 
0.5 4.5 4.5 1 0.02630838164785835 -0.01798079260716016 
0.5 2.5 4.5 1 0.1220234134173085 -0.01226457235874489 
