0 0 0 1 0.2563811238977368 -0.03035635102493878 
0 0 6.5 1 0.2630793772399011 0.3463562906607336 
10 0 0 1 -0.1987499501846719 -0.1961435206643004 
10 0 6.5 1 -0.2447530854032601 0.4382122026537169 
10 10 0 1 -0.5386199082197201 -0.06118394401864744 
10 10 6.5 1 -0.5911747684744807 0.323251661665943 
0 10 0 1 -0.1087634099571877 0.02065820608655791 
0 10 6.5 1 -0.1229787744471069 0.29253739822241 
0 5 10 1 0.03365574882586221 0.501441162400042 
10 5 10 1 -0.4960497352391813 0.6629397689349068 
0 6 0 1 0.01063399330251024 0.003977124808270779 
0 8 0 1 -0.05248870999086019 0.01279603472921489 
0 8 5 1 -0.06158050392481931 0.2314720394312363 
0 6 5 1 0.003778642342341078 0.2361583643852336 
0 2 2.5 1 0.1630842526406563 0.1118276565778951 
0 4 2.5 1 0.08001835020987667 0.1148711768604349 
0 4 5 1 0.07800974545998457 0.2414808187129112 
0 2 5 1 0.1630507779879361 0.2475783572459332 
0.5 0.5 -0.5 1 0.2172684413240905 -0.0587575162863777 
0.5 0.5 6 1 0.2211020802278014 0.3142810849611322 
10.5 0.5 -0.5 1 -0.2603655247578768 -0.2419724336561604 
10.5 0.5 6 1 -0.3137741187666134 0.3819053099575632 
10.5 10.5 -0.5 1 -0.5754415467341014 -0.09015939159467862 
10.5 10.5 6 1 -0.6305057002115569 0.2904280821988537 
0.5 10.5 -0.5 1 -0.1362342358409891 -0.0002112689994113388 
0.5 10.5 6 1 -0.1518312162052407 0.2697512863134075 
0.5 5.5 9.5 1 -0.00169206581214938 0.4732104336374973 
10.5 5.5 9.5 1 -0.5486363709078947 0.6175384051347281 
0.5 6.5 -0.5 1 -0.02055917554631456 -0.01936908907380979 
0.5 8.5 -0.5 1 -0.08170373452256434 -0.009242477024407064 
0.5 8.5 4.5 1 -0.09198709530806064 0.2078103714054911 
0.5 6.5 4.5 1 -0.028777097772882 0.2109819608032492 
0.5 2.5 2 1 0.1261234272729796 0.08418852807178298 
0.5 4.5 2 1 0.0457948554403237 0.08904695661577015 
0.5 4.5 4.5 1 0.04298184602729385 0.214582497335849 
0.5 2.5 4.5 1 0.1251498488932572 0.2187053129803143 
