-0.643849713990423 -0.5319125322180419 -0.5886901417725339 -0.08932092454847015 
-0.1514585661218315 -0.4193903289953173 -0.1411224209817803 -0.128397275279706 
0.2765155617681152 -0.5011005122122454 0.2593766946655143 -0.1074503860096881 
-0.167369520131762 -0.763109890179652 -0.1408152496977574 -0.02892431924423043 
-0.643849713990423 -0.5319125322180419 -0.1514585661218315 -0.4193903289953173 
-0.1514585661218315 -0.4193903289953173 0.2765155617681152 -0.5011005122122454 
0.2765155617681152 -0.5011005122122454 -0.167369520131762 -0.763109890179652 
-0.167369520131762 -0.763109890179652 -0.643849713990423 -0.5319125322180419 
-0.5886901417725339 -0.08932092454847015 -0.3928041313415392 0.1882477159894491 
-0.3928041313415392 0.1882477159894491 -0.1408152496977574 -0.02892431924423043 
-0.1411224209817803 -0.128397275279706 0.03086038563624812 0.04414973099066834 
0.03086038563624812 0.04414973099066834 0.2593766946655143 -0.1074503860096881 
-0.3928041313415392 0.1882477159894491 0.03086038563624812 0.04414973099066834 
-0.5886901417725339 -0.08932092454847015 -0.1411224209817803 -0.128397275279706 
-0.1408152496977574 -0.02892431924423043 0.2593766946655143 -0.1074503860096881 
-0.4190213405003533 -0.6410035849326675 -0.3082388014817705 -0.6947574044187569 
-0.3082388014817705 -0.6947574044187569 -0.2766829158588511 -0.1822087023000504 
-0.2766829158588511 -0.1822087023000504 -0.3814847117577827 -0.1831093825058768 
-0.3814847117577827 -0.1831093825058768 -0.4190213405003533 -0.6410035849326675 
-0.5600663260427852 -0.3664813884848286 -0.4872072356816369 -0.3827201900150335 
-0.4872072356816369 -0.3827201900150335 -0.4675713988049509 -0.1838492226426177 
-0.4675713988049509 -0.1838492226426177 -0.5395451663742894 -0.1844677745217378 
-0.5395451663742894 -0.1844677745217378 -0.5600663260427852 -0.3664813884848286 
