0 0 0 1 0.0657587220964836 -0.3602681763640356 
0 0 6.5 1 0.08638044583687941 -0.08970807368377347 
10 0 0 1 0.5169921568570195 -0.4981789520346712 
10 0 6.5 1 0.5285899349589605 -0.1194877202252543 
10 10 0 1 0.215363079630554 -0.726742148438709 
10 10 6.5 1 0.2538296554503131 -0.07560034259691029 
0 10 0 1 -0.3084607084052775 -0.4364874942144096 
0 10 6.5 1 -0.2649223271190426 -0.05057191984406765 
0 5 10 1 -0.04415990382200768 0.08955419399326255 
10 5 10 1 0.4360021686377649 0.1365849645883428 
0 6 0 1 -0.1256823616256842 -0.3992600287921027 
0 8 0 1 -0.2098015388059955 -0.4163930416188856 
0 8 5 1 -0.1813341784794346 -0.1406084171713976 
0 6 5 1 -0.1014027169724792 -0.1437161599464822 
0 2 2.5 1 0.0193462827576811 -0.2589231570728985 
0 4 2.5 1 -0.04251983695483245 -0.2640110918767771 
0 4 5 1 -0.03218192752095825 -0.1464074707801381 
0 2 5 1 0.02834582623612115 -0.1487607955647011 
0.5 0.5 -0.5 1 0.06727966966433713 -0.3902024150913407 
0.5 0.5 6 1 0.08850864765829383 -0.1102812745480906 
10.5 0.5 -0.5 1 0.5398157854137804 -0.5468094170571363 
10.5 0.5 6 1 0.5510331906468928 -0.1495468855996386 
10.5 10.5 -0.5 1 0.2314513436914407 -0.832343946590352 
10.5 10.5 6 1 0.2717650383301519 -0.1243588636428857 
0.5 10.5 -0.5 1 -0.3238696010555235 -0.4835544053949504 
0.5 10.5 6 1 -0.2777461390397222 -0.0783121662377531 
0.5 5.5 9.5 1 -0.04645813918267529 0.07227256362795928 
10.5 5.5 9.5 1 0.4586926524712299 0.1133779980247097 
0.5 6.5 -0.5 1 -0.1314434721181517 -0.4376298352438585 
0.5 8.5 -0.5 1 -0.2196723692677841 -0.4586866127141391 
0.5 8.5 4.5 1 -0.1897288101781666 -0.1701264690960718 
0.5 6.5 4.5 1 -0.1060690560551637 -0.1711528559967197 
0.5 2.5 2 1 0.01936374236887017 -0.2870120033560675 
0.5 4.5 2 1 -0.04476331384899807 -0.294260189356454 
0.5 4.5 4.5 1 -0.03402441820542001 -0.1720367418427405 
0.5 2.5 4.5 1 0.02866700644997599 -0.172805876986918 
