0.2070506020703782 -0.3902247981339579 0.1915484168865683 -0.08778369232909237 
0.6950351212289558 -0.5181073396695932 0.6247476224692003 -0.01173063561673242 
-0.02960998194040831 -0.6951497620166838 -0.03474657944173757 0.05923654866521936 
-0.2663837785383879 -0.4444933544991615 -0.2526478457825198 -0.06835123270976351 
0.2070506020703782 -0.3902247981339579 0.6950351212289558 -0.5181073396695932 
0.6950351212289558 -0.5181073396695932 -0.02960998194040831 -0.6951497620166838 
-0.02960998194040831 -0.6951497620166838 -0.2663837785383879 -0.4444933544991615 
-0.2663837785383879 -0.4444933544991615 0.2070506020703782 -0.3902247981339579 
0.1915484168865683 -0.08778369232909237 -0.009497668081817632 0.08476243364502842 
-0.009497668081817632 0.08476243364502842 -0.2526478457825198 -0.06835123270976351 
0.6247476224692003 -0.01173063561673242 0.3314157450350881 0.2919946249509761 
0.3314157450350881 0.2919946249509761 -0.03474657944173757 0.05923654866521936 
-0.009497668081817632 0.08476243364502842 0.3314157450350881 0.2919946249509761 
0.1915484168865683 -0.08778369232909237 0.6247476224692003 -0.01173063561673242 
-0.2526478457825198 -0.06835123270976351 -0.03474657944173757 0.05923654866521936 
-0.05132975133879283 -0.4198422685732968 -0.1537662143216051 -0.4315842949087874 
-0.1537662143216051 -0.4315842949087874 -0.1493399431728115 -0.1514080605195307 
-0.1493399431728115 -0.1514080605195307 -0.05216840090948535 -0.1522848863524535 
-0.05216840090948535 -0.1522848863524535 -0.05132975133879283 -0.4198422685732968 
0.1234817836404599 -0.2736898666779944 0.03955819770544529 -0.277988404325208 
0.03955819770544529 -0.277988404325208 0.03699756649222609 -0.1530894740106746 
0.03699756649222609 -0.1530894740106746 0.1191081392172373 -0.1538303974296555 
0.1191081392172373 -0.1538303974296555 0.1234817836404599 -0.2736898666779944 
