0 0 0 1 -0.08296489163392058 -0.03570082986571193 
0 0 6.5 1 -0.07266279076474648 0.2156574155099403 
10 0 0 1 0.3118843125229846 -0.08072971064513444 
10 0 6.5 1 0.3422680393817664 0.1978964528468196 
10 10 0 1 0.3251569505858106 -0.2367621433394773 
10 10 6.5 1 0.3785640154397216 0.2301321993174976 
0 10 0 1 -0.2937664464384327 -0.1419242296517809 
0 10 6.5 1 -0.2917164862376468 0.2531558990246776 
0 5 10 1 -0.1520207987567794 0.409309254468581 
10 5 10 1 0.3784710271765319 0.4157242536427583 
0 6 0 1 -0.1862241920845757 -0.08773343448085098 
0 8 0 1 -0.2345602531755918 -0.1120900894690758 
0 8 5 1 -0.2304255603530403 0.1568289484306256 
0 6 5 1 -0.1804571850436195 0.1564852824067132 
0 2 2.5 1 -0.1083834158896114 0.05101947867351469 
0 4 2.5 1 -0.1426787189692677 0.04226362016671557 
0 4 5 1 -0.139213274144688 0.1562016203748487 
0 2 5 1 -0.1045923525559714 0.1559635090815977 
0.5 0.5 -0.5 1 -0.07250526475392392 -0.0601532063093953 
0.5 0.5 6 1 -0.06152818345779147 0.1954525193912156 
10.5 0.5 -0.5 1 0.3324538471499692 -0.1089919259975016 
10.5 0.5 6 1 0.3645637837516763 0.1748499996647518 
10.5 10.5 -0.5 1 0.3604757214690502 -0.2905549878678325 
10.5 10.5 6 1 0.4191262223242442 0.1910981437654132 
0.5 10.5 -0.5 1 -0.2839880861580156 -0.1839657633499719 
0.5 10.5 6 1 -0.2811749974294243 0.221682919457544 
0.5 5.5 9.5 1 -0.1399724531765555 0.3887841550600663 
10.5 5.5 9.5 1 0.408972655835215 0.3921594823253113 
0.5 6.5 -0.5 1 -0.1754928090145352 -0.12044723451262 
0.5 8.5 -0.5 1 -0.2240998929419958 -0.1489042378351053 
0.5 8.5 4.5 1 -0.2193410638728389 0.126340144687135 
0.5 6.5 4.5 1 -0.1691070536283698 0.1289824771124404 
0.5 2.5 2 1 -0.09746086488780493 0.02609243056566406 
0.5 4.5 2 1 -0.1316281598724217 0.01493765639184302 
0.5 4.5 4.5 1 -0.1278603896629327 0.1311520709215181 
0.5 2.5 4.5 1 -0.09338722731479117 0.1329653753786382 
