0 0 0 1 -0.4514430067009774 -0.3656159074943858 
0 0 6.5 1 -0.4431987302977172 0.2711050720959855 
10 0 0 1 -0.2527694735556606 -0.1200782386293009 
10 0 6.5 1 -0.2397816329588273 0.2042524890043823 
10 10 0 1 0.2308507377183518 -0.1489596246457865 
10 10 6.5 1 0.2646789455339151 0.1656951811258768 
0 10 0 1 0.4774221364165679 -0.4089276168858391 
0 10 6.5 1 0.5657515975641877 0.1913545968398334 
0 5 10 1 0.1055687696737609 0.6107663298359727 
10 5 10 1 0.02940457531852092 0.3687430289310807 
0 6 0 1 0.1166096849497922 -0.3921034264653689 
0 8 0 1 0.2987365947682107 -0.4005957548177318 
0 8 5 1 0.3542287462514025 0.05725805299502711 
0 6 5 1 0.1605225863359225 0.07101998269018521 
0 2 2.5 1 -0.2490439226470272 -0.1454096759907487 
0 4 2.5 1 -0.05365093738627206 -0.1568262767471712 
0 4 5 1 -0.03720439471362287 0.08506757319131843 
0 2 5 1 -0.2390787020699913 0.09940981210777461 
0.5 0.5 -0.5 1 -0.3875402215237201 -0.3876391693501711 
0.5 0.5 6 1 -0.3742715831524927 0.2103804956037738 
10.5 0.5 -0.5 1 -0.2246363091137419 -0.1385905108534594 
10.5 0.5 6 1 -0.2108013871679596 0.1754286264495631 
10.5 10.5 -0.5 1 0.2450533648442511 -0.1662332207325014 
10.5 10.5 6 1 0.278519441019064 0.1386988564889796 
0.5 10.5 -0.5 1 0.4912391888370757 -0.4277615906967173 
0.5 10.5 6 1 0.5758421819129782 0.1379620746050251 
0.5 5.5 9.5 1 0.1435672297054478 0.5286956603485381 
10.5 5.5 9.5 1 0.05072237495446761 0.3347395694319192 
0.5 6.5 -0.5 1 0.1493565922850249 -0.4121522609511775 
0.5 8.5 -0.5 1 0.3218446650224908 -0.4200275468875935 
0.5 8.5 4.5 1 0.3757551912863923 0.01166041140000239 
0.5 6.5 4.5 1 0.1929173047271019 0.02422243844312945 
0.5 2.5 2 1 -0.1947684524263461 -0.1798802035885274 
0.5 4.5 2 1 -0.01041368995470402 -0.1903545225174551 
0.5 4.5 4.5 1 0.006495085138152249 0.0370307300285648 
0.5 2.5 4.5 1 -0.1836179111174373 0.05009259945374101 
