-0.6500044891711684 -0.5394237088059813 -0.5926817736960224 -0.09238096639321124 
-0.1560088653420587 -0.4235844633504542 -0.1445246934660436 -0.1314513543357075 
0.2749218090860068 -0.5075487169439289 0.259150301495885 -0.1135879837974903 
-0.1609489255535531 -0.7776428312295872 -0.1330085435517571 -0.03746120503016147 
-0.6500044891711684 -0.5394237088059813 -0.1560088653420587 -0.4235844633504542 
-0.1560088653420587 -0.4235844633504542 0.2749218090860068 -0.5075487169439289 
0.2749218090860068 -0.5075487169439289 -0.1609489255535531 -0.7776428312295872 
-0.1609489255535531 -0.7776428312295872 -0.6500044891711684 -0.5394237088059813 
-0.5926817736960224 -0.09238096639321124 -0.3910241116741777 0.1853020571268748 
-0.3910241116741777 0.1853020571268748 -0.1330085435517571 -0.03746120503016147 
-0.1445246934660436 -0.1314513543357075 0.02975293739922895 0.0402342156836145 
0.02975293739922895 0.0402342156836145 0.259150301495885 -0.1135879837974903 
-0.3910241116741777 0.1853020571268748 0.02975293739922895 0.0402342156836145 
-0.5926817736960224 -0.09238096639321124 -0.1445246934660436 -0.1314513543357075 
-0.1330085435517571 -0.03746120503016147 0.259150301495885 -0.1135879837974903 
-0.4188749654683963 -0.6520069741825726 -0.3052292480739878 -0.707363839698297 
-0.3052292480739878 -0.707363839698297 -0.272317272192974 -0.1902908905836985 
-0.272317272192974 -0.1902908905836985 -0.3798196409169528 -0.1898663529359527 
-0.3798196409169528 -0.1898663529359527 -0.4188749654683963 -0.6520069741825726 
-0.5635537550065609 -0.3730068341558648 -0.4886432301561244 -0.3902618929453439 
-0.4886432301561244 -0.3902618929453439 -0.4682340106095802 -0.1895171957128908 
-0.4682340106095802 -0.1895171957128908 -0.5422297065028212 -0.1892249792803535 
-0.5422297065028212 -0.1892249792803535 -0.5635537550065609 -0.3730068341558648 
