0 0 0 1 0.1895567136970719 -0.4132880863227386 
0 0 6.5 1 0.1417553378594748 0.2222374576321443 
10 0 0 1 -0.2308601573691519 -0.2259963645080185 
10 0 6.5 1 -0.2712460475107182 0.1321402812440185 
10 10 0 1 0.1486072813830959 -0.1177642927901748 
10 10 6.5 1 0.1279359391932338 0.1509441149615862 
0 10 0 1 0.594538802806172 -0.1838088813756477 
0 10 6.5 1 0.5800181629613103 0.2157106430277409 
0 5 10 1 0.3985789917092814 0.5013462293472187 
10 5 10 1 -0.05812188733757817 0.3155482897269351 
0 6 0 1 0.4748881696418102 -0.2516077616431078 
0 8 0 1 0.5395081793393482 -0.2149914547795481 
0 8 5 1 0.5258465811704841 0.1139626301450261 
0 6 5 1 0.4578577333767335 0.1057439991950275 
0 2 2.5 1 0.2911923564102489 -0.1363369630497059 
0 4 2.5 1 0.3873679771091851 -0.1031504923981273 
0 4 5 1 0.3764185820989677 0.09589946805569283 
0 2 5 1 0.2770996525714301 0.08389359275961554 
0.5 0.5 -0.5 1 0.1883044756504655 -0.4239270301942254 
0.5 0.5 6 1 0.1438156224931134 0.1660425838228499 
10.5 0.5 -0.5 1 -0.2151069392085529 -0.2395644867563109 
10.5 0.5 6 1 -0.2533585890201648 0.1036516611886224 
10.5 10.5 -0.5 1 0.1492678246180134 -0.1312388885920621 
10.5 10.5 6 1 0.1292400396574812 0.1289873337090543 
0.5 10.5 -0.5 1 0.5762206110426321 -0.2005936460138586 
0.5 10.5 6 1 0.5617063040950749 0.180455056101612 
0.5 5.5 9.5 1 0.3857979340536024 0.4410987477449046 
10.5 5.5 9.5 1 -0.05005827760580089 0.2842949957362099 
0.5 6.5 -0.5 1 0.459568253633923 -0.2677534348851487 
0.5 8.5 -0.5 1 0.5223514166677276 -0.2316075389282506 
0.5 8.5 4.5 1 0.5088479429712466 0.08111336098860772 
0.5 6.5 4.5 1 0.4429421714709533 0.07051873370426923 
0.5 2.5 2 1 0.283792159649411 -0.163133148247014 
0.5 4.5 2 1 0.3752737601074934 -0.1293428312067766 
0.5 4.5 4.5 1 0.3647390582755556 0.05794725752063203 
0.5 2.5 4.5 1 0.2704426207039755 0.04278871241040083 
