0 0 0 1 0.398352232159099 -0.4903640695045235 
0 0 6.5 1 0.3339738089811428 0.06342044288195645 
10 0 0 1 -0.2642994862068789 -0.4297320774514037 
10 0 6.5 1 -0.2719576287343689 -0.02822407711223493 
10 10 0 1 0.01907313103098661 -0.3220484190738819 
10 10 6.5 1 0.002870771428510127 -0.06100517405008628 
0 10 0 1 0.4588575074376081 -0.3320333340411218 
0 10 6.5 1 0.4181401306540717 -0.01422795799616434 
0 5 10 1 0.3624941240085984 0.2124403780253602 
10 5 10 1 -0.1135924159948207 0.1102922409600947 
0 6 0 1 0.442263657746242 -0.3754562655741072 
0 8 0 1 0.4513475362411037 -0.3516854925905736 
0 8 5 1 0.4170996979302693 -0.08120109094030335 
0 6 5 1 0.4049925562343654 -0.07683243682247744 
0 2 2.5 1 0.3936294056037752 -0.2479490517185371 
0 4 2.5 1 0.4101029507770506 -0.2339049251766147 
0 4 5 1 0.3901915939832846 -0.07149176382879753 
0 2 5 1 0.3716852154824667 -0.06481405502895796 
0.5 0.5 -0.5 1 0.3644531954061093 -0.5171506679536115 
0.5 0.5 6 1 0.3056094896005797 0.01375914038348565 
10.5 0.5 -0.5 1 -0.2654024205726195 -0.4512900436286816 
10.5 0.5 6 1 -0.2727415617968569 -0.06194011374400022 
10.5 10.5 -0.5 1 0.01177882468064807 -0.3386663810637061 
10.5 10.5 6 1 -0.003781795372189928 -0.08280554531817264 
0.5 10.5 -0.5 1 0.437514722818715 -0.3520252570940162 
0.5 10.5 6 1 0.3988884973235327 -0.04186398733876286 
0.5 5.5 9.5 1 0.3409623335037766 0.1714990609060833 
10.5 5.5 9.5 1 -0.1183365231121393 0.08032119727644628 
0.5 6.5 -0.5 1 0.4171646921070606 -0.3980180976664614 
0.5 8.5 -0.5 1 0.428274979078547 -0.3729078821275215 
0.5 8.5 4.5 1 0.3959516968331813 -0.1096159961428889 
0.5 6.5 4.5 1 0.3821904454773195 -0.1081416228719958 
0.5 2.5 2 1 0.3650427638702807 -0.2807493342508442 
0.5 4.5 2 1 0.3840486551564661 -0.2636202174072148 
0.5 4.5 4.5 1 0.3654777011011838 -0.1063510281830217 
0.5 2.5 4.5 1 0.3447498552705115 -0.10413025762476 
