-0.372025757131455 -0.351470318949872 -0.3985729596766271 -0.0466470660107154 
0.04182314328182288 -0.262053133265825 0.01663438712759253 -0.009333340177420444 
0.3239516980657741 -0.362145380419846 0.2819907458161892 0.02722333809632946 
-0.2938823466962542 -0.5528728414659249 -0.3408631296400279 -0.024304714906945 
-0.372025757131455 -0.351470318949872 0.04182314328182288 -0.262053133265825 
0.04182314328182288 -0.262053133265825 0.3239516980657741 -0.362145380419846 
0.3239516980657741 -0.362145380419846 -0.2938823466962542 -0.5528728414659249 
-0.2938823466962542 -0.5528728414659249 -0.372025757131455 -0.351470318949872 
-0.3985729596766271 -0.0466470660107154 -0.3953334705124782 0.1661028301803089 
-0.3953334705124782 0.1661028301803089 -0.3408631296400279 -0.024304714906945 
0.01663438712759253 -0.009333340177420444 0.1045262154123249 0.1678133258601749 
0.1045262154123249 0.1678133258601749 0.2819907458161892 0.02722333809632946 
-0.3953334705124782 0.1661028301803089 0.1045262154123249 0.1678133258601749 
-0.3985729596766271 -0.0466470660107154 0.01663438712759253 -0.009333340177420444 
-0.3408631296400279 -0.024304714906945 0.2819907458161892 0.02722333809632946 
-0.3357943446460626 -0.4448511661414419 -0.3175246464538025 -0.491938480107338 
-0.3175246464538025 -0.491938480107338 -0.3489450409275418 -0.1362748694804627 
-0.3489450409275418 -0.1362748694804627 -0.3635071821424512 -0.129661438649993 
-0.3635071821424512 -0.129661438649993 -0.3357943446460626 -0.4448511661414419 
-0.3734373765411844 -0.2479650164708017 -0.3627816642235524 -0.2652820607226077 
-0.3627816642235524 -0.2652820607226077 -0.3751227613237274 -0.1243861959272701 
-0.3751227613237274 -0.1243861959272701 -0.3846039392950065 -0.1200802965558076 
-0.3846039392950065 -0.1200802965558076 -0.3734373765411844 -0.2479650164708017 
