-0.3259534061027264 -0.2201458788958349 -0.3581266281415256 0.06423657257985604 
0.07503694506793993 -0.1516994189827318 0.0513016353078997 0.09720241144923093 
0.3166505966002256 -0.242703308540223 0.2833507836224072 0.1481815805935878 
-0.3081955888895571 -0.3818967059924013 -0.3632053656183001 0.104238194125415 
-0.3259534061027264 -0.2201458788958349 0.07503694506793993 -0.1516994189827318 
0.07503694506793993 -0.1516994189827318 0.3166505966002256 -0.242703308540223 
0.3166505966002256 -0.242703308540223 -0.3081955888895571 -0.3818967059924013 
-0.3081955888895571 -0.3818967059924013 -0.3259534061027264 -0.2201458788958349 
-0.3581266281415256 0.06423657257985604 -0.3823867867453548 0.2768626265811233 
-0.3823867867453548 0.2768626265811233 -0.3632053656183001 0.104238194125415 
0.0513016353078997 0.09720241144923093 0.1260822955242261 0.284115136662095 
0.1260822955242261 0.284115136662095 0.2833507836224072 0.1481815805935878 
-0.3823867867453548 0.2768626265811233 0.1260822955242261 0.284115136662095 
-0.3581266281415256 0.06423657257985604 0.0513016353078997 0.09720241144923093 
-0.3632053656183001 0.104238194125415 0.2833507836224072 0.1481815805935878 
-0.3176463026322175 -0.2958128846433136 -0.3135059740448968 -0.3335259416824433 
-0.3135059740448968 -0.3335259416824433 -0.3504018900970111 -0.007447071121439941 
-0.3504018900970111 -0.007447071121439941 -0.3504784729139657 -0.005634359868001692 
-0.3504784729139657 -0.005634359868001692 -0.3176463026322175 -0.2958128846433136 
-0.3370675581401799 -0.1225216540241576 -0.3356683126786543 -0.1356273849547575 
-0.3356683126786543 -0.1356273849547575 -0.3505396827921395 -0.004185525267769588 
-0.3505396827921395 -0.004185525267769588 -0.3505897263753229 -0.003000996283249091 
-0.3505897263753229 -0.003000996283249091 -0.3370675581401799 -0.1225216540241576 
