0 0 0 1 -0.0401801531496823 -0.04711540895679719 
0 0 6.5 1 -0.02081239625327713 0.2045494081259686 
10 0 0 1 0.3629058447710345 -0.1080356217077321 
10 0 6.5 1 0.3997432001013718 0.1850714823266751 
10 10 0 1 0.3238822831992039 -0.2413764296202966 
10 10 6.5 1 0.3854944506567801 0.2596352517891248 
0 10 0 1 -0.2887617935266953 -0.1180285933747944 
0 10 6.5 1 -0.2700454113596555 0.2729085252392258 
0 5 10 1 -0.1064895552044861 0.4054913074372764 
10 5 10 1 0.4211067933421144 0.4254069918266574 
0 6 0 1 -0.1627843919508464 -0.08209086805888098 
0 8 0 1 -0.219620381803301 -0.09830453944617154 
0 8 5 1 -0.2046001025737884 0.1698461954824851 
0 6 5 1 -0.1474873285723804 0.1619755018232024 
0 2 2.5 1 -0.06742066364561261 0.04518287265031489 
0 4 2.5 1 -0.107697567426385 0.04197771253103508 
0 4 5 1 -0.09995715532088163 0.1554253833991531 
0 2 5 1 -0.05978453774615499 0.1498892074393863 
0.5 0.5 -0.5 1 -0.03224664709521306 -0.07136863934725372 
0.5 0.5 6 1 -0.01217711806389213 0.185523560289608 
10.5 0.5 -0.5 1 0.3830722332121245 -0.1380984339747174 
10.5 0.5 6 1 0.4216646865892116 0.1621151147816947 
10.5 10.5 -0.5 1 0.3568938099201895 -0.2995075209362535 
10.5 10.5 6 1 0.423666237445483 0.2226165333536611 
0.5 10.5 -0.5 1 -0.2853080963169105 -0.1584277975868062 
0.5 10.5 6 1 -0.2657192730308598 0.2452714019954243 
0.5 5.5 9.5 1 -0.09821907615413694 0.3876307659478629 
10.5 5.5 9.5 1 0.4506373044251279 0.4041072359472325 
0.5 6.5 -0.5 1 -0.1562676236309491 -0.1140348054284789 
0.5 8.5 -0.5 1 -0.2142820164177222 -0.1339931365663461 
0.5 8.5 4.5 1 -0.1985840841939094 0.1419237110777795 
0.5 6.5 4.5 1 -0.140313182778686 0.1364494423316484 
0.5 2.5 2 1 -0.05945045815373003 0.02104393703740837 
0.5 4.5 2 1 -0.1001465972314244 0.01569859104238996 
0.5 4.5 4.5 1 -0.09208914363034684 0.1319190275978722 
0.5 2.5 4.5 1 -0.05151982268136127 0.1281077365361421 
