0.3993874109624266 -0.4938795691197017 0.3358146375319548 0.05798765698763616 
-0.2666026346760104 -0.4339183177695615 -0.2727172437000114 -0.03103404656223074 
0.01440329404474739 -0.3264392345091371 -0.0009546076671496 -0.06516016006245888 
0.4537822554236567 -0.3366752997271314 0.4137674702904811 -0.02001092327611179 
0.3993874109624266 -0.4938795691197017 -0.2666026346760104 -0.4339183177695615 
-0.2666026346760104 -0.4339183177695615 0.01440329404474739 -0.3264392345091371 
0.01440329404474739 -0.3264392345091371 0.4537822554236567 -0.3366752997271314 
0.4537822554236567 -0.3366752997271314 0.3993874109624266 -0.4938795691197017 
0.3358146375319548 0.05798765698763616 0.3608456114193134 0.2057076269849938 
0.3608456114193134 0.2057076269849938 0.4137674702904811 -0.02001092327611179 
-0.2727172437000114 -0.03103404656223074 -0.1155025380436555 0.1066476961053248 
-0.1155025380436555 0.1066476961053248 -0.0009546076671496 -0.06516016006245888 
0.3608456114193134 0.2057076269849938 -0.1155025380436555 0.1066476961053248 
0.3358146375319548 0.05798765698763616 -0.2727172437000114 -0.03103404656223074 
0.4137674702904811 -0.02001092327611179 -0.0009546076671496 -0.06516016006245888 
0.4388696114268837 -0.3797737096489597 0.4470336614695855 -0.356179129409613 
0.4470336614695855 -0.356179129409613 0.4133495200418869 -0.08659506787532445 
0.4133495200418869 -0.08659506787532445 0.4021856909278552 -0.08213124315797833 
0.4021856909278552 -0.08213124315797833 0.4388696114268837 -0.3797737096489597 
0.3931051870390482 -0.2522927050666932 0.4081429903290557 -0.2384731863770609 
0.4081429903290557 -0.2384731863770609 0.3885384097311305 -0.07667441732266111 
0.3885384097311305 -0.07667441732266111 0.3714752832581746 -0.0698517756531061 
0.3714752832581746 -0.0698517756531061 0.3931051870390482 -0.2522927050666932 
