0.09675039519170461 -0.2991109660851811 0.05585165672980252 0.3692575503251248 
-0.2410462955689362 -0.1214941089912702 -0.279756919893168 0.2378039066010119 
0.1647696189531044 -0.03772298898840579 0.1509838228819793 0.2415053646646696 
0.606446795512222 -0.1087154317208339 0.6120687276695885 0.327018854597791 
0.09675039519170461 -0.2991109660851811 -0.2410462955689362 -0.1214941089912702 
-0.2410462955689362 -0.1214941089912702 0.1647696189531044 -0.03772298898840579 
0.1647696189531044 -0.03772298898840579 0.606446795512222 -0.1087154317208339 
0.606446795512222 -0.1087154317208339 0.09675039519170461 -0.2991109660851811 
0.05585165672980252 0.3692575503251248 0.3911094161481229 0.6619904276259717 
0.3911094161481229 0.6619904276259717 0.6120687276695885 0.327018854597791 
-0.279756919893168 0.2378039066010119 -0.04965244535003808 0.4209586182425661 
-0.04965244535003808 0.4209586182425661 0.1509838228819793 0.2415053646646696 
0.3911094161481229 0.6619904276259717 -0.04965244535003808 0.4209586182425661 
0.05585165672980252 0.3692575503251248 -0.279756919893168 0.2378039066010119 
0.6120687276695885 0.327018854597791 0.1509838228819793 0.2415053646646696 
0.4514250149976672 -0.1666233445893979 0.5346694036857483 -0.1355276573192231 
0.5346694036857483 -0.1355276573192231 0.5356313936859893 0.2192542283398332 
0.5356313936859893 0.2192542283398332 0.4478996486187889 0.2163468707185303 
0.4478996486187889 0.2163468707185303 0.4514250149976672 -0.1666233445893979 
0.2285657463857703 -0.0261666627771363 0.3490159660261647 -0.001158463878492264 
0.3490159660261647 -0.001158463878492264 0.3440224324335088 0.2129044655101915 
0.3440224324335088 0.2129044655101915 0.2190911433429644 0.20876434570295 
0.2190911433429644 0.20876434570295 0.2285657463857703 -0.0261666627771363 
