0 0 0 1 0.2573464412321305 -0.07451569365560677 
0 0 6.5 1 0.2528026330185951 0.2922719653896326 
10 0 0 1 -0.1340747268887586 -0.2840322201087648 
10 0 6.5 1 -0.1866664815259745 0.357349655729008 
10 10 0 1 -0.5567655228594048 -0.144389290970097 
10 10 6.5 1 -0.617865235061056 0.2552146350984755 
0 10 0 1 -0.1297678641110828 -0.03157181384309487 
0 10 6.5 1 -0.1509653748966634 0.2410013976233664 
0 5 10 1 0.01134483800831224 0.4453124869289407 
10 5 10 1 -0.4927862075016003 0.595598259415539 
0 6 0 1 -0.0008105283746183084 -0.04587748080081316 
0 8 0 1 -0.06869287017217489 -0.03834706643144083 
0 8 5 1 -0.08344996211967314 0.1802237217509883 
0 6 5 1 -0.01376456387561097 0.1850561983645289 
0 2 2.5 1 0.1568269035700823 0.06360396155016085 
0 4 2.5 1 0.0698941270566993 0.06560166808887424 
0 4 5 1 0.06448811779024172 0.1904827907874156 
0 2 5 1 0.1529914859496067 0.1966202380522182 
0.5 0.5 -0.5 1 0.2205399806176828 -0.1042542048331116 
0.5 0.5 6 1 0.2136973350893262 0.2606189404469021 
10.5 0.5 -0.5 1 -0.1976665038279803 -0.335439265233381 
10.5 0.5 6 1 -0.2574471588633203 0.2999399645683044 
10.5 10.5 -0.5 1 -0.5969746735579916 -0.1769705818036549 
10.5 10.5 6 1 -0.6608338102759448 0.2203210412981074 
0.5 10.5 -0.5 1 -0.1573057064985297 -0.05386024427589566 
0.5 10.5 6 1 -0.1797701130750528 0.2176546143988346 
0.5 5.5 9.5 1 -0.02280324556168382 0.4176250158664024 
10.5 5.5 9.5 1 -0.5488385316064673 0.5500267776073141 
0.5 6.5 -0.5 1 -0.03143292228779864 -0.0706481244582929 
0.5 8.5 -0.5 1 -0.09769119493634933 -0.06181113916960452 
0.5 8.5 4.5 1 -0.1135195712874311 0.1558654492938716 
0.5 6.5 4.5 1 -0.04558407618241933 0.1592868774175225 
0.5 2.5 2 1 0.1215954684948928 0.03510754201549909 
0.5 4.5 2 1 0.03679540057135883 0.03882081378791975 
0.5 4.5 4.5 1 0.03070245173500203 0.1631288877196318 
0.5 2.5 4.5 1 0.1169806909231034 0.1674741095151153 
