0.03763786883846482 -0.2671618343363613 0.06213529816001159 -0.007594800028189174 
0.4701295394624175 -0.3794911200685425 0.4954392981956817 -0.03486704760551015 
0.2540488469088734 -0.5654269850751164 0.30319097236374 0.02719621501720449 
-0.3013328938254262 -0.3340704713764373 -0.2595902284442167 0.04496022398805222 
0.03763786883846482 -0.2671618343363613 0.4701295394624175 -0.3794911200685425 
0.4701295394624175 -0.3794911200685425 0.2540488469088734 -0.5654269850751164 
0.2540488469088734 -0.5654269850751164 -0.3013328938254262 -0.3340704713764373 
-0.3013328938254262 -0.3340704713764373 0.03763786883846482 -0.2671618343363613 
0.06213529816001159 -0.007594800028189174 -0.05253282447306428 0.1760180820677193 
-0.05253282447306428 0.1760180820677193 -0.2595902284442167 0.04496022398805222 
0.4954392981956817 -0.03486704760551015 0.4418500264610814 0.2154174626683401 
0.4418500264610814 0.2154174626683401 0.30319097236374 0.02719621501720449 
-0.05253282447306428 0.1760180820677193 0.4418500264610814 0.2154174626683401 
0.06213529816001159 -0.007594800028189174 0.4954392981956817 -0.03486704760551015 
-0.2595902284442167 0.04496022398805222 0.30319097236374 0.02719621501720449 
-0.1339093728329595 -0.3010231385916803 -0.2105131822220655 -0.3161437833281853 
-0.2105131822220655 -0.3161437833281853 -0.1821264228794921 -0.0481404802284715 
-0.1821264228794921 -0.0481404802284715 -0.1086159642812847 -0.05392634768216697 
-0.1086159642812847 -0.05392634768216697 -0.1339093728329595 -0.3010231385916803 
-0.001419756431141537 -0.1695018950741837 -0.05698109706594137 -0.1728627383609892 
-0.05698109706594137 -0.1728627383609892 -0.04566074837758798 -0.05888143219236557 
-0.04566074837758798 -0.05888143219236557 0.008860354355578142 -0.06317268380280111 
0.008860354355578142 -0.06317268380280111 -0.001419756431141537 -0.1695018950741837 
