0 0 0 1 -0.4907892251912329 -0.3377596501239065 
0 0 6.5 1 -0.4738816127552639 0.2950605769482101 
10 0 0 1 -0.2529095102836561 -0.1176642821080479 
10 0 6.5 1 -0.2355733202128484 0.204460656719776 
10 10 0 1 0.2332763715101343 -0.1563589432078814 
10 10 6.5 1 0.2687196147647607 0.162625131691357 
0 10 0 1 0.4525180515958981 -0.4104927867102257 
0 10 6.5 1 0.540063674509487 0.2101985037444437 
0 5 10 1 0.06752070248635654 0.6307053326407884 
10 5 10 1 0.03231131057435328 0.3662619584979123 
0 6 0 1 0.07742303022466147 -0.3815713121349808 
0 8 0 1 0.2653389383226525 -0.3960604544820908 
0 8 5 1 0.3210251663722701 0.07505891536916465 
0 6 5 1 0.1225137770998412 0.09135403687331188 
0 2 2.5 1 -0.2891457729448861 -0.1207661901985136 
0 4 2.5 1 -0.09450736333898324 -0.1362449794789327 
0 4 5 1 -0.07682527658639417 0.1077170985205262 
0 2 5 1 -0.2769971817396641 0.1241485260982798 
0.5 0.5 -0.5 1 -0.4247462300210913 -0.3638882932557311 
0.5 0.5 6 1 -0.4040134574709046 0.232825411502353 
10.5 0.5 -0.5 1 -0.2244240992353503 -0.1372937064252962 
10.5 0.5 6 1 -0.2065237357265396 0.1752290356847061 
10.5 10.5 -0.5 1 0.2487498012636642 -0.1748671617068856 
10.5 10.5 6 1 0.2837838285110012 0.1346907795318417 
0.5 10.5 -0.5 1 0.4707796348198773 -0.4327413802620952 
0.5 10.5 6 1 0.5549343771755738 0.1531287388513559 
0.5 5.5 9.5 1 0.1095138875863966 0.5475183709694138 
10.5 5.5 9.5 1 0.05435047791516087 0.33198059710972 
0.5 6.5 -0.5 1 0.1145781790448258 -0.4053546002826822 
0.5 8.5 -0.5 1 0.2930112230490819 -0.4190735406125823 
0.5 8.5 4.5 1 0.3472485454715248 0.02593387764670967 
0.5 6.5 4.5 1 0.1592895764912055 0.04127023741291448 
0.5 2.5 2 1 -0.2319135452590718 -0.1587536714138796 
0.5 4.5 2 1 -0.04742969005082661 -0.173360640222394 
0.5 4.5 4.5 1 -0.0294115242370551 0.05666715081772503 
0.5 2.5 4.5 1 -0.218859160724834 0.07212497720289733 
