-0.1620254124391709 -0.02251623693884379 -0.1718801188954096 0.2341514133092528 
0.2279156001418494 -0.02676282084024024 0.2387256002112677 0.2373566707612239 
0.3250624190260507 -0.1714969780268141 0.3521183026297358 0.261114753233645 
-0.3041404283615917 -0.1582871044806895 -0.3327178111661718 0.254669285261697 
-0.1620254124391709 -0.02251623693884379 0.2279156001418494 -0.02676282084024024 
0.2279156001418494 -0.02676282084024024 0.3250624190260507 -0.1714969780268141 
0.3250624190260507 -0.1714969780268141 -0.3041404283615917 -0.1582871044806895 
-0.3041404283615917 -0.1582871044806895 -0.1620254124391709 -0.02251623693884379 
-0.1718801188954096 0.2341514133092528 -0.2418809035726153 0.4300191645495924 
-0.2418809035726153 0.4300191645495924 -0.3327178111661718 0.254669285261697 
0.2387256002112677 0.2373566707612239 0.2905007762575174 0.4418343011974392 
0.2905007762575174 0.4418343011974392 0.3521183026297358 0.261114753233645 
-0.2418809035726153 0.4300191645495924 0.2905007762575174 0.4418343011974392 
-0.1718801188954096 0.2341514133092528 0.2387256002112677 0.2373566707612239 
-0.3327178111661718 0.254669285261697 0.3521183026297358 0.261114753233645 
-0.2307339887742314 -0.08815759760736529 -0.2634897429885169 -0.119451104052094 
-0.2634897429885169 -0.119451104052094 -0.2802447316866678 0.1588124194176541 
-0.2802447316866678 0.1588124194176541 -0.2440801475975077 0.1633059884416172 
-0.2440801475975077 0.1633059884416172 -0.2307339887742314 -0.08815759760736529 
-0.1855847796521916 0.06236357617516578 -0.2090731596922779 0.04964713575107838 
-0.2090731596922779 0.04964713575107838 -0.214618574502975 0.166966686209589 
-0.214618574502975 0.166966686209589 -0.1901544910497066 0.1700064293830272 
-0.1901544910497066 0.1700064293830272 -0.1855847796521916 0.06236357617516578 
