0 0 0 1 0.2644615501510562 -0.1540533794179127 
0 0 6.5 1 0.2484817910287457 0.2013438608487207 
10 0 0 1 -0.04314640898543295 -0.4234089801826231 
10 0 6.5 1 -0.09997848878395844 0.2226622599245431 
10 10 0 1 -0.5664126816027462 -0.2749623450943024 
10 10 6.5 1 -0.6314127124090917 0.1437285350940692 
0 10 0 1 -0.1464449520095728 -0.117913622534474 
0 10 6.5 1 -0.1732221690980702 0.1557721854196489 
0 5 10 1 -0.003485483123852296 0.3525368606521878 
10 5 10 1 -0.4640220305848347 0.4774686884688242 
0 6 0 1 -0.006529746539468641 -0.130219345328827 
0 8 0 1 -0.07979201566541183 -0.123775834259962 
0 8 5 1 -0.09933005598732207 0.09502545322432722 
0 6 5 1 -0.02488696652967622 0.09956112127852583 
0 2 2.5 1 0.15691261315951 -0.01960720319294453 
0 4 2.5 1 0.06610093884231458 -0.01824092890142399 
0 4 5 1 0.05756637385588725 0.1045848378474296 
0 2 5 1 0.1493963615618157 0.1101798547212551 
0.5 0.5 -0.5 1 0.2304731848420606 -0.1854212067399049 
0.5 0.5 6 1 0.2128430989419556 0.1701919214201025 
10.5 0.5 -0.5 1 -0.1075094749697939 -0.4826908242698715 
10.5 0.5 6 1 -0.1704892958402366 0.1639247677249517 
10.5 10.5 -0.5 1 -0.6112066086703725 -0.3128585403204328 
10.5 10.5 6 1 -0.6790595571299793 0.1060847285557413 
0.5 10.5 -0.5 1 -0.1741684766782576 -0.1420567343069453 
0.5 10.5 6 1 -0.2020257934990395 0.1317568168699044 
0.5 5.5 9.5 1 -0.03612704497542216 0.3255516406069672 
10.5 5.5 9.5 1 -0.5233852229213886 0.4320096825080737 
0.5 6.5 -0.5 1 -0.03647842839299054 -0.1568126452053082 
0.5 8.5 -0.5 1 -0.1085873956212747 -0.1490849008356566 
0.5 8.5 4.5 1 -0.129016182733019 0.06981645641833337 
0.5 6.5 4.5 1 -0.05580183196891748 0.07307787348929026 
0.5 2.5 2 1 0.1238139157164406 -0.04914641460032517 
0.5 4.5 2 1 0.03439199440508021 -0.0462034457974538 
0.5 4.5 4.5 1 0.02532321784471698 0.07669168170561812 
0.5 2.5 4.5 1 0.1157142957986698 0.08071825575325368 
