0 0 0 1 0.2576144249723753 -0.03062691986711043 
0 0 6.5 1 0.2741647650068376 0.3498656425408037 
10 0 0 1 -0.2417893291324666 -0.1729783389207953 
10 0 6.5 1 -0.2784703670388528 0.4415209484608144 
10 10 0 1 -0.5139435960906125 -0.03004658930383698 
10 10 6.5 1 -0.5555861957243632 0.3376711280697034 
0 10 0 1 -0.08603363759213611 0.03373496779057249 
0 10 6.5 1 -0.0930197298582485 0.3026199489315566 
0 5 10 1 0.05837074081103902 0.5088676711553443 
10 5 10 1 -0.480404689888452 0.6614955387632619 
0 6 0 1 0.02468839934116428 0.01299782395466591 
0 8 0 1 -0.03404348649501664 0.02399772603443542 
0 8 5 1 -0.03742323483039174 0.2408469690323133 
0 6 5 1 0.02381212118211261 0.2440492222525406 
0 2 2.5 1 0.1716777282276068 0.1155370127500691 
0 4 2.5 1 0.0927341655281593 0.1210848489423013 
0 4 5 1 0.09396245699358194 0.2477176771024878 
0 2 5 1 0.1751274516759035 0.2519621345943022 
0.5 0.5 -0.5 1 0.2168969809507461 -0.05757305088851207 
0.5 0.5 6 1 0.2301974137588 0.3179488376882393 
10.5 0.5 -0.5 1 -0.3005672502954504 -0.2139847377627205 
10.5 0.5 6 1 -0.3442464972192182 0.3875497060604723 
10.5 10.5 -0.5 1 -0.548095449324866 -0.05615782980010186 
10.5 10.5 6 1 -0.5919632295795769 0.306911563448553 
0.5 10.5 -0.5 1 -0.1133853951780757 0.01415652293054118 
0.5 10.5 6 1 -0.1218012598701175 0.2805568035327019 
0.5 5.5 9.5 1 0.02231720660565277 0.480643648144804 
10.5 5.5 9.5 1 -0.5295071650170787 0.6174234776081731 
0.5 6.5 -0.5 1 -0.0068228282690331 -0.008986363465760715 
0.5 8.5 -0.5 1 -0.06333092368103671 0.003285867492298299 
0.5 8.5 4.5 1 -0.06796073915768303 0.2180226564295069 
0.5 6.5 4.5 1 -0.009151315154980962 0.2196663101865931 
0.5 2.5 2 1 0.1335707068995462 0.08895125563767767 
0.5 4.5 2 1 0.05781063316739214 0.0963406802376974 
0.5 4.5 4.5 1 0.05816499637764923 0.2215477213760431 
0.5 2.5 4.5 1 0.1359779077081796 0.2237225000994729 
