0.2587221980439565 -0.2519046645132528 0.3025803645966667 0.1276855513883545 
-0.3569891810300011 -0.3027950707329299 -0.3348933118311099 0.193417876135633 
-0.3845867019962715 -0.1191311436999135 -0.3727212918902701 0.1742018232010427 
0.02192893245918605 -0.1134136901608442 0.04346330970423098 0.1348518206892523 
0.2587221980439565 -0.2519046645132528 -0.3569891810300011 -0.3027950707329299 
-0.3569891810300011 -0.3027950707329299 -0.3845867019962715 -0.1191311436999135 
-0.3845867019962715 -0.1191311436999135 0.02192893245918605 -0.1134136901608442 
0.02192893245918605 -0.1134136901608442 0.2587221980439565 -0.2519046645132528 
0.3025803645966667 0.1276855513883545 0.1616372115627094 0.3024089622419245 
0.1616372115627094 0.3024089622419245 0.04346330970423098 0.1348518206892523 
-0.3348933118311099 0.193417876135633 -0.3499703841735058 0.3930205668968565 
-0.3499703841735058 0.3930205668968565 -0.3727212918902701 0.1742018232010427 
0.1616372115627094 0.3024089622419245 -0.3499703841735058 0.3930205668968565 
0.3025803645966667 0.1276855513883545 -0.3348933118311099 0.193417876135633 
0.04346330970423098 0.1348518206892523 -0.3727212918902701 0.1742018232010427 
0.09378734150386844 -0.155440819012823 0.05518298044059747 -0.132862661797492 
0.05518298044059747 -0.132862661797492 0.07366795170699526 0.07087548647834312 
0.07366795170699526 0.07087548647834312 0.114768959981756 0.06453142139647376 
0.114768959981756 0.06453142139647376 0.09378734150386844 -0.155440819012823 
0.2070554050716561 -0.08469380909720624 0.1510392397203484 -0.06407908236678311 
0.1510392397203484 -0.06407908236678311 0.1632586843938008 0.05704688560563705 
0.1632586843938008 0.05704688560563705 0.2213262995627441 0.04808397337443179 
0.2213262995627441 0.04808397337443179 0.2070554050716561 -0.08469380909720624 
