-0.4812638239801247 -0.344980003766913 -0.4665933984066425 0.2890517167785511 
-0.2529341507067719 -0.1182296090531943 -0.2366518377867798 0.2044733151518331 
0.2326895677984073 -0.1545960852102784 0.2677905935325432 0.1633047689744705 
0.4589721038339344 -0.410654044122663 0.5468481645533984 0.2049644389369459 
-0.4812638239801247 -0.344980003766913 -0.2529341507067719 -0.1182296090531943 
-0.2529341507067719 -0.1182296090531943 0.2326895677984073 -0.1545960852102784 
0.2326895677984073 -0.1545960852102784 0.4589721038339344 -0.410654044122663 
0.4589721038339344 -0.410654044122663 -0.4812638239801247 -0.344980003766913 
-0.4665933984066425 0.2890517167785511 0.07705961788754989 0.6256478314232105 
0.07705961788754989 0.6256478314232105 0.5468481645533984 0.2049644389369459 
-0.2366518377867798 0.2044733151518331 0.03164187185667076 0.3668972841022835 
0.03164187185667076 0.3668972841022835 0.2677905935325432 0.1633047689744705 
0.07705961788754989 0.6256478314232105 0.03164187185667076 0.3668972841022835 
-0.4665933984066425 0.2890517167785511 -0.2366518377867798 0.2044733151518331 
0.5468481645533984 0.2049644389369459 0.2677905935325432 0.1633047689744705 
0.0872952607462628 -0.384692985551984 0.2738584514017972 -0.3977241388503847 
0.2738584514017972 -0.3977241388503847 0.3295506061757608 0.07012449381214135 
0.3295506061757608 0.07012449381214135 0.1321054463284489 0.08587273723797396 
0.1321054463284489 0.08587273723797396 0.0872952607462628 -0.384692985551984 
-0.2793226092511344 -0.12721945590816 -0.08434967986472307 -0.1417758669789582 
-0.08434967986472307 -0.1417758669789582 -0.06698473489212296 0.1017521877141431 
-0.06698473489212296 0.1017521877141431 -0.2677405818165802 0.1177644918342868 
-0.2677405818165802 0.1177644918342868 -0.2793226092511344 -0.12721945590816 
