0.008092625865986663 -0.1434692496529231 0.03337464056489722 0.1090759733274189 
0.4248171892483092 -0.2273376485016758 0.4598618569374958 0.08886125983091746 
0.2956011149804951 -0.3649116298204974 0.3543023400179268 0.1788870899364931 
-0.2901549332609552 -0.1975502427229302 -0.2549778171798177 0.1818050842342018 
0.008092625865986663 -0.1434692496529231 0.4248171892483092 -0.2273376485016758 
0.4248171892483092 -0.2273376485016758 0.2956011149804951 -0.3649116298204974 
0.2956011149804951 -0.3649116298204974 -0.2901549332609552 -0.1975502427229302 
-0.2901549332609552 -0.1975502427229302 0.008092625865986663 -0.1434692496529231 
0.03337464056489722 0.1090759733274189 -0.06572328450201972 0.3033206074517985 
-0.06572328450201972 0.3033206074517985 -0.2549778171798177 0.1818050842342018 
0.4598618569374958 0.08886125983091746 0.4451408484804746 0.3405726723839594 
0.4451408484804746 0.3405726723839594 0.3543023400179268 0.1788870899364931 
-0.06572328450201972 0.3033206074517985 0.4451408484804746 0.3405726723839594 
0.03337464056489722 0.1090759733274189 0.4598618569374958 0.08886125983091746 
-0.2549778171798177 0.1818050842342018 0.3543023400179268 0.1788870899364931 
-0.1410609335037462 -0.1705151461365491 -0.2088383146719537 -0.1828051648444674 
-0.2088383146719537 -0.1828051648444674 -0.183764590064528 0.08184511385523982 
-0.183764590064528 0.08184511385523982 -0.117673301953653 0.07204344919593546 
-0.117673301953653 0.07204344919593546 -0.1410609335037462 -0.1705151461365491 
-0.02426094069693543 -0.04754046629436134 -0.07278029180634764 -0.04849325470786194 
-0.07278029180634764 -0.04849325470786194 -0.06179779382886161 0.06375683519639198 
-0.06179779382886161 0.06375683519639198 -0.01393939928339249 0.05665919876236728 
-0.01393939928339249 0.05665919876236728 -0.02426094069693543 -0.04754046629436134 
