-0.1318874003337976 -0.03219274929126636 -0.1340489685521667 0.2208314334736078 
0.2580877711701074 -0.05261835384953764 0.2768014354760407 0.214668678842736 
0.3246159710584957 -0.2121078331483726 0.3624836130484814 0.227237368687553 
-0.29906334017307 -0.1659752497271961 -0.3164571180257635 0.2361264348856609 
-0.1318874003337976 -0.03219274929126636 0.2580877711701074 -0.05261835384953764 
0.2580877711701074 -0.05261835384953764 0.3246159710584957 -0.2121078331483726 
0.3246159710584957 -0.2121078331483726 -0.29906334017307 -0.1659752497271961 
-0.29906334017307 -0.1659752497271961 -0.1318874003337976 -0.03219274929126636 
-0.1340489685521667 0.2208314334736078 -0.2073284639397544 0.4106607437449853 
-0.2073284639397544 0.4106607437449853 -0.3164571180257635 0.2361264348856609 
0.2768014354760407 0.214668678842736 0.323632970253854 0.4176678548187348 
0.323632970253854 0.4176678548187348 0.3624836130484814 0.227237368687553 
-0.2073284639397544 0.4106607437449853 0.323632970253854 0.4176678548187348 
-0.1340489685521667 0.2208314334736078 0.2768014354760407 0.214668678842736 
-0.3164571180257635 0.2361264348856609 0.3624836130484814 0.227237368687553 
-0.2131840589696867 -0.09725037827694465 -0.2516290653702566 -0.1280159842037811 
-0.2516290653702566 -0.1280159842037811 -0.2606658971594312 0.1440609825207015 
-0.2606658971594312 0.1440609825207015 -0.2193941458210322 0.1492958705303348 
-0.2193941458210322 0.1492958705303348 -0.2131840589696867 -0.09725037827694465 
-0.1560072242411525 0.05124205246959175 -0.1834465934590221 0.0383741576189708 
-0.1834465934590221 0.0383741576189708 -0.1855926172898435 0.1535832392674731 
-0.1855926172898435 0.1535832392674731 -0.1574014542444633 0.1571589920915743 
-0.1574014542444633 0.1571589920915743 -0.1560072242411525 0.05124205246959175 
