0 0 0 1 -0.5947202052256227 -0.2812408747857667 
0 0 6.5 1 -0.5476419453941856 0.3168229335440181 
10 0 0 1 -0.2503611119546512 -0.1368604451196654 
10 0 6.5 1 -0.2221382448878817 0.1751799020945739 
10 10 0 1 0.2373533721346385 -0.1976125165577667 
10 10 6.5 1 0.2731085452257919 0.1338994217964676 
0 10 0 1 0.3481526671027657 -0.4229300666742458 
0 10 6.5 1 0.4240792375672123 0.2510041211226158 
0 5 10 1 -0.05856066855544415 0.6391532056391827 
10 5 10 1 0.035143508068903 0.3313289971003879 
0 6 0 1 -0.05684489120689978 -0.3620695005917827 
0 8 0 1 0.1405439986590505 -0.3917319005967854 
0 8 5 1 0.193425333809143 0.1111415783910974 
0 6 5 1 -0.008727242942714817 0.1287278995751118 
0 2 2.5 1 -0.4041372228648905 -0.07469446796573209 
0 4 2.5 1 -0.2230608849879161 -0.09620830326411998 
0 4 5 1 -0.2010025729449855 0.1454549468555083 
0 2 5 1 -0.3841073014097247 0.1613841950344487 
0.5 0.5 -0.5 1 -0.5264998117374021 -0.3173093731954455 
0.5 0.5 6 1 -0.4799373705571564 0.2558613706875983 
10.5 0.5 -0.5 1 -0.2211908162346374 -0.1591899086907385 
10.5 0.5 6 1 -0.1932577772717267 0.1459370754638318 
10.5 10.5 -0.5 1 0.2573826188982147 -0.2199717022836443 
10.5 10.5 6 1 0.2925538490126087 0.1037468161127427 
0.5 10.5 -0.5 1 0.3828621581057213 -0.4571557271781885 
0.5 10.5 6 1 0.4561278535533159 0.1853256556956292 
0.5 5.5 9.5 1 -0.007165605229485447 0.5598497851872399 
10.5 5.5 9.5 1 0.0593827214622674 0.2975469884397034 
0.5 6.5 -0.5 1 -0.006602662252511216 -0.3972618269076078 
0.5 8.5 -0.5 1 0.1834291786750532 -0.4264858993624225 
0.5 8.5 4.5 1 0.2347080080766911 0.0535881768557676 
0.5 6.5 4.5 1 0.04027886204663333 0.071795669202047 
0.5 2.5 2 1 -0.3416072211812692 -0.1202937817676646 
0.5 4.5 2 1 -0.1666394913517785 -0.1419678859991243 
0.5 4.5 4.5 1 -0.1450502650223966 0.08915098208363693 
0.5 2.5 4.5 1 -0.3219036371007519 0.1057125752618148 
