0.3732302045566082 -0.6873510242249093 0.3516144787296022 -0.1658234785000547 
-0.3538150754396917 -0.6071703391379798 -0.3151676637804191 -0.1530487519594669 
-0.1366316066434044 -0.4445387895627072 -0.1233687145669752 -0.171112072741759 
0.293547025267026 -0.4765709918476154 0.2850220324211326 -0.1800615909605327 
0.3732302045566082 -0.6873510242249093 -0.3538150754396917 -0.6071703391379798 
-0.3538150754396917 -0.6071703391379798 -0.1366316066434044 -0.4445387895627072 
-0.1366316066434044 -0.4445387895627072 0.293547025267026 -0.4765709918476154 
0.293547025267026 -0.4765709918476154 0.3732302045566082 -0.6873510242249093 
0.3516144787296022 -0.1658234785000547 0.3035967479163943 0.008615685731266691 
0.3035967479163943 0.008615685731266691 0.2850220324211326 -0.1800615909605327 
-0.3151676637804191 -0.1530487519594669 -0.1863093948871113 0.002953562722955333 
-0.1863093948871113 0.002953562722955333 -0.1233687145669752 -0.171112072741759 
0.3035967479163943 0.008615685731266691 -0.1863093948871113 0.002953562722955333 
0.3516144787296022 -0.1658234785000547 -0.3151676637804191 -0.1530487519594669 
0.2850220324211326 -0.1800615909605327 -0.1233687145669752 -0.171112072741759 
0.3154052597272815 -0.5343909660042627 0.3034399739056302 -0.5027400786353524 
0.3034399739056302 -0.5027400786353524 0.2957541341103978 -0.2497435212159595 
0.2957541341103978 -0.2497435212159595 0.3063614508991206 -0.2546407350954392 
0.3063614508991206 -0.2546407350954392 0.3154052597272815 -0.5343909660042627 
0.3419539544841947 -0.4398084733394298 0.3245886100147422 -0.4126090734877715 
0.3245886100147422 -0.4126090734877715 0.3193141310077942 -0.260620762473531 
0.3193141310077942 -0.260620762473531 0.3354867279873781 -0.2680873695310152 
0.3354867279873781 -0.2680873695310152 0.3419539544841947 -0.4398084733394298 
