0 0 0 1 0.2569613379938772 -0.1266357402558422 
0 0 6.5 1 0.2897139661357123 0.248065449319369 
10 0 0 1 -0.302354789100223 -0.2429650943187008 
10 0 6.5 1 -0.3137902394985042 0.3055276324800914 
10 10 0 1 -0.4542012265473384 -0.06143601867313084 
10 10 6.5 1 -0.4702850687992186 0.266609880777417 
0 10 0 1 -0.03769704866660602 -0.02015901084844533 
0 10 6.5 1 -0.02998945262071696 0.2366954183516483 
0 5 10 1 0.1079879451776045 0.4205005528934257 
10 5 10 1 -0.4226345105895821 0.5300281460302825 
0 6 0 1 0.05485398870645461 -0.05360293170347948 
0 8 0 1 0.005487065294948116 -0.03576387202037831 
0 8 5 1 0.01346160488792202 0.1725817158379007 
0 6 5 1 0.06551706030250265 0.1695334044444486 
0 2 2.5 1 0.1874521082922111 0.02864262309238673 
0 4 2.5 1 0.1187426656610658 0.04321019342361027 
0 4 5 1 0.1259680043581663 0.1659934622800353 
0 2 5 1 0.1970236180179573 0.1618325220872578 
0.5 0.5 -0.5 1 0.2143922906566196 -0.1494963091643331 
0.5 0.5 6 1 0.2436789456453148 0.2186272762349402 
10.5 0.5 -0.5 1 -0.35375611098573 -0.2738379317917271 
10.5 0.5 6 1 -0.3704157093771447 0.2606061303700433 
10.5 10.5 -0.5 1 -0.4837422137397183 -0.0821175191318424 
10.5 10.5 6 1 -0.5014654045698509 0.2408992514132786 
0.5 10.5 -0.5 1 -0.06454592486879078 -0.03682783566221554 
0.5 10.5 6 1 -0.05819772040275047 0.216936765745063 
0.5 5.5 9.5 1 0.07170929787924658 0.3941319368117324 
10.5 5.5 9.5 1 -0.4644945418745076 0.492128399292228 
0.5 6.5 -0.5 1 0.02330005115475413 -0.07231050340364875 
0.5 8.5 -0.5 1 -0.02353058695533866 -0.05339471411656347 
0.5 8.5 4.5 1 -0.01676544216313172 0.1522994712026933 
0.5 6.5 4.5 1 0.03253073568408726 0.1477837889280215 
0.5 2.5 2 1 0.1482658280661542 0.005367961809134368 
0.5 4.5 2 1 0.0833463022573052 0.02159520419541417 
0.5 4.5 4.5 1 0.08969056388184525 0.1425477719732006 
0.5 2.5 4.5 1 0.1567587204601376 0.1364041215101942 
