-0.1235652550864307 -0.03386296968721772 -0.1235531623642402 0.218511478250896 
0.2667919968309649 -0.05881482695579945 0.2876546389889355 0.2098306754794857 
0.3244966140284099 -0.2203150673750911 0.365246713535663 0.2221960533215443 
-0.2980169541293573 -0.1650364010095439 -0.3121719976786897 0.2350107823540888 
-0.1235652550864307 -0.03386296968721772 0.2667919968309649 -0.05881482695579945 
0.2667919968309649 -0.05881482695579945 0.3244966140284099 -0.2203150673750911 
0.3244966140284099 -0.2203150673750911 -0.2980169541293573 -0.1650364010095439 
-0.2980169541293573 -0.1650364010095439 -0.1235652550864307 -0.03386296968721772 
-0.1235531623642402 0.218511478250896 -0.1978078183236001 0.4078449974576943 
-0.1978078183236001 0.4078449974576943 -0.3121719976786897 0.2350107823540888 
0.2876546389889355 0.2098306754794857 0.332920644125398 0.4137606468985719 
0.332920644125398 0.4137606468985719 0.365246713535663 0.2221960533215443 
-0.1978078183236001 0.4078449974576943 0.332920644125398 0.4137606468985719 
-0.1235531623642402 0.218511478250896 0.2876546389889355 0.2098306754794857 
-0.3121719976786897 0.2350107823540888 0.365246713535663 0.2221960533215443 
-0.2085194126071407 -0.09774155847841567 -0.2486152920817379 -0.127890385468488 
-0.2486152920817379 -0.127890385468488 -0.2554328200297666 0.1430796186531812 
-0.2554328200297666 0.1430796186531812 -0.2126894574174276 0.14793495520075 
-0.2126894574174276 0.14793495520075 -0.2085194126071407 -0.09774155847841567 
-0.1478695655349861 0.04964613763690037 -0.1764549691613179 0.03710552744864382 
-0.1764549691613179 0.03710552744864382 -0.1776342488697264 0.1519169731057981 
-0.1776342488697264 0.1519169731057981 -0.1483640726427193 0.155241853220582 
-0.1483640726427193 0.155241853220582 -0.1478695655349861 0.04964613763690037 
