0 0 0 1 -0.6142344669760043 -0.2888727477711563 
0 0 6.5 1 -0.5607603981325679 0.2976822294421455 
10 0 0 1 -0.2496955795806372 -0.1530851790298127 
10 0 6.5 1 -0.2198381799849906 0.1563195955023319 
10 10 0 1 0.2369772049066699 -0.2173618710144131 
10 10 6.5 1 0.2717210224732694 0.116806772325479 
0 10 0 1 0.3178346765280883 -0.4422238474109885 
0 10 6.5 1 0.3898693131686579 0.240203957558944 
0 5 10 1 -0.08818934723272416 0.6158816060441119 
10 5 10 1 0.0338113156343249 0.3116454413334335 
0 6 0 1 -0.08951086281944852 -0.3752042632656722 
0 8 0 1 0.1076761328359761 -0.4076469665019922 
0 8 5 1 0.1595607594654838 0.09950461687779218 
0 6 5 1 -0.04071248452457601 0.1164213805041072 
0 2 2.5 1 -0.4278659391821872 -0.08515825476205957 
0 4 2.5 1 -0.251982404977981 -0.107053971472362 
0 4 5 1 -0.2289075178739064 0.1323179168131465 
0 2 5 1 -0.4060849884746674 0.1472838170519733 
0.5 0.5 -0.5 1 -0.5464011024436526 -0.3259200068064987 
0.5 0.5 6 1 -0.494330220105086 0.238548739880482 
10.5 0.5 -0.5 1 -0.2204207332116226 -0.1757026909867499 
10.5 0.5 6 1 -0.1910226363391438 0.1274453630300903 
10.5 10.5 -0.5 1 0.2581690887045239 -0.2403923753518658 
10.5 10.5 6 1 0.292272209813845 0.08648950367308231 
0.5 10.5 -0.5 1 0.3566505748876627 -0.4785728862238982 
0.5 10.5 6 1 0.425972271849325 0.1741396253994621 
0.5 5.5 9.5 1 -0.03543521558153675 0.5393344396375829 
10.5 5.5 9.5 1 0.05855341236019247 0.2783772525638306 
0.5 6.5 -0.5 1 -0.03667335939668583 -0.4120849624212193 
0.5 8.5 -0.5 1 0.1539846722299689 -0.4443140122557444 
0.5 8.5 4.5 1 0.2040532900408831 0.04147108088526568 
0.5 6.5 4.5 1 0.01053454569687754 0.0594367246737089 
0.5 2.5 2 1 -0.3649738035692416 -0.1311018257179801 
0.5 4.5 2 1 -0.1941426702180243 -0.1534690093041607 
0.5 4.5 4.5 1 -0.1717706749470284 0.07636134180040845 
0.5 2.5 4.5 1 -0.3438095869124761 0.09233286859281202 
