0.2750218408790159 -0.22473086000778 0.2426568928388971 0.09783906888534562 
0.5486754138929621 -0.4483436560354217 0.484106537454715 0.1951913762339482 
-0.4413784819060685 -0.5476803890173403 -0.5059473583443156 0.09585464325202964 
-0.2212395881873311 -0.2745230877618089 -0.2536045362274499 0.0480468411313166 
0.2750218408790159 -0.22473086000778 0.5486754138929621 -0.4483436560354217 
0.5486754138929621 -0.4483436560354217 -0.4413784819060685 -0.5476803890173403 
-0.4413784819060685 -0.5476803890173403 -0.2212395881873311 -0.2745230877618089 
-0.2212395881873311 -0.2745230877618089 0.2750218408790159 -0.22473086000778 
0.2426568928388971 0.09783906888534562 -0.0229011014081866 0.2466344551815526 
-0.0229011014081866 0.2466344551815526 -0.2536045362274499 0.0480468411313166 
0.484106537454715 0.1951913762339482 -0.04568826698847176 0.4920418732726496 
-0.04568826698847176 0.4920418732726496 -0.5059473583443156 0.09585464325202964 
-0.0229011014081866 0.2466344551815526 -0.04568826698847176 0.4920418732726496 
0.2426568928388971 0.09783906888534562 0.484106537454715 0.1951913762339482 
-0.2536045362274499 0.0480468411313166 -0.5059473583443156 0.09585464325202964 
-0.02273501656079228 -0.2546061966601973 -0.1219873023740617 -0.2645646422110032 
-0.1219873023740617 -0.2645646422110032 -0.1468834162510761 -0.01643392767782961 
-0.1468834162510761 -0.01643392767782961 -0.04763113043780676 -0.00647548212702383 
-0.04763113043780676 -0.00647548212702383 -0.02273501656079228 -0.2546061966601973 
0.1633214981272393 -0.110623948291999 0.06406921231396989 -0.1205823938428048 
0.06406921231396989 -0.1205823938428048 0.05162115537546263 0.003482963423781954 
0.05162115537546263 0.003482963423781954 0.1508734411887321 0.01344140897458778 
0.1508734411887321 0.01344140897458778 0.1633214981272393 -0.110623948291999 
