0.2719834581523901 -0.2045155476833573 0.2493171158663161 0.1463117937220828 
0.02492224867088837 -0.507261651683785 -0.03470113168480797 0.14955755327852 
-0.5707810263674529 -0.361565597410072 -0.6351532193956707 0.07593094848257848 
-0.1553143128963599 -0.1754963517528625 -0.1843854893086871 0.1012534887615607 
0.2719834581523901 -0.2045155476833573 0.02492224867088837 -0.507261651683785 
0.02492224867088837 -0.507261651683785 -0.5707810263674529 -0.361565597410072 
-0.5707810263674529 -0.361565597410072 -0.1553143128963599 -0.1754963517528625 
-0.1553143128963599 -0.1754963517528625 0.2719834581523901 -0.2045155476833573 
0.2493171158663161 0.1463117937220828 -0.008622854579587494 0.2953704081502289 
-0.008622854579587494 0.2953704081502289 -0.1843854893086871 0.1012534887615607 
-0.03470113168480797 0.14955755327852 -0.4352565607121479 0.4107606407502583 
-0.4352565607121479 0.4107606407502583 -0.6351532193956707 0.07593094848257848 
-0.008622854579587494 0.2953704081502289 -0.4352565607121479 0.4107606407502583 
0.2493171158663161 0.1463117937220828 -0.03470113168480797 0.14955755327852 
-0.1843854893086871 0.1012534887615607 -0.6351532193956707 0.07593094848257848 
-0.007644474447376844 -0.1855250957934829 -0.08468198107579403 -0.1802932255373852 
-0.08468198107579403 -0.1802932255373852 -0.1064103406112095 0.04057692677696188 
-0.1064103406112095 0.04057692677696188 -0.02868665681450585 0.04546478554619607 
-0.02868665681450585 0.04546478554619607 -0.007644474447376844 -0.1855250957934829 
0.1601411040130211 -0.07192932327570579 0.06676510546190614 -0.07159192676269729 
0.06676510546190614 -0.07159192676269729 0.05659016433611083 0.0508276432713099 
0.05659016433611083 0.0508276432713099 0.1505773664422609 0.05673827626719233 
0.1505773664422609 0.05673827626719233 0.1601411040130211 -0.07192932327570579 
