0 0 0 1 0.4019570090363745 -0.5094796776960805 
0 0 6.5 1 0.3411164186842217 0.03757829431187507 
10 0 0 1 -0.2739112038497204 -0.4495564656139698 
10 0 6.5 1 -0.2752754691633174 -0.04205237152086942 
10 10 0 1 2.539555528676812e-05 -0.3411489130869599 
10 10 6.5 1 -0.01265265058611462 -0.07892089692633739 
0 10 0 1 0.4383750857522085 -0.3529001371910037 
0 10 6.5 1 0.4007269292652765 -0.03923982017983905 
0 5 10 1 0.3559917137165862 0.183238548946095 
10 5 10 1 -0.121435283856747 0.09412480779060604 
0 6 0 1 0.4284011320534371 -0.3957831565046931 
0 8 0 1 0.4338624143315664 -0.3723023704008457 
0 8 5 1 0.402085952390572 -0.1050751619507997 
0 6 5 1 0.3937070834680224 -0.1006899759599044 
0 2 2.5 1 0.3912326795626606 -0.2692964129463727 
0 4 2.5 1 0.402037976061827 -0.2555431260741762 
0 4 5 1 0.383464956469293 -0.09532963051865687 
0 2 5 1 0.370660306154044 -0.08862815640564997 
0.5 0.5 -0.5 1 0.3660665144535992 -0.5363527967843987 
0.5 0.5 6 1 0.3108341744448733 -0.01050000134542805 
10.5 0.5 -0.5 1 -0.2770908322929662 -0.4716326599817779 
10.5 0.5 6 1 -0.278208594971277 -0.0760053035228028 
10.5 10.5 -0.5 1 -0.008206511231083591 -0.3578873515112987 
10.5 10.5 6 1 -0.02026440773108182 -0.1006151649837163 
0.5 10.5 -0.5 1 0.4166649887797137 -0.3726488691950137 
0.5 10.5 6 1 0.3810693404522305 -0.06604957717093991 
0.5 5.5 9.5 1 0.333590053349391 0.1438815742393749 
10.5 5.5 9.5 1 -0.127599781156464 0.06434288964579023 
0.5 6.5 -0.5 1 0.4025999366747768 -0.4181542782412933 
0.5 8.5 -0.5 1 0.4102815816237311 -0.3933014449248948 
0.5 8.5 4.5 1 0.3804024729204867 -0.132735227598669 
0.5 6.5 4.5 1 0.3701808779322919 -0.1311679049154907 
0.5 2.5 2 1 0.3612779680554955 -0.3015532480792761 
0.5 4.5 2 1 0.375003837465571 -0.2847295378686055 
0.5 4.5 4.5 1 0.3577642687723566 -0.1292640109334849 
0.5 2.5 4.5 1 0.3423605519296822 -0.1269020904268848 
