0 0 0 1 0.4003352421319797 -0.4982519102764865 
0 0 6.5 1 0.3376210822322482 0.05185322901122954 
10 0 0 1 -0.2689688894582758 -0.4386186108927251 
10 0 6.5 1 -0.2735195158861625 -0.03427904927627571 
10 10 0 1 0.009673890273019854 -0.3310917760829083 
10 10 6.5 1 -0.004814562750967201 -0.06953700483920873 
0 10 0 1 0.4486788323766244 -0.3417121448827519 
0 10 6.5 1 0.4094107536237937 -0.02611857598968651 
0 5 10 1 0.3592156325525044 0.1985835945969797 
10 5 10 1 -0.1174432843848442 0.1027324966352761 
0 6 0 1 0.4354298124281163 -0.3846133539973586 
0 8 0 1 0.442683531726591 -0.3611253277364006 
0 8 5 1 0.4095999375382217 -0.09238414871308449 
0 6 5 1 0.3993718544851591 -0.08788656077200767 
0 2 2.5 1 0.3925332092571853 -0.2573129384116652 
0 4 2.5 1 0.4061477893449458 -0.243615851251954 
0 4 5 1 0.3868688484747737 -0.08238862252025654 
0 2 5 1 0.371236972213242 -0.07551482830040833 
0.5 0.5 -0.5 1 0.3654374536621242 -0.5251862191473107 
0.5 0.5 6 1 0.308299260126302 0.002925611998620259 
10.5 0.5 -0.5 1 -0.2711015001668004 -0.4604870399936075 
10.5 0.5 6 1 -0.2753727764724936 -0.06815142527907776 
10.5 10.5 -0.5 1 0.001916020247021401 -0.3477918716127015 
10.5 10.5 6 1 -0.01194161511733544 -0.0913004387143795 
0.5 10.5 -0.5 1 0.427162051700105 -0.3616145979192967 
0.5 10.5 6 1 0.3899680027424707 -0.0533595269258989 
0.5 5.5 9.5 1 0.3372595619341285 0.1584189930490931 
10.5 5.5 9.5 1 -0.1228933902005451 0.07283761936643564 
0.5 6.5 -0.5 1 0.4099873587618366 -0.4071279338875155 
0.5 8.5 -0.5 1 0.4193657260153116 -0.382275042416619 
0.5 8.5 4.5 1 0.3881951702695111 -0.1204478957767913 
0.5 6.5 4.5 1 0.376217743067418 -0.1188125586517017 
0.5 2.5 2 1 0.3632668085555972 -0.2899077989988062 
0.5 4.5 2 1 0.3796108003321889 -0.273118023257695 
0.5 4.5 4.5 1 0.36166998318979 -0.1168262813474558 
0.5 2.5 4.5 1 0.3436250599859229 -0.1143625191106444 
