-0.08296489163392058 -0.03570082986571193 -0.07266279076474648 0.2156574155099403 
0.3118843125229846 -0.08072971064513444 0.3422680393817664 0.1978964528468196 
0.3251569505858106 -0.2367621433394773 0.3785640154397216 0.2301321993174976 
-0.2937664464384327 -0.1419242296517809 -0.2917164862376468 0.2531558990246776 
-0.08296489163392058 -0.03570082986571193 0.3118843125229846 -0.08072971064513444 
0.3118843125229846 -0.08072971064513444 0.3251569505858106 -0.2367621433394773 
0.3251569505858106 -0.2367621433394773 -0.2937664464384327 -0.1419242296517809 
-0.2937664464384327 -0.1419242296517809 -0.08296489163392058 -0.03570082986571193 
-0.07266279076474648 0.2156574155099403 -0.1520207987567794 0.409309254468581 
-0.1520207987567794 0.409309254468581 -0.2917164862376468 0.2531558990246776 
0.3422680393817664 0.1978964528468196 0.3784710271765319 0.4157242536427583 
0.3784710271765319 0.4157242536427583 0.3785640154397216 0.2301321993174976 
-0.1520207987567794 0.409309254468581 0.3784710271765319 0.4157242536427583 
-0.07266279076474648 0.2156574155099403 0.3422680393817664 0.1978964528468196 
-0.2917164862376468 0.2531558990246776 0.3785640154397216 0.2301321993174976 
-0.1862241920845757 -0.08773343448085098 -0.2345602531755918 -0.1120900894690758 
-0.2345602531755918 -0.1120900894690758 -0.2304255603530403 0.1568289484306256 
-0.2304255603530403 0.1568289484306256 -0.1804571850436195 0.1564852824067132 
-0.1804571850436195 0.1564852824067132 -0.1862241920845757 -0.08773343448085098 
-0.1083834158896114 0.05101947867351469 -0.1426787189692677 0.04226362016671557 
-0.1426787189692677 0.04226362016671557 -0.139213274144688 0.1562016203748487 
-0.139213274144688 0.1562016203748487 -0.1045923525559714 0.1559635090815977 
-0.1045923525559714 0.1559635090815977 -0.1083834158896114 0.05101947867351469 
