0 0 0 1 0.3699062455786037 -0.6859369412305011 
0 0 6.5 1 0.3504618317326736 -0.1671759412032425 
10 0 0 1 -0.3569637231768362 -0.6067305021517635 
10 0 6.5 1 -0.3169211370772934 -0.1517696925861656 
10 10 0 1 -0.142630415202846 -0.4431934075309867 
10 10 6.5 1 -0.1283186198778448 -0.1697559059617442 
0 10 0 1 0.2867555108154923 -0.4754517946528695 
0 10 6.5 1 0.2796301763069775 -0.1801776654306389 
0 5 10 1 0.3006099634845229 0.007457503390609 
10 5 10 1 -0.1893562239847459 0.004519902774197973 
0 6 0 1 0.3095881492306137 -0.5332496151682568 
0 8 0 1 0.297091646521122 -0.5016163624735128 
0 8 5 1 0.290582271090974 -0.2497532854594827 
0 6 5 1 0.3018207655145199 -0.2548057171769138 
0 2 2.5 1 0.3383891563396677 -0.4395781577469239 
0 4 2.5 1 0.3201386628068909 -0.4122768487746231 
0 4 5 1 0.3155399498048852 -0.2609733797866581 
0 2 5 1 0.3326630681416169 -0.2686713313916858 
0.5 0.5 -0.5 1 0.3246004341527543 -0.7059403341864247 
0.5 0.5 6 1 0.3096839084369588 -0.2025683079237045 
10.5 0.5 -0.5 1 -0.3738275102596353 -0.6269250247912803 
10.5 0.5 6 1 -0.3336721248242887 -0.1838043336695559 
10.5 10.5 -0.5 1 -0.1570057084416009 -0.4586076150057327 
10.5 10.5 6 1 -0.1422689235763626 -0.1894647851794223 
0.5 10.5 -0.5 1 0.2623530796644966 -0.4913684853879723 
0.5 10.5 6 1 0.2566213603904429 -0.2011043633316727 
0.5 5.5 9.5 1 0.2722842704177439 -0.02232766016659644 
10.5 5.5 9.5 1 -0.2046523087242883 -0.02280819888944944 
0.5 6.5 -0.5 1 0.2796412773543084 -0.5509623520059637 
0.5 8.5 -0.5 1 0.2701978835631701 -0.5184101820164966 
0.5 8.5 4.5 1 0.265000069035401 -0.2712915140286889 
0.5 6.5 4.5 1 0.2734884282633519 -0.2783132165081411 
0.5 2.5 2 1 0.3010474371628158 -0.4640015426622531 
0.5 4.5 2 1 0.287413344314188 -0.4347452720151284 
0.5 4.5 4.5 1 0.2838009531864324 -0.28684389715881 
0.5 2.5 4.5 1 0.2965964596231698 -0.2974285386495748 
