0 0 0 1 0.4033212610303095 -0.5902390763868564 
0 0 6.5 1 0.3535404616669847 -0.05035363066368925 
10 0 0 1 -0.3003700704371095 -0.5189971351486244 
10 0 6.5 1 -0.2865936958158574 -0.09323536345268921 
10 10 0 1 -0.04704455474168406 -0.3942663531130598 
10 10 6.5 1 -0.05056896166542928 -0.1273051381019773 
0 10 0 1 0.3894070738835516 -0.4148328768687612 
0 10 6.5 1 0.3609089943894814 -0.1071366832067261 
0 5 10 1 0.340705585455415 0.1028754712825821 
10 5 10 1 -0.1420621203212251 0.04704249157574583 
0 6 0 1 0.3932076715193262 -0.4627442913234677 
0 8 0 1 0.3911256938115312 -0.4364982883515448 
0 8 5 1 0.3668129749680244 -0.1738436813456372 
0 6 5 1 0.3663503873307184 -0.1724035628590322 
0 2 2.5 1 0.3814864821671671 -0.3461619063753973 
0 4 2.5 1 0.3803334820871635 -0.3280518765325229 
0 4 5 1 0.3657848057217278 -0.17064280562061 
0 2 5 1 0.3650775242321532 -0.1684409111767765 
0.5 0.5 -0.5 1 0.3631210974249001 -0.6149280907567491 
0.5 0.5 6 1 0.3189493949833536 -0.09369312379151012 
10.5 0.5 -0.5 1 -0.3084197967633349 -0.5408847302728449 
10.5 0.5 6 1 -0.2944796306496129 -0.1267837476065087 
10.5 10.5 -0.5 1 -0.05750280203948605 -0.4107244656312807 
10.5 10.5 6 1 -0.06045601898866405 -0.1483745753316073 
0.5 10.5 -0.5 1 0.3666579839354143 -0.4333091188071401 
0.5 10.5 6 1 0.3400645665890616 -0.1317246849424611 
0.5 5.5 9.5 1 0.3161049092467417 0.06732121144738278 
10.5 5.5 9.5 1 -0.1515172008673615 0.01810818632935337 
0.5 6.5 -0.5 1 0.3656786572123964 -0.4835975043995425 
0.5 8.5 -0.5 1 0.3662138819257951 -0.4561137381207719 
0.5 8.5 4.5 1 0.3436781101235635 -0.1992529841225675 
0.5 6.5 4.5 1 0.3409759236447657 -0.2003272142311066 
0.5 2.5 2 1 0.3484030233420846 -0.375729228154956 
0.5 4.5 2 1 0.3509591436632999 -0.3549155037822337 
0.5 4.5 4.5 1 0.3376907722119284 -0.2016331968522002 
0.5 2.5 4.5 1 0.3336111938595506 -0.2032549968022238 
