0 0 0 1 -0.643849713990423 -0.5319125322180419 
0 0 6.5 1 -0.5886901417725339 -0.08932092454847015 
10 0 0 1 -0.1514585661218315 -0.4193903289953173 
10 0 6.5 1 -0.1411224209817803 -0.128397275279706 
10 10 0 1 0.2765155617681152 -0.5011005122122454 
10 10 6.5 1 0.2593766946655143 -0.1074503860096881 
0 10 0 1 -0.167369520131762 -0.763109890179652 
0 10 6.5 1 -0.1408152496977574 -0.02892431924423043 
0 5 10 1 -0.3928041313415392 0.1882477159894491 
10 5 10 1 0.03086038563624812 0.04414973099066834 
0 6 0 1 -0.4190213405003533 -0.6410035849326675 
0 8 0 1 -0.3082388014817705 -0.6947574044187569 
0 8 5 1 -0.2766829158588511 -0.1822087023000504 
0 6 5 1 -0.3814847117577827 -0.1831093825058768 
0 2 2.5 1 -0.5600663260427852 -0.3664813884848286 
0 4 2.5 1 -0.4872072356816369 -0.3827201900150335 
0 4 5 1 -0.4675713988049509 -0.1838492226426177 
0 2 5 1 -0.5395451663742894 -0.1844677745217378 
0.5 0.5 -0.5 1 -0.5965236924150727 -0.5672223610400179 
0.5 0.5 6 1 -0.545169783087204 -0.1216407094712461 
10.5 0.5 -0.5 1 -0.1204771620462152 -0.4423994206629907 
10.5 0.5 6 1 -0.1118185539698138 -0.1500980751164031 
10.5 10.5 -0.5 1 0.3187320895990844 -0.5323827460558391 
10.5 10.5 6 1 0.2985383771312073 -0.1363628849504788 
0.5 10.5 -0.5 1 -0.08762167783602687 -0.8225388390759943 
0.5 10.5 6 1 -0.07130944246520994 -0.08034699144527783 
0.5 5.5 9.5 1 -0.3419844429063427 0.150660810250539 
10.5 5.5 9.5 1 0.06330151631545856 0.02019496299018096 
0.5 6.5 -0.5 1 -0.3564261766474122 -0.6876794438473895 
0.5 8.5 -0.5 1 -0.2381007085590176 -0.7470434096184363 
0.5 8.5 4.5 1 -0.2129030894035922 -0.2295106821589755 
0.5 6.5 4.5 1 -0.3240036051873619 -0.2257722418628453 
0.5 2.5 2 1 -0.5103708693319411 -0.4034780059369537 
0.5 4.5 2 1 -0.4328725483587967 -0.4231557958550549 
0.5 4.5 4.5 1 -0.4152567898915973 -0.2227016478116665 
0.5 2.5 4.5 1 -0.491544930841105 -0.2201346150825154 
