0 0 0 1 -0.5314024213602819 -0.4476611295255795 
0 0 6.5 1 -0.5162297412086807 -0.07114924343154237 
10 0 0 1 -0.0697060365186796 -0.3565881407336834 
10 0 6.5 1 -0.07934686797604565 -0.08380478886066302 
10 10 0 1 0.3012887153094835 -0.4170844662252395 
10 10 6.5 1 0.263967418971705 -0.02691671088164132 
0 10 0 1 -0.2550241945710393 -0.616035319204179 
0 10 6.5 1 -0.2579515437836562 0.02825451902161569 
0 5 10 1 -0.4139668586357571 0.1930895183553037 
10 5 10 1 0.0531640712800532 0.0989693043436425 
0 6 0 1 -0.4034970995702028 -0.5255831683278899 
0 8 0 1 -0.3388447701694502 -0.564970437361882 
0 8 5 1 -0.3349452709296061 -0.1219164412060559 
0 6 5 1 -0.3959320829479008 -0.132476482050432 
0 2 2.5 1 -0.4910155526770096 -0.3041211332686115 
0 4 2.5 1 -0.4498561465499048 -0.3124496301554003 
0 4 5 1 -0.4451173165275691 -0.1409930458509085 
0 2 5 1 -0.4856243589122712 -0.1480069560375734 
0.5 0.5 -0.5 1 -0.492498614905164 -0.4772608352114939 
0.5 0.5 6 1 -0.4796227884768581 -0.09638304726495649 
10.5 0.5 -0.5 1 -0.03924249653664155 -0.3774711923950244 
10.5 0.5 6 1 -0.05031021867391286 -0.1023912892869271 
10.5 10.5 -0.5 1 0.3481827650571468 -0.4477748624062742 
10.5 10.5 6 1 0.307586425812467 -0.05289290615968825 
0.5 10.5 -0.5 1 -0.1834427286074316 -0.6699700984820266 
0.5 10.5 6 1 -0.1937889763157447 -0.01284183793970296 
0.5 5.5 9.5 1 -0.3691417418908981 0.1649052147281657 
10.5 5.5 9.5 1 0.08703259544382907 0.07880172498693608 
0.5 6.5 -0.5 1 -0.3498809100564584 -0.566188935432991 
0.5 8.5 -0.5 1 -0.2775232147113953 -0.6113069829451733 
0.5 8.5 4.5 1 -0.2779656669453993 -0.160439428622808 
0.5 6.5 4.5 1 -0.3456642387883441 -0.1669312201824287 
0.5 2.5 2 1 -0.4492986818300016 -0.3345273530156025 
0.5 4.5 2 1 -0.4036027924318994 -0.3459798371937912 
0.5 4.5 4.5 1 -0.4001552742691687 -0.1721565068403225 
0.5 2.5 4.5 1 -0.4449603115393033 -0.1764529780192645 
