0.2277768495836086 -0.4630555090787127 0.1762991980870329 0.1623007259185027 
-0.2268300313354132 -0.2738347441716026 -0.2670047441618192 0.08577496613534265 
0.1415626855413829 -0.1552839590876014 0.1186346785583183 0.1102030622845516 
0.5890377999655223 -0.218751856328928 0.5670374917322873 0.1680858450103349 
0.2277768495836086 -0.4630555090787127 -0.2268300313354132 -0.2738347441716026 
-0.2268300313354132 -0.2738347441716026 0.1415626855413829 -0.1552839590876014 
0.1415626855413829 -0.1552839590876014 0.5890377999655223 -0.218751856328928 
0.5890377999655223 -0.218751856328928 0.2277768495836086 -0.4630555090787127 
0.1762991980870329 0.1623007259185027 0.4012446921078898 0.4362099972506326 
0.4012446921078898 0.4362099972506326 0.5670374917322873 0.1680858450103349 
-0.2670047441618192 0.08577496613534265 -0.06087910887949024 0.2695652565674435 
-0.06087910887949024 0.2695652565674435 0.1186346785583183 0.1102030622845516 
0.4012446921078898 0.4362099972506326 -0.06087910887949024 0.2695652565674435 
0.1762991980870329 0.1623007259185027 -0.2670047441618192 0.08577496613534265 
0.5670374917322873 0.1680858450103349 0.1186346785583183 0.1102030622845516 
0.4835845067032179 -0.2900649188429911 0.5406683025637725 -0.2514618541419392 
0.5406683025637725 -0.2514618541419392 0.5213900269060566 0.06861121502526402 
0.5213900269060566 0.06861121502526402 0.461194708557397 0.05861210685567362 
0.461194708557397 0.05861210685567362 0.4835845067032179 -0.2900649188429911 
0.3161080404729571 -0.1834424896648433 0.4021541063947037 -0.1472979339846719 
0.4021541063947037 -0.1472979339846719 0.3887740329516822 0.04658223162680574 
0.3887740329516822 0.04658223162680574 0.299982695028839 0.03183300831892814 
0.299982695028839 0.03183300831892814 0.3161080404729571 -0.1834424896648433 
