0.2889466796746492 -0.2701710971078792 0.2531730098944167 0.07763325639129279 
0.2168449904274205 -0.5738370080033264 0.145146793414574 0.130375391561964 
-0.586830127794212 -0.496482857654638 -0.6351144615825678 0.01838926555403144 
-0.1816342878541335 -0.2727690637192947 -0.2105069893323296 0.02157553953744201 
0.2889466796746492 -0.2701710971078792 0.2168449904274205 -0.5738370080033264 
0.2168449904274205 -0.5738370080033264 -0.586830127794212 -0.496482857654638 
-0.586830127794212 -0.496482857654638 -0.1816342878541335 -0.2727690637192947 
-0.1816342878541335 -0.2727690637192947 0.2889466796746492 -0.2701710971078792 
0.2531730098944167 0.07763325639129279 -0.01510164529641339 0.2181079152833317 
-0.01510164529641339 0.2181079152833317 -0.2105069893323296 0.02157553953744201 
0.145146793414574 0.130375391561964 -0.3362651197980475 0.3830562145550822 
-0.3362651197980475 0.3830562145550822 -0.6351144615825678 0.01838926555403144 
-0.01510164529641339 0.2181079152833317 -0.3362651197980475 0.3830562145550822 
0.2531730098944167 0.07763325639129279 0.145146793414574 0.130375391561964 
-0.2105069893323296 0.02157553953744201 -0.6351144615825678 0.01838926555403144 
-0.01196038631486485 -0.2718323340990075 -0.09949674570196806 -0.2723156017079098 
-0.09949674570196806 -0.2723156017079098 -0.1226215765517708 -0.03854974671471816 
-0.1226215765517708 -0.03854974671471816 -0.03605718861418543 -0.03040383132913346 
-0.03605718861418543 -0.03040383132913346 -0.01196038631486485 -0.2718323340990075 
0.1684236954648982 -0.1414114269962591 0.06893442086960631 -0.1463531502265755 
0.06893442086960631 -0.1463531502265755 0.05637547587216117 -0.02170569712280365 
0.05637547587216117 -0.02170569712280365 0.1552940762433005 -0.01239722087891508 
0.1552940762433005 -0.01239722087891508 0.1684236954648982 -0.1414114269962591 
