0.4039390814331135 -0.540674052750464 0.3474702854362211 0.002109268968890752 
-0.2847659270383371 -0.4771164596301428 -0.2795439396899627 -0.06223285819863082 
-0.02011192668109937 -0.3637791270631376 -0.02890679059531329 -0.09973729105422688 
0.4172506665541632 -0.3789376698875429 0.3833138942178486 -0.06837888443786594 
0.4039390814331135 -0.540674052750464 -0.2847659270383371 -0.4771164596301428 
-0.2847659270383371 -0.4771164596301428 -0.02011192668109937 -0.3637791270631376 
-0.02011192668109937 -0.3637791270631376 0.4172506665541632 -0.3789376698875429 
0.4172506665541632 -0.3789376698875429 0.4039390814331135 -0.540674052750464 
0.3474702854362211 0.002109268968890752 0.3495078614163754 0.1489731749096773 
0.3495078614163754 0.1489731749096773 0.3833138942178486 -0.06837888443786594 
-0.2795439396899627 -0.06223285819863082 -0.1299906684585978 0.07429191435305661 
-0.1299906684585978 0.07429191435305661 -0.02890679059531329 -0.09973729105422688 
0.3495078614163754 0.1489731749096773 -0.1299906684585978 0.07429191435305661 
0.3474702854362211 0.002109268968890752 -0.2795439396899627 -0.06223285819863082 
0.3833138942178486 -0.06837888443786594 -0.02890679059531329 -0.09973729105422688 
0.4136097028365813 -0.4231755496337815 0.4156037697845812 -0.3989475427943862 
0.4156037697845812 -0.3989475427943862 0.3868397979596093 -0.1341155875067486 
0.3868397979596093 -0.1341155875067486 0.3820677074312188 -0.1306160322951762 
0.3820677074312188 -0.1306160322951762 0.4136097028365813 -0.4231755496337815 
0.387845437790718 -0.299988038868623 0.3931862064844912 -0.2850099868939298 
0.3931862064844912 -0.2850099868939298 0.3762342100555013 -0.1263381071339847 
0.3762342100555013 -0.1263381071339847 0.3689408803406065 -0.1209896314792102 
0.3689408803406065 -0.1209896314792102 0.387845437790718 -0.299988038868623 
