-0.01207063542153319 -0.2359025902716745 -0.0468426102354884 0.4635710000341973 
-0.2475787678239355 -0.05081258646292874 -0.2803488969699788 0.3097194177501021 
0.1852949504462727 0.01051799894075827 0.1817964127620315 0.3023571523311175 
0.6159078604880297 -0.0799640919812865 0.6478672148476753 0.399961672574039 
-0.01207063542153319 -0.2359025902716745 -0.2475787678239355 -0.05081258646292874 
-0.2475787678239355 -0.05081258646292874 0.1852949504462727 0.01051799894075827 
0.1852949504462727 0.01051799894075827 0.6159078604880297 -0.0799640919812865 
0.6159078604880297 -0.0799640919812865 -0.01207063542153319 -0.2359025902716745 
-0.0468426102354884 0.4635710000341973 0.3771163207329196 0.7845814584094033 
0.3771163207329196 0.7845814584094033 0.6478672148476753 0.399961672574039 
-0.2803488969699788 0.3097194177501021 -0.03261547727561749 0.4954157566628123 
-0.03261547727561749 0.4954157566628123 0.1817964127620315 0.3023571523311175 
0.3771163207329196 0.7845814584094033 -0.03261547727561749 0.4954157566628123 
-0.0468426102354884 0.4635710000341973 -0.2803488969699788 0.3097194177501021 
0.6478672148476753 0.399961672574039 0.1817964127620315 0.3023571523311175 
0.4173723168474313 -0.1292640835164095 0.523123386298313 -0.1030041668629133 
0.523123386298313 -0.1030041668629133 0.5423328347235565 0.2825123005963409 
0.5423328347235565 0.2825123005963409 0.4299729895946455 0.2832419040396497 
0.4299729895946455 0.2832419040396497 0.4173723168474313 -0.1292640835164095 
0.1501462746289254 0.03496582722161916 0.2974653898345611 0.0535401953423156 
0.2974653898345611 0.0535401953423156 0.2993411463799671 0.2840901558551079 
0.2993411463799671 0.2840901558551079 0.1455857238794558 0.2850885595602311 
0.1455857238794558 0.2850885595602311 0.1501462746289254 0.03496582722161916 
