0 0 0 1 0.1284529040981615 -0.3345032668839554 
0 0 6.5 1 0.08546003162857835 0.3219519992548077 
10 0 0 1 -0.2378118882357592 -0.1539932792252755 
10 0 6.5 1 -0.2774337798721891 0.2044646450622742 
10 10 0 1 0.1591633036040657 -0.06225294318543978 
10 10 6.5 1 0.1428091433447602 0.2130923626645997 
0 10 0 1 0.6024991274618737 -0.1311452851294968 
0 10 6.5 1 0.6009189874024501 0.2915204263651021 
0 5 10 1 0.3937796356936601 0.6092106578675328 
10 5 10 1 -0.0530668706103613 0.3874384563849804 
0 6 0 1 0.4597657598028148 -0.1923755368340719 
0 8 0 1 0.536566608135305 -0.1594292443752825 
0 8 5 1 0.5323741873341576 0.1860151435683735 
0 6 5 1 0.4515462141855721 0.1813268668450248 
0 2 2.5 1 0.2502788603467934 -0.06064379658766526 
0 4 2.5 1 0.3624783146967436 -0.03292338044094299 
0 4 5 1 0.35543932231525 0.1757523647691071 
0 2 5 1 0.2392690446280701 0.1690141231974107 
0.5 0.5 -0.5 1 0.1346558339148569 -0.3480022320860504 
0.5 0.5 6 1 0.09533778966253117 0.2587626712643456 
10.5 0.5 -0.5 1 -0.2199034298563089 -0.1687852278077293 
10.5 0.5 6 1 -0.2571211379670278 0.1743540363542419 
10.5 10.5 -0.5 1 0.1609750855670202 -0.07649407427801631 
10.5 10.5 6 1 0.1451949545427237 0.1897314675479013 
0.5 10.5 -0.5 1 0.5850561741320033 -0.149330752238117 
0.5 10.5 6 1 0.5826619954403573 0.2522123412162486 
0.5 5.5 9.5 1 0.3832652765804104 0.5406797795105213 
10.5 5.5 9.5 1 -0.04320526089180855 0.3541198110366522 
0.5 6.5 -0.5 1 0.4471010237967661 -0.2101827352906429 
0.5 8.5 -0.5 1 0.5210747728981179 -0.1775529326648727 
0.5 8.5 4.5 1 0.516449304095418 0.1495913021879785 
0.5 6.5 4.5 1 0.4387618143378199 0.1421880262762885 
0.5 2.5 2 1 0.2482677418062743 -0.09072151288363295 
0.5 4.5 2 1 0.3540913356065513 -0.0620107331211102 
0.5 4.5 4.5 1 0.3472674402204357 0.133469015042023 
0.5 2.5 4.5 1 0.2379264991682774 0.1230493045123262 
