0 0 0 1 0.2922848656137212 -0.2865451278185672 
0 0 6.5 1 0.2533801741419584 0.05811500167506031 
10 0 0 1 0.3472388160965889 -0.5334920546637091 
10 0 6.5 1 0.2653351674010108 0.1787465242955273 
10 10 0 1 -0.5872836035544441 -0.520882734085802 
10 10 6.5 1 -0.611370069290041 0.05257967121536462 
0 10 0 1 -0.2024789038604796 -0.3066718376159955 
0 10 6.5 1 -0.2251062802312178 0.001883035293336505 
0 5 10 1 -0.01476552063722795 0.1968542885417975 
10 5 10 1 -0.2436741568408469 0.425533550250888 
0 6 0 1 -0.01808856491215548 -0.2991709431074782 
0 8 0 1 -0.1123357242573749 -0.3030048641469857 
0 8 5 1 -0.131971935398398 -0.05916413015867498 
0 6 5 1 -0.04003267428034066 -0.04996568051912176 
0 2 2.5 1 0.1701680517433807 -0.159249691162197 
0 4 2.5 1 0.06820085961540506 -0.1664470062988443 
0 4 5 1 0.05610292506690683 -0.04034739059150953 
0 2 5 1 0.156728869330169 -0.03027984524165562 
0.5 0.5 -0.5 1 0.2683900570089549 -0.321627008027777 
0.5 0.5 6 1 0.2293012140336116 0.03159113357141147 
10.5 0.5 -0.5 1 0.2987691013379764 -0.6205031313502536 
10.5 0.5 6 1 0.2159548689229087 0.1292481762736552 
10.5 10.5 -0.5 1 -0.6612018587445276 -0.5890601132695357 
10.5 10.5 6 1 -0.6827282380836657 0.008444094522582882 
0.5 10.5 -0.5 1 -0.2336635607168401 -0.3382623660730886 
0.5 10.5 6 1 -0.2559537438038584 -0.02287090178379388 
0.5 5.5 9.5 1 -0.04262419422389407 0.17503347241099 
10.5 5.5 9.5 1 -0.3063855851478037 0.3924755613104026 
0.5 6.5 -0.5 1 -0.04684484610040179 -0.332072198135873 
0.5 8.5 -0.5 1 -0.1423759489107748 -0.3352375853447387 
0.5 8.5 4.5 1 -0.1618130596157515 -0.08584612991324321 
0.5 6.5 4.5 1 -0.06865887380731532 -0.07706573853381063 
0.5 2.5 2 1 0.1444409967095395 -0.1903318783233763 
0.5 4.5 2 1 0.04090702336025217 -0.1969506694399294 
0.5 4.5 4.5 1 0.02883675456336741 -0.06787613779339199 
0.5 2.5 4.5 1 0.1309845653151068 -0.05824803843136355 
