-0.3581395850191972 -0.3192361787568177 -0.38684704570268 -0.02109998513310897 
0.05136788311724904 -0.235061291372381 0.0261477345612999 0.01591724997628836 
0.3224101442067735 -0.3343217298456483 0.2823318282051134 0.05437790339939038 
-0.2971342541158736 -0.5118452588733997 -0.3469246758945292 0.002968878260217776 
-0.3581395850191972 -0.3192361787568177 0.05136788311724904 -0.235061291372381 
0.05136788311724904 -0.235061291372381 0.3224101442067735 -0.3343217298456483 
0.3224101442067735 -0.3343217298456483 -0.2971342541158736 -0.5118452588733997 
-0.2971342541158736 -0.5118452588733997 -0.3581395850191972 -0.3192361787568177 
-0.38684704570268 -0.02109998513310897 -0.3916838173921935 0.1898774063876369 
-0.3916838173921935 0.1898774063876369 -0.3469246758945292 0.002968878260217776 
0.0261477345612999 0.01591724997628836 0.1101284575594659 0.1944814917797993 
0.1101284575594659 0.1944814917797993 0.2823318282051134 0.05437790339939038 
-0.3916838173921935 0.1898774063876369 0.1101284575594659 0.1944814917797993 
-0.38684704570268 -0.02109998513310897 0.0261477345612999 0.01591724997628836 
-0.3469246758945292 0.002968878260217776 0.2823318282051134 0.05437790339939038 
-0.3297843009919691 -0.4087608988437187 -0.315532099954369 -0.4537586603645762 
-0.315532099954369 -0.4537586603645762 -0.3489622544738996 -0.107644811700044 
-0.3489622544738996 -0.107644811700044 -0.3594156840550985 -0.1016610095439146 
-0.3594156840550985 -0.1016610095439146 -0.3297843009919691 -0.4087608988437187 
-0.3625132062724535 -0.218130315543966 -0.3544725459307351 -0.2346893914368494 
-0.3544725459307351 -0.2346893914368494 -0.3677579878308559 -0.09688566811814513 
-0.3677579878308559 -0.09688566811814513 -0.3745700401269603 -0.09298628056303995 
-0.3745700401269603 -0.09298628056303995 -0.3625132062724535 -0.218130315543966 
