0 0 0 1 -0.1692908431127245 -0.3096215802251798 
0 0 6.5 1 -0.1946108557763034 0.3730350018384668 
10 0 0 1 -0.2474562452416545 -0.06300947033570611 
10 0 6.5 1 -0.2653003007083425 0.2850856496269005 
10 10 0 1 0.2108308262754198 -0.02687207385318481 
10 10 6.5 1 0.2236017867196124 0.2734598946261445 
0 10 0 1 0.5978047250145371 -0.1905414212961034 
0 10 6.5 1 0.6631244475418053 0.329584280197151 
0 5 10 1 0.319023719617967 0.7320268571685847 
10 5 10 1 -0.002097143611361981 0.4707162348760413 
0 6 0 1 0.3380017171816201 -0.2308719677735447 
0 8 0 1 0.474218084788359 -0.2097264060243717 
0 8 5 1 0.5151067301482022 0.1994454813517351 
0 6 5 1 0.3687128832537173 0.1991854443837714 
0 2 2.5 1 0.0198793103045735 -0.05263040454727357 
0 4 2.5 1 0.1956569711781768 -0.03816691891655907 
0 4 5 1 0.2050259036899046 0.1988946899103843 
0 2 5 1 0.0207892577926844 0.1985674334047099 
0.5 0.5 -0.5 1 -0.1281420579516127 -0.3228981795853487 
0.5 0.5 6 1 -0.1459288239293664 0.306235658522978 
10.5 0.5 -0.5 1 -0.2226218761305803 -0.0789273659716665 
10.5 0.5 6 1 -0.2380776934449842 0.2547897441922791 
10.5 10.5 -0.5 1 0.2181910056186128 -0.04182449485378523 
10.5 10.5 6 1 0.2309780146027819 0.2477526194543729 
0.5 10.5 -0.5 1 0.5900168657980398 -0.2070936592023935 
0.5 10.5 6 1 0.6507832232006655 0.2814742142826934 
0.5 5.5 9.5 1 0.3280195487128127 0.6455209321227516 
10.5 5.5 9.5 1 0.01436362613367207 0.4348981663239235 
0.5 6.5 -0.5 1 0.3442771029745818 -0.2467196729323461 
0.5 8.5 -0.5 1 0.4727951004260481 -0.2259958963931116 
0.5 8.5 4.5 1 0.5111621289541286 0.1577767399773705 
0.5 6.5 4.5 1 0.3736253009341574 0.1553528187430412 
0.5 2.5 2 1 0.04813263601621175 -0.08273119223247079 
0.5 4.5 2 1 0.2114320532814991 -0.06758191239089703 
0.5 4.5 4.5 1 0.2209029862434353 0.1526612715635394 
0.5 2.5 4.5 1 0.05033328219527299 0.1496551856043985 
