-0.6325860778327814 -0.3061521659697209 -0.5731813686126751 0.2689452855438692 
-0.2491211377038121 -0.1744954198937793 -0.2179754411882997 0.1324930339467117 
0.2361791997161935 -0.2421748629218719 0.2695493582652917 0.09486766231977604 
0.2853791631210049 -0.4712437571186126 0.3534915220212785 0.2191882461658511 
-0.6325860778327814 -0.3061521659697209 -0.2491211377038121 -0.1744954198937793 
-0.2491211377038121 -0.1744954198937793 0.2361791997161935 -0.2421748629218719 
0.2361791997161935 -0.2421748629218719 0.2853791631210049 -0.4712437571186126 
0.2853791631210049 -0.4712437571186126 -0.6325860778327814 -0.3061521659697209 
-0.5731813686126751 0.2689452855438692 -0.1178576092873919 0.5825956612042643 
-0.1178576092873919 0.5825956612042643 0.3534915220212785 0.2191882461658511 
-0.2179754411882997 0.1324930339467117 0.03176148976355053 0.2871455473098252 
0.03176148976355053 0.2871455473098252 0.2695493582652917 0.09486766231977604 
-0.1178576092873919 0.5825956612042643 0.03176148976355053 0.2871455473098252 
-0.5731813686126751 0.2689452855438692 -0.2179754411882997 0.1324930339467117 
0.3534915220212785 0.2191882461658511 0.2695493582652917 0.09486766231977604 
-0.122652637793663 -0.3978612190364963 0.07350705985148458 -0.43313958814977 
0.07350705985148458 -0.43313958814977 0.1244663715056765 0.07786999754255806 
0.1244663715056765 0.07786999754255806 -0.07309881526413292 0.09416025211615391 
-0.07309881526413292 0.09416025211615391 -0.122652637793663 -0.3978612190364963 
-0.4508463624586544 -0.105357581608275 -0.2806490675573619 -0.1276287199071522 
-0.2806490675573619 -0.1276287199071522 -0.2565697435283179 0.1092883633848657 
-0.2565697435283179 0.1092883633848657 -0.4274026901622258 0.1233744087844855 
-0.4274026901622258 0.1233744087844855 -0.4508463624586544 -0.105357581608275 
