0 0 0 1 0.2906476128304951 -0.3375058503396662 
0 0 6.5 1 0.3247155246371775 0.07735803985362896 
10 0 0 1 -0.3790461295150344 -0.2993807174138052 
10 0 6.5 1 -0.327050826115271 0.1567963486179078 
10 10 0 1 -0.2852516561824852 -0.1895344072806134 
10 10 6.5 1 -0.2556434246296738 0.07935855476884632 
0 10 0 1 0.1185178210382436 -0.2191392089726138 
0 10 6.5 1 0.1415703480374144 0.03484728250825767 
0 5 10 1 0.2258611998537312 0.2168331170283948 
10 5 10 1 -0.2623877105060437 0.2858899561848142 
0 6 0 1 0.1683363508294216 -0.2533973811799169 
0 8 0 1 0.1413254436165767 -0.2348230813229792 
0 8 5 1 0.1603627281934519 -0.02238136556548495 
0 6 5 1 0.1888111254751149 -0.02139093435587341 
0 2 2.5 1 0.252779692260285 -0.1599778277766622 
0 4 2.5 1 0.2119649355435848 -0.147193380786763 
0 4 5 1 0.2229645436103213 -0.02020188279345639 
0 2 5 1 0.2647303552439739 -0.01874780568228681 
0.5 0.5 -0.5 1 0.2447277070401946 -0.3581154192262553 
0.5 0.5 6 1 0.2788401034206912 0.04698667692084905 
10.5 0.5 -0.5 1 -0.4112003954792272 -0.3231185732371352 
10.5 0.5 6 1 -0.3599278338206243 0.1212863222406268 
10.5 10.5 -0.5 1 -0.3058816309913502 -0.2054271537943133 
10.5 10.5 6 1 -0.2764907446432912 0.05933255079000618 
0.5 10.5 -0.5 1 0.09283777051734607 -0.2336769751900936 
0.5 10.5 6 1 0.1158448915171798 0.01661800537400265 
0.5 5.5 9.5 1 0.1928100997710022 0.1911365005584402 
10.5 5.5 9.5 1 -0.2881074856486305 0.2569261246579275 
0.5 6.5 -0.5 1 0.1371038035557714 -0.2699426844336178 
0.5 8.5 -0.5 1 0.1131345218479867 -0.2503054379598696 
0.5 8.5 4.5 1 0.1321372868155365 -0.0412174599280482 
0.5 6.5 4.5 1 0.1575480010943537 -0.04193053598129854 
0.5 2.5 2 1 0.2130378770535092 -0.1821046007014408 
0.5 4.5 2 1 0.1769637548475788 -0.1673864200718654 
0.5 4.5 4.5 1 0.1879538910571676 -0.04278378677040841 
0.5 2.5 4.5 1 0.2249884164709897 -0.04382305048123218 
