-0.6250567940777528 -0.509882592349846 -0.5765476626331061 -0.08037621385664498 
-0.1377470102186793 -0.4061840602652206 -0.1308797892631249 -0.1186738239248792 
0.2810312700325591 -0.4811860998147711 0.2599242752854086 -0.08869133667363679 
-0.1856150891196719 -0.7208461901557843 -0.1634038405154191 -0.004833242330777611 
-0.6250567940777528 -0.509882592349846 -0.1377470102186793 -0.4061840602652206 
-0.1377470102186793 -0.4061840602652206 0.2810312700325591 -0.4811860998147711 
0.2810312700325591 -0.4811860998147711 -0.1856150891196719 -0.7208461901557843 
-0.1856150891196719 -0.7208461901557843 -0.6250567940777528 -0.509882592349846 
-0.5765476626331061 -0.08037621385664498 -0.3976608571861311 0.196618039410155 
-0.3976608571861311 0.196618039410155 -0.1634038405154191 -0.004833242330777611 
-0.1308797892631249 -0.1186738239248792 0.03420901997156504 0.05637663355817715 
0.03420901997156504 0.05637663355817715 0.2599242752854086 -0.08869133667363679 
-0.3976608571861311 0.196618039410155 0.03420901997156504 0.05637663355817715 
-0.5765476626331061 -0.08037621385664498 -0.1308797892631249 -0.1186738239248792 
-0.1634038405154191 -0.004833242330777611 0.2599242752854086 -0.08869133667363679 
-0.4185883144563983 -0.609002299931078 -0.3162734882163472 -0.6581207691363384 
-0.3162734882163472 -0.6581207691363384 -0.288967799377968 -0.1592269294904353 
-0.288967799377968 -0.1592269294904353 -0.3857894487063403 -0.1638196331059356 
-0.3857894487063403 -0.1638196331059356 -0.4185883144563983 -0.609002299931078 
-0.5491644710506106 -0.3475291580296383 -0.4822842784994408 -0.3609220733273807 
-0.4822842784994408 -0.3609220733273807 -0.4650466167921549 -0.1675791712355487 
-0.4650466167921549 -0.1675791712355487 -0.5311214007551379 -0.1707134072386043 
-0.5311214007551379 -0.1707134072386043 -0.5491644710506106 -0.3475291580296383 
