0.4037731917046185 -0.5798687011731651 0.3525412904430002 -0.03952469470083174 
-0.297068186265474 -0.5102629234782646 -0.2850240398467239 -0.08678016019494879 
-0.04149594370669553 -0.3881871311856043 -0.04610584129330835 -0.1218447556705185 
0.3951335536392797 -0.4076362962952139 0.3654819084629279 -0.09942043491025214 
0.4037731917046185 -0.5798687011731651 -0.297068186265474 -0.5102629234782646 
-0.297068186265474 -0.5102629234782646 -0.04149594370669553 -0.3881871311856043 
-0.04149594370669553 -0.3881871311856043 0.3951335536392797 -0.4076362962952139 
0.3951335536392797 -0.4076362962952139 0.4037731917046185 -0.5798687011731651 
0.3525412904430002 -0.03952469470083174 0.3425695246113458 0.1121163008278611 
0.3425695246113458 0.1121163008278611 0.3654819084629279 -0.09942043491025214 
-0.2850240398467239 -0.08678016019494879 -0.1395127298413441 0.05250510245292696 
-0.1395127298413441 0.05250510245292696 -0.04610584129330835 -0.1218447556705185 
0.3425695246113458 0.1121163008278611 -0.1395127298413441 0.05250510245292696 
0.3525412904430002 -0.03952469470083174 -0.2850240398467239 -0.08678016019494879 
0.3654819084629279 -0.09942043491025214 -0.04610584129330835 -0.1218447556705185 
0.3974939710282158 -0.4546915502697047 0.3962009781705088 -0.4289155550614904 
0.3962009781705088 -0.4289155550614904 0.3709407890677592 -0.1658643849226629 
0.3709407890677592 -0.1658643849226629 0.3696365215114336 -0.1639515743908653 
0.3696365215114336 -0.1639515743908653 0.3974939710282158 -0.4546915502697047 
0.382992784750523 -0.3366216632083451 0.3831040687166228 -0.3192387916052301 
0.3831040687166228 -0.3192387916052301 0.3680419276365041 -0.1616129775722049 
0.3680419276365041 -0.1616129775722049 0.3660479283494604 -0.1586886214321202 
0.3660479283494604 -0.1586886214321202 0.382992784750523 -0.3366216632083451 
