0 0 0 1 0.2710894409944329 -0.2755903682355635 
0 0 6.5 1 0.314962528002777 0.118436723826734 
10 0 0 1 -0.372779756677843 -0.2750623198620474 
10 0 6.5 1 -0.3334424007771409 0.2044597483310915 
10 10 0 1 -0.3412734667086715 -0.1309755830898828 
10 10 6.5 1 -0.3179825808447756 0.1498921076461835 
0 10 0 1 0.06274729939397072 -0.1472807584347575 
0 10 6.5 1 0.0879838791176106 0.1019198066926909 
0 5 10 1 0.1932662374729021 0.276222059227178 
10 5 10 1 -0.3075218083256711 0.3654652387355793 
0 6 0 1 0.124569984963189 -0.1853548830515447 
0 8 0 1 0.09120939238177353 -0.1648094255461026 
0 8 5 1 0.1123862292292132 0.04151277003203415 
0 6 5 1 0.1479265043825529 0.03869361984859974 
0 2 2.5 1 0.2266808178843388 -0.1048181810021066 
0 4 2.5 1 0.1771513278238812 -0.08789365965611649 
0 4 5 1 0.1902338457265851 0.03533768778009293 
0 2 5 1 0.2414443458144652 0.03127553322181715 
0.5 0.5 -0.5 1 0.2257391812156685 -0.2947931147481721 
0.5 0.5 6 1 0.2678725160892235 0.09042023131317578 
10.5 0.5 -0.5 1 -0.4110837066457281 -0.2982515205669186 
10.5 0.5 6 1 -0.3735857143406915 0.1682818715583836 
10.5 10.5 -0.5 1 -0.3644801785525941 -0.1469177893940914 
10.5 10.5 6 1 -0.3418366002417572 0.1294445984365883 
0.5 10.5 -0.5 1 0.03662968291283522 -0.1612598304160816 
0.5 10.5 6 1 0.06123161250002714 0.08438719980780306 
0.5 5.5 9.5 1 0.1585062048830227 0.2516707347107711 
10.5 5.5 9.5 1 -0.3380192054755827 0.3353005464370032 
0.5 6.5 -0.5 1 0.09305330473553933 -0.2011014650431912 
0.5 8.5 -0.5 1 0.06263863969964645 -0.1796251766993903 
0.5 8.5 4.5 1 0.08324169127737406 0.02353332206155549 
0.5 6.5 4.5 1 0.1157227934137874 0.01922106698723543 
0.5 2.5 2 1 0.186558998788564 -0.1254279417781666 
0.5 4.5 2 1 0.1416202863585618 -0.1068791516332413 
0.5 4.5 4.5 1 0.1542807571661676 0.01410203579955141 
0.5 2.5 4.5 1 0.2007969461523574 0.007926454960228398 
