0 0 0 1 0.3776418815370201 -0.5073237612857963 
0 0 6.5 1 0.3083340925163413 0.07687276122926813 
10 0 0 1 -0.2403087497241268 -0.410051833353704 
10 0 6.5 1 -0.2644957389413251 -0.02170628139513891 
10 10 0 1 0.07084342631492228 -0.2863626484377274 
10 10 6.5 1 0.04681156981863132 -0.02588013193085615 
0 10 0 1 0.517105743088738 -0.3053199198141454 
0 10 6.5 1 0.4720882501470169 0.0306940338372638 
0 5 10 1 0.3838654687276578 0.2637225587020164 
10 5 10 1 -0.09189506748913545 0.1362869236472911 
0 6 0 1 0.4785759220338666 -0.3611277239126506 
0 8 0 1 0.4996415244283756 -0.330615643153814 
0 8 5 1 0.4620508263078779 -0.04588659438085177 
0 6 5 1 0.4378407642689183 -0.04700712281236769 
0 2 2.5 1 0.3951800363307859 -0.2443145196050815 
0 4 2.5 1 0.4300883973956297 -0.220615145776752 
0 4 5 1 0.4082456779231824 -0.04837688946683552 
0 2 5 1 0.3712440671273839 -0.05008945661523256 
0.5 0.5 -0.5 1 0.3501477317245448 -0.5285420823205813 
0.5 0.5 6 1 0.2858989757145546 0.02590429315079286 
10.5 0.5 -0.5 1 -0.2356976004124751 -0.4279238294118811 
10.5 0.5 6 1 -0.2591736500140831 -0.05294706437513798 
10.5 10.5 -0.5 1 0.06608994933005553 -0.3016285805201304 
10.5 10.5 6 1 0.04276597388240291 -0.04722367761132543 
0.5 10.5 -0.5 1 0.4964303570409113 -0.3243541850912794 
0.5 10.5 6 1 0.4534677432799931 0.00161573030752556 
0.5 5.5 9.5 1 0.3644656270125661 0.2190584837695528 
10.5 5.5 9.5 1 -0.09261357825773797 0.10667128835437 
0.5 6.5 -0.5 1 0.4553093675876568 -0.3817527199500118 
0.5 8.5 -0.5 1 0.4777233175940536 -0.3504663159050276 
0.5 8.5 4.5 1 0.4419989144903929 -0.0750902636233839 
0.5 6.5 4.5 1 0.4167776578132329 -0.07898004688748575 
0.5 2.5 2 1 0.3706720044648065 -0.2751712266960811 
0.5 4.5 2 1 0.4067426012810953 -0.2491439759862291 
0.5 4.5 4.5 1 0.386182213528403 -0.08369867168323858 
0.5 2.5 4.5 1 0.3482900412288247 -0.08954264446929089 
