0 0 0 1 0.1008352973327167 -0.4123585408324143 
0 0 6.5 1 0.1145361596792411 -0.130029301309832 
10 0 0 1 0.5721763998912612 -0.5639746741920872 
10 0 6.5 1 0.5647154196742784 -0.1475473803890272 
10 10 0 1 0.1726542237868154 -0.8039110211069157 
10 10 6.5 1 0.1983382150011334 -0.09691205633172861 
0 10 0 1 -0.3058364797848571 -0.4855658728933627 
0 10 6.5 1 -0.2647086850474567 -0.09423633871022834 
0 5 10 1 -0.03347603806399174 0.04940425949240561 
10 5 10 1 0.4267298002221372 0.1237821237305775 
0 6 0 1 -0.1099889519567589 -0.4503102298668187 
0 8 0 1 -0.2007693572161036 -0.466652134189643 
0 8 5 1 -0.1751513723679076 -0.1838741958963805 
0 6 5 1 -0.08942344355790943 -0.1866507191878919 
0 2 2.5 1 0.04572705343151606 -0.3054261855377049 
0 4 2.5 1 -0.02235130973609657 -0.3103745890294453 
0 4 5 1 -0.01422953698960653 -0.1890860706056235 
0 2 5 1 0.05225955275226138 -0.1912394937532752 
0.5 0.5 -0.5 1 0.101175763038877 -0.4438101297401945 
0.5 0.5 6 1 0.1153155259154704 -0.1508458279906374 
10.5 0.5 -0.5 1 0.5969955272574275 -0.6188291999387284 
10.5 0.5 6 1 0.5876689776119313 -0.1789014879110606 
10.5 10.5 -0.5 1 0.1801353692739734 -0.9232839189822324 
10.5 10.5 6 1 0.2071608680574346 -0.1459246479634931 
0.5 10.5 -0.5 1 -0.3251680285079924 -0.533561250599569 
0.5 10.5 6 1 -0.2810412847834088 -0.1215050060235893 
0.5 5.5 9.5 1 -0.03813932123455569 0.03253391129388378 
10.5 5.5 9.5 1 0.4463900084921242 0.101777443341875 
0.5 6.5 -0.5 1 -0.1183921760898454 -0.4900321435992127 
0.5 8.5 -0.5 1 -0.2138987190080702 -0.510137559571647 
0.5 8.5 4.5 1 -0.1866307320388735 -0.2133566415266884 
0.5 6.5 4.5 1 -0.09667492256862711 -0.2142372619685079 
0.5 2.5 2 1 0.04409882097387374 -0.3344018002118319 
0.5 4.5 2 1 -0.02669475974197073 -0.3414211686899229 
0.5 4.5 4.5 1 -0.01818866616494809 -0.2150056014698475 
0.5 2.5 4.5 1 0.0508901623984939 -0.2156818471607946 
