0.386643012134232 -0.4917954001232409 0.3179073321762121 0.08159714037669842 
-0.2476419521898256 -0.4123154876168491 -0.2667931877960919 -0.01984909628448502 
0.05447817716701391 -0.295698114824877 0.03253419735515375 -0.03535121514593674 
0.4984304166680095 -0.3091690185298313 0.453898826430008 0.02004908249837185 
0.386643012134232 -0.4917954001232409 -0.2476419521898256 -0.4123154876168491 
-0.2476419521898256 -0.4123154876168491 0.05447817716701391 -0.295698114824877 
0.05447817716701391 -0.295698114824877 0.4984304166680095 -0.3091690185298313 
0.4984304166680095 -0.3091690185298313 0.386643012134232 -0.4917954001232409 
0.3179073321762121 0.08159714037669842 0.3765427658210845 0.2518723584954584 
0.3765427658210845 0.2518723584954584 0.453898826430008 0.02004908249837185 
-0.2667931877960919 -0.01984909628448502 -0.09896503625042836 0.1303052127646505 
-0.09896503625042836 0.1303052127646505 0.03253419735515375 -0.03535121514593674 
0.3765427658210845 0.2518723584954584 -0.09896503625042836 0.1303052127646505 
0.3179073321762121 0.08159714037669842 -0.2667931877960919 -0.01984909628448502 
0.453898826430008 0.02004908249837185 0.03253419735515375 -0.03535121514593674 
0.4676511207620739 -0.3594529611863174 0.4844890682409098 -0.331944912007212 
0.4844890682409098 -0.331944912007212 0.4472313511477146 -0.05246362536290815 
0.4472313511477146 -0.05246362536290815 0.4272540085047657 -0.0509915837586559 
0.4272540085047657 -0.0509915837586559 0.4676511207620739 -0.3594529611863174 
0.3959545726350487 -0.2371330852826554 0.424426769881114 -0.2178218002799066 
0.424426769881114 -0.2178218002799066 0.4028265286223761 -0.0491916313167026 
0.4028265286223761 -0.0491916313167026 0.3722755719534033 -0.04694046708178826 
0.3722755719534033 -0.04694046708178826 0.3959545726350487 -0.2371330852826554 
