0 0 0 1 -0.03422653528239946 -0.2362066659984329 
0 0 6.5 1 -0.06780271185525451 0.465547441794154 
10 0 0 1 -0.247990627775289 -0.04525634815312789 
10 0 6.5 1 -0.2790291666559283 0.3146014765747293 
10 10 0 1 0.189488777176519 0.01235433979995454 
10 10 6.5 1 0.1882845155545251 0.306194133915288 
0 10 0 1 0.6161899120630746 -0.08538537858580901 
0 10 6.5 1 0.6535075464678504 0.4022977110021536 
0 5 10 1 0.3723298267685416 0.793422005187873 
10 5 10 1 -0.0283288219240419 0.5008707436495285 
0 6 0 1 0.4087239394217884 -0.1334934564423502 
0 8 0 1 0.5190181223589274 -0.1079179797879797 
0 8 5 1 0.5418268141977306 0.2826905627707212 
0 6 5 1 0.4244166771002808 0.2835532056630953 
0 2 2.5 1 0.1331334301397466 0.03381265432998333 
0 4 2.5 1 0.2853747278828977 0.05168370026236462 
0 4 5 1 0.2885432173340771 0.2845515034014952 
0 2 5 1 0.1294796034074677 0.2857201852494283 
0.5 0.5 -0.5 1 -0.007950338804895627 -0.2535233726860792 
0.5 0.5 6 1 -0.03557008516501699 0.3906605200823414 
10.5 0.5 -0.5 1 -0.225523287288164 -0.06197447204696468 
10.5 0.5 6 1 -0.2538443884322875 0.2821725907071901 
10.5 10.5 -0.5 1 0.1942376300202962 -0.003223782967570454 
10.5 10.5 6 1 0.1933237463395033 0.2800697483719757 
0.5 10.5 -0.5 1 0.6023236471959807 -0.1053977596202433 
0.5 10.5 6 1 0.6363914029054927 0.3538681810863858 
0.5 5.5 9.5 1 0.3701560489987761 0.7060915827644001 
10.5 5.5 9.5 1 -0.0144353294863406 0.4638070365658141 
0.5 6.5 -0.5 1 0.4048576583161994 -0.1533266757029077 
0.5 8.5 -0.5 1 0.50950262461953 -0.1279272647112809 
0.5 8.5 4.5 1 0.5303444833713205 0.2389980159916196 
0.5 6.5 4.5 1 0.4193048993525679 0.2368172095298869 
0.5 2.5 2 1 0.1471738690904852 -0.001184199679605959 
0.5 4.5 2 1 0.2888459229053755 0.01803507623401741 
0.5 4.5 4.5 1 0.2919463433670511 0.234315900070701 
0.5 2.5 4.5 1 0.1443860112893234 0.2314178297245784 
