0 0 0 1 -0.2357640238172358 -0.01759602385656295 
0 0 6.5 1 -0.2613642130842124 0.2506151476872375 
10 0 0 1 0.1577065451472327 0.01045501179129301 
10 0 6.5 1 0.150209282643769 0.2698189219164722 
10 10 0 1 0.3191270983096234 -0.08292726889548728 
10 10 6.5 1 0.3183559794365166 0.3405631231394412 
0 10 0 1 -0.3210534182711312 -0.1350341460929834 
0 10 6.5 1 -0.3712127480655305 0.3125654989840334 
0 5 10 1 -0.3220274577235817 0.4704929594753633 
10 5 10 1 0.2099419900266394 0.484566955128446 
0 6 0 1 -0.2763483114837168 -0.07347803083259638 
0 8 0 1 -0.2961212621808331 -0.1007041380855668 
0 8 5 1 -0.3281561838645644 0.1983051983100622 
0 6 5 1 -0.3040149509816711 0.1944249617519758 
0 2 2.5 1 -0.2575948466971306 0.07581068311128566 
0 4 2.5 1 -0.2721901182951136 0.06752416721270257 
0 4 5 1 -0.2845873198168705 0.1913023455604848 
0 2 5 1 -0.2686155720783158 0.1887351958307132 
0.5 0.5 -0.5 1 -0.2157624081911866 -0.03975532006565542 
0.5 0.5 6 1 -0.2408383895053201 0.2315771940389005 
10.5 0.5 -0.5 1 0.1825728871171477 -0.01049692299431034 
10.5 0.5 6 1 0.176063716876737 0.2517914317761089 
10.5 10.5 -0.5 1 0.3633636090652861 -0.1192130393894473 
10.5 10.5 6 1 0.3658497007401074 0.3121228400897854 
0.5 10.5 -0.5 1 -0.2897832171135153 -0.1748952537040593 
0.5 10.5 6 1 -0.3388012220856697 0.2814424208007987 
0.5 5.5 9.5 1 -0.2964449735322627 0.4500628424038177 
10.5 5.5 9.5 1 0.2444618716015003 0.4654113824808779 
0.5 6.5 -0.5 1 -0.2508060956992027 -0.103734647949624 
0.5 8.5 -0.5 1 -0.2679967306570123 -0.1351196233534747 
0.5 8.5 4.5 1 -0.2992914409149072 0.1689215227308314 
0.5 6.5 4.5 1 -0.27784568448051 0.1682059714000631 
0.5 2.5 2 1 -0.2358008502875248 0.05279688963082709 
0.5 4.5 2 1 -0.2485357640925143 0.04212088769500896 
0.5 4.5 4.5 1 -0.2606639038073002 0.1676326903379895 
0.5 2.5 4.5 1 -0.2465894049565513 0.1671630857141863 
