0.2656152400213279 -0.1630565086088193 0.2484671528869863 0.1913752289552375 
-0.03212371483123813 -0.4386903126407254 -0.08938305620308289 0.2086239599038534 
-0.5671421286525907 -0.2899874477856976 -0.6322156201998979 0.1314090761583903 
-0.147983609142596 -0.1278936075706986 -0.1752234033779572 0.1461411424836123 
0.2656152400213279 -0.1630565086088193 -0.03212371483123813 -0.4386903126407254 
-0.03212371483123813 -0.4386903126407254 -0.5671421286525907 -0.2899874477856976 
-0.5671421286525907 -0.2899874477856976 -0.147983609142596 -0.1278936075706986 
-0.147983609142596 -0.1278936075706986 0.2656152400213279 -0.1630565086088193 
0.2484671528869863 0.1913752289552375 -0.004545958753161466 0.3422779262989443 
-0.004545958753161466 0.3422779262989443 -0.1752234033779572 0.1461411424836123 
-0.08938305620308289 0.2086239599038534 -0.459630070567478 0.4648535856140513 
-0.459630070567478 0.4648535856140513 -0.6322156201998979 0.1314090761583903 
-0.004545958753161466 0.3422779262989443 -0.459630070567478 0.4648535856140513 
0.2484671528869863 0.1913752289552375 -0.08938305620308289 0.2086239599038534 
-0.1752234033779572 0.1461411424836123 -0.6322156201998979 0.1314090761583903 
-0.006805133483494896 -0.139896167003223 -0.08068410787608396 -0.1336152040106619 
-0.08068410787608396 -0.1336152040106619 -0.1006431256791031 0.0853992405947863 
-0.1006431256791031 0.0853992405947863 -0.02566110079268505 0.08995031642704697 
-0.02566110079268505 0.08995031642704697 -0.006805133483494896 -0.139896167003223 
0.1573306115436928 -0.02895051889476049 0.06609240965074635 -0.0277078068579547 
0.06609240965074635 -0.0277078068579547 0.05725961129750351 0.09498323530806076 
0.05725961129750351 0.09498323530806076 0.149450239465925 0.1005787969170436 
0.149450239465925 0.1005787969170436 0.1573306115436928 -0.02895051889476049 
