0.1960597254897154 -0.3917775263056124 0.1839756243415372 -0.09166264779192589 
0.6853479371750085 -0.5174847621046849 0.6215022768964253 -0.0227336818302356 
-3.157081249558798e-06 -0.6917783150538671 -0.002466327660947842 0.0581478044015183 
-0.2708564654987274 -0.4440223599855765 -0.2531291463422606 -0.06605836697410697 
0.1960597254897154 -0.3917775263056124 0.6853479371750085 -0.5174847621046849 
0.6853479371750085 -0.5174847621046849 -3.157081249558798e-06 -0.6917783150538671 
-3.157081249558798e-06 -0.6917783150538671 -0.2708564654987274 -0.4440223599855765 
-0.2708564654987274 -0.4440223599855765 0.1960597254897154 -0.3917775263056124 
0.1839756243415372 -0.09166264779192589 -0.01079685364826024 0.08311959283435767 
-0.01079685364826024 0.08311959283435767 -0.2531291463422606 -0.06605836697410697 
0.6215022768964253 -0.0227336818302356 0.347492543322162 0.2806351833730739 
0.347492543322162 0.2806351833730739 -0.002466327660947842 0.0581478044015183 
-0.01079685364826024 0.08311959283435767 0.347492543322162 0.2806351833730739 
0.1839756243415372 -0.09166264779192589 0.6215022768964253 -0.0227336818302356 
-0.2531291463422606 -0.06605836697410697 -0.002466327660947842 0.0581478044015183 
-0.05716295893222592 -0.4201114699275114 -0.1586156090435504 -0.4314633504871405 
-0.1586156090435504 -0.4314633504871405 -0.1512875139394241 -0.1507274977860148 
-0.1512875139394241 -0.1507274977860148 -0.05523284326994415 -0.1527605060805188 
-0.05523284326994415 -0.1527605060805188 -0.05716295893222592 -0.4201114699275114 
0.1158350038471179 -0.2754992012518459 0.03367816796247224 -0.2790889120608926 
0.03367816796247224 -0.2790889120608926 0.0324331853976052 -0.1546159677898262 
0.0324331853976052 -0.1546159677898262 0.1127634901045527 -0.1563161680469403 
0.1127634901045527 -0.1563161680469403 0.1158350038471179 -0.2754992012518459 
