-0.353760725683452 -0.3076760284914752 -0.3830790151126148 -0.01159805932528631 
0.0544320320368995 -0.2253738316106137 0.02927489407124181 0.0251258115464958 
0.3217665775007911 -0.3240136814160163 0.2824009460667536 0.06460353061939078 
-0.298349213539573 -0.4968698510145063 -0.3489676051099074 0.01367458924337359 
-0.353760725683452 -0.3076760284914752 0.0544320320368995 -0.2253738316106137 
0.0544320320368995 -0.2253738316106137 0.3217665775007911 -0.3240136814160163 
0.3217665775007911 -0.3240136814160163 -0.298349213539573 -0.4968698510145063 
-0.298349213539573 -0.4968698510145063 -0.353760725683452 -0.3076760284914752 
-0.3830790151126148 -0.01159805932528631 -0.3905075405582509 0.1991051012436147 
-0.3905075405582509 0.1991051012436147 -0.3489676051099074 0.01367458924337359 
0.02927489407124181 0.0251258115464958 0.1120035655832285 0.2043766026850164 
0.1120035655832285 0.2043766026850164 0.2824009460667536 0.06460353061939078 
-0.3905075405582509 0.1991051012436147 0.1120035655832285 0.2043766026850164 
-0.3830790151126148 -0.01159805932528631 0.02927489407124181 0.0251258115464958 
-0.3489676051099074 0.01367458924337359 0.2824009460667536 0.06460353061939078 
-0.3279839755908904 -0.3956866546871608 -0.3150419132150242 -0.4398752746595559 
-0.3150419132150242 -0.4398752746595559 -0.3490510644435139 -0.09672510848854088 
-0.3490510644435139 -0.09672510848854088 -0.3581630402910527 -0.0910930218491689 
-0.3581630402910527 -0.0910930218491689 -0.3279839755908904 -0.3956866546871608 
-0.3590656048377837 -0.2072261556459696 -0.3518802494758359 -0.2234474256619762 
-0.3518802494758359 -0.2234474256619762 -0.3654361480770216 -0.08659753438591676 
-0.3654361480770216 -0.08659753438591676 -0.3713760149947378 -0.08292611935292439 
-0.3713760149947378 -0.08292611935292439 -0.3590656048377837 -0.2072261556459696 
