0.2577784122152459 -0.0338621298401599 0.2756772653043935 0.3466836742308598 
-0.2470351352588496 -0.1738694664273277 -0.2821312492825567 0.4366456613763532 
-0.5099068012603253 -0.02881073225511996 -0.5498056312355725 0.3362080202549835 
-0.0825878482113396 0.03297525597535734 -0.08849726693719875 0.3012010421662104 
0.2577784122152459 -0.0338621298401599 -0.2470351352588496 -0.1738694664273277 
-0.2470351352588496 -0.1738694664273277 -0.5099068012603253 -0.02881073225511996 
-0.5099068012603253 -0.02881073225511996 -0.0825878482113396 0.03297525597535734 
-0.0825878482113396 0.03297525597535734 0.2577784122152459 -0.0338621298401599 
0.2756772653043935 0.3466836742308598 0.06207421577957928 0.5064566240251783 
0.06207421577957928 0.5064566240251783 -0.08849726693719875 0.3012010421662104 
-0.2821312492825567 0.4366456613763532 -0.4770476380409909 0.6565565703328919 
-0.4770476380409909 0.6565565703328919 -0.5498056312355725 0.3362080202549835 
0.06207421577957928 0.5064566240251783 -0.4770476380409909 0.6565565703328919 
0.2756772653043935 0.3466836742308598 -0.2821312492825567 0.4366456613763532 
-0.08849726693719875 0.3012010421662104 -0.5498056312355725 0.3362080202549835 
0.02686097504965616 0.01148289883578304 -0.03122103253394926 0.02288840520101386 
-0.03122103253394926 0.02288840520101386 -0.03375885871938794 0.2392885947618937 
-0.03375885871938794 0.2392885947618937 0.02685502103642273 0.2421557113207093 
0.02685502103642273 0.2421557113207093 0.02686097504965616 0.01148289883578304 
0.1729670807531404 0.1128989538435665 0.09467878158462574 0.1189512039276177 
0.09467878158462574 0.1189512039276177 0.09637106432163643 0.2454439119706153 
0.09637106432163643 0.2454439119706153 0.1769058461201984 0.2492533135034898 
0.1769058461201984 0.2492533135034898 0.1729670807531404 0.1128989538435665 
