0 0 0 1 0.04630030117050703 -0.3011119919278762 
0 0 6.5 1 0.06984161695017013 -0.03826814319871003 
10 0 0 1 0.484529408343008 -0.4223692165437815 
10 0 6.5 1 0.5058797282331452 -0.06732501518001312 
10 10 0 1 0.2413901964913826 -0.6240532416880221 
10 10 6.5 1 0.2872466181189411 -0.01324797385341536 
0 10 0 1 -0.30443483358524 -0.3720467603520129 
0 10 6.5 1 -0.2616933438427889 0.008871323105076902 
0 5 10 1 -0.0498622571043483 0.1432945550997243 
10 5 10 1 0.4400144265073582 0.1837934878766085 
0 6 0 1 -0.1318086479371608 -0.3371338095539239 
0 8 0 1 -0.2109394319891437 -0.353137691930455 
0 8 5 1 -0.1822366479543484 -0.08284462261371373 
0 6 5 1 -0.1065761701238454 -0.08752633290701131 
0 2 2.5 1 0.004964931749141158 -0.2025041605588125 
0 4 2.5 1 -0.05267058788780205 -0.2065884775632945 
0 4 5 1 -0.04154577366599924 -0.09155027625502937 
0 2 5 1 0.01494774129105916 -0.09504597543725674 
0.5 0.5 -0.5 1 0.04872026844949752 -0.3294721544364555 
0.5 0.5 6 1 0.07293038650635161 -0.05817036597039569 
10.5 0.5 -0.5 1 0.5062207005469006 -0.4661067238745014 
10.5 0.5 6 1 0.5279200836503231 -0.09546213620938475 
10.5 10.5 -0.5 1 0.2618464658899596 -0.7170232275856927 
10.5 10.5 6 1 0.3101195814094577 -0.05855726066217228 
0.5 10.5 -0.5 1 -0.3167942575528495 -0.4170832281793067 
0.5 10.5 6 1 -0.2718393328981744 -0.01814155325757127 
0.5 5.5 9.5 1 -0.05048705982924428 0.1263736642026058 
10.5 5.5 9.5 1 0.4642201103934091 0.1614529090822056 
0.5 6.5 -0.5 1 -0.1356078257109115 -0.3736542076833985 
0.5 8.5 -0.5 1 -0.2183499068626703 -0.3934868601711334 
0.5 8.5 4.5 1 -0.1883414586449084 -0.1114434719785649 
0.5 6.5 4.5 1 -0.1093638627305777 -0.1140589353301645 
0.5 2.5 2 1 0.006181565273560701 -0.229367876276743 
0.5 4.5 2 1 -0.05338593097631702 -0.2355637854877746 
0.5 4.5 4.5 1 -0.04186842608616367 -0.1162941494931172 
0.5 2.5 4.5 1 0.01647916507413585 -0.1182264188230094 
