0.0657587220964836 -0.3602681763640356 0.08638044583687941 -0.08970807368377347 
0.5169921568570195 -0.4981789520346712 0.5285899349589605 -0.1194877202252543 
0.215363079630554 -0.726742148438709 0.2538296554503131 -0.07560034259691029 
-0.3084607084052775 -0.4364874942144096 -0.2649223271190426 -0.05057191984406765 
0.0657587220964836 -0.3602681763640356 0.5169921568570195 -0.4981789520346712 
0.5169921568570195 -0.4981789520346712 0.215363079630554 -0.726742148438709 
0.215363079630554 -0.726742148438709 -0.3084607084052775 -0.4364874942144096 
-0.3084607084052775 -0.4364874942144096 0.0657587220964836 -0.3602681763640356 
0.08638044583687941 -0.08970807368377347 -0.04415990382200768 0.08955419399326255 
-0.04415990382200768 0.08955419399326255 -0.2649223271190426 -0.05057191984406765 
0.5285899349589605 -0.1194877202252543 0.4360021686377649 0.1365849645883428 
0.4360021686377649 0.1365849645883428 0.2538296554503131 -0.07560034259691029 
-0.04415990382200768 0.08955419399326255 0.4360021686377649 0.1365849645883428 
0.08638044583687941 -0.08970807368377347 0.5285899349589605 -0.1194877202252543 
-0.2649223271190426 -0.05057191984406765 0.2538296554503131 -0.07560034259691029 
-0.1256823616256842 -0.3992600287921027 -0.2098015388059955 -0.4163930416188856 
-0.2098015388059955 -0.4163930416188856 -0.1813341784794346 -0.1406084171713976 
-0.1813341784794346 -0.1406084171713976 -0.1014027169724792 -0.1437161599464822 
-0.1014027169724792 -0.1437161599464822 -0.1256823616256842 -0.3992600287921027 
0.0193462827576811 -0.2589231570728985 -0.04251983695483245 -0.2640110918767771 
-0.04251983695483245 -0.2640110918767771 -0.03218192752095825 -0.1464074707801381 
-0.03218192752095825 -0.1464074707801381 0.02834582623612115 -0.1487607955647011 
0.02834582623612115 -0.1487607955647011 0.0193462827576811 -0.2589231570728985 
