0.3391140517600786 -0.5442547845925232 0.2736103956465511 0.06061556422986236 
-0.2264842719134192 -0.3934816085200132 -0.2604031452948823 -0.01733053746520465 
0.1063010787077721 -0.2573945420751605 0.07977724639292738 0.003645900309979429 
0.5563890775506316 -0.2968569030427899 0.5152044596824077 0.05705069493876614 
0.3391140517600786 -0.5442547845925232 -0.2264842719134192 -0.3934816085200132 
-0.2264842719134192 -0.3934816085200132 0.1063010787077721 -0.2573945420751605 
0.1063010787077721 -0.2573945420751605 0.5563890775506316 -0.2968569030427899 
0.5563890775506316 -0.2968569030427899 0.3391140517600786 -0.5442547845925232 
0.2736103956465511 0.06061556422986236 0.3989196932658245 0.2934125846968426 
0.3989196932658245 0.2934125846968426 0.5152044596824077 0.05705069493876614 
-0.2604031452948823 -0.01733053746520465 -0.07578748992311753 0.1583940555551527 
-0.07578748992311753 0.1583940555551527 0.07977724639292738 0.003645900309979429 
0.3989196932658245 0.2934125846968426 -0.07578748992311753 0.1583940555551527 
0.2736103956465511 0.06061556422986236 -0.2604031452948823 -0.01733053746520465 
0.5152044596824077 0.05705069493876614 0.07977724639292738 0.003645900309979429 
0.4954250126688615 -0.3662729827212221 0.5286658572028303 -0.3284236510333944 
0.5286658572028303 -0.3284236510333944 0.4943256708377965 -0.03067580596862906 
0.4943256708377965 -0.03067580596862906 0.4580639142815632 -0.0388065738747245 
0.4580639142815632 -0.0388065738747245 0.4954250126688615 -0.3662729827212221 
0.381365445528826 -0.2642302985394692 0.4342369714491819 -0.2295030138942834 
0.4342369714491819 -0.2295030138942834 0.4138837183913738 -0.04871284849966998 
0.4138837183913738 -0.04871284849966998 0.358873469056214 -0.06104748455369038 
0.358873469056214 -0.06104748455369038 0.381365445528826 -0.2642302985394692 
