0 0 0 1 0.2680682235305828 -0.180487073030891 
0 0 6.5 1 0.2486474033478026 0.1722574281939699 
10 0 0 1 -0.009658678900970667 -0.4679488148985884 
10 0 6.5 1 -0.06780683008725383 0.1825025115110888 
10 10 0 1 -0.5685645610836411 -0.3195208937858799 
10 10 6.5 1 -0.6335729562333163 0.1077819215592598 
0 10 0 1 -0.1509642349251256 -0.1475162989928591 
0 10 6.5 1 -0.1790336225590946 0.1274053978606954 
0 5 10 1 -0.006398010378542895 0.3225028602801386 
10 5 10 1 -0.4503253811149241 0.441174692857337 
0 6 0 1 -0.007224390977213202 -0.1588261959219284 
0 8 0 1 -0.08235180542639585 -0.1529149378418401 
0 8 5 1 -0.1030861428665138 0.06668038730770794 
0 6 5 1 -0.02701671856591422 0.07131208773952723 
0 2 2.5 1 0.1583352968016386 -0.04702316522755783 
0 4 2.5 1 0.06624249217591116 -0.0460827443571902 
0 4 5 1 0.05684289157549925 0.07641811550397191 
0 2 5 1 0.1497539461161482 0.08207526586883042 
0.5 0.5 -0.5 1 0.2350141496820114 -0.2124719058501125 
0.5 0.5 6 1 0.2141421904716463 0.1412249942812145 
10.5 0.5 -0.5 1 -0.0739912474817512 -0.5304116680926509 
10.5 0.5 6 1 -0.137801062051006 0.1231379860151879 
10.5 10.5 -0.5 1 -0.6151742554265796 -0.3596280867195306 
10.5 10.5 6 1 -0.6829988644603407 0.06902927530317605 
0.5 10.5 -0.5 1 -0.1788166700848008 -0.1723765600236868 
0.5 10.5 6 1 -0.2078917428053214 0.1031228073586626 
0.5 5.5 9.5 1 -0.03855843733863992 0.2957229657813741 
10.5 5.5 9.5 1 -0.5107085883447138 0.3956969674852924 
0.5 6.5 -0.5 1 -0.03698431739212114 -0.1861184491217318 
0.5 8.5 -0.5 1 -0.1111307867333036 -0.178934527122596 
0.5 8.5 4.5 1 -0.1326877549181722 0.0411352019905137 
0.5 6.5 4.5 1 -0.05766013462609935 0.04454075034975662 
0.5 2.5 2 1 0.1259354377604516 -0.07697095921620022 
0.5 4.5 2 1 0.03497627534406996 -0.07450409514596681 
0.5 4.5 4.5 1 0.0250942959846565 0.04829702323018968 
0.5 2.5 4.5 1 0.1168339699114147 0.05246114165487817 
