-0.6124114450053978 -0.4962797576188867 -0.5684148834651472 -0.07514137258832966 
-0.128601589782026 -0.3973428359392205 -0.1240481340915336 -0.1121389752988302 
0.2838508934085527 -0.4681676526124886 0.2602198538123641 -0.07649747143421504 
-0.1969745678497949 -0.6951310970916145 -0.177799295252191 0.009050523365569911 
-0.6124114450053978 -0.4962797576188867 -0.128601589782026 -0.3973428359392205 
-0.128601589782026 -0.3973428359392205 0.2838508934085527 -0.4681676526124886 
0.2838508934085527 -0.4681676526124886 -0.1969745678497949 -0.6951310970916145 
-0.1969745678497949 -0.6951310970916145 -0.6124114450053978 -0.4962797576188867 
-0.5684148834651472 -0.07514137258832966 -0.4005736148461333 0.2012150944093735 
-0.4005736148461333 0.2012150944093735 -0.177799295252191 0.009050523365569911 
-0.1240481340915336 -0.1121389752988302 0.03646668411310825 0.06447654319136509 
0.03646668411310825 0.06447654319136509 0.2602198538123641 -0.07649747143421504 
-0.4005736148461333 0.2012150944093735 0.03646668411310825 0.06447654319136509 
-0.5684148834651472 -0.07514137258832966 -0.1240481340915336 -0.1121389752988302 
-0.177799295252191 0.009050523365569911 0.2602198538123641 -0.07649747143421504 
-0.417710033635194 -0.5894747496313416 -0.3209058975251588 -0.63581062684999 
-0.3209058975251588 -0.63581062684999 -0.2965546237686864 -0.145817163661674 
-0.2965546237686864 -0.145817163661674 -0.3881812829451197 -0.1525334845837722 
-0.3881812829451197 -0.1525334845837722 -0.417710033635194 -0.5894747496313416 
-0.5416639342751652 -0.3360839122515122 -0.478618616398815 -0.3478283751768542 
-0.478618616398815 -0.3478283751768542 -0.4630251529558468 -0.1580196111604916 
-0.4630251529558468 -0.1580196111604916 -0.5253104013625324 -0.1625851788759574 
-0.5253104013625324 -0.1625851788759574 -0.5416639342751652 -0.3360839122515122 
