0 0 0 1 0.2545898454845933 -0.4947861521214728 
0 0 6.5 1 0.2001709725992573 0.1249977485322757 
10 0 0 1 -0.2246217587951951 -0.3069445818626154 
10 0 6.5 1 -0.264266066534547 0.05478264834783771 
10 10 0 1 0.1359237135318534 -0.1816736692343787 
10 10 6.5 1 0.1116394997788965 0.08207840222582483 
0 10 0 1 0.5844619356212426 -0.2422396073606533 
0 10 6.5 1 0.5574695343201754 0.1364852111256575 
0 5 10 1 0.4026558606344139 0.3940636538703425 
10 5 10 1 -0.06302922002672399 0.238521220358821 
0 6 0 1 0.4890143436840348 -0.3153132630903546 
0 8 0 1 0.540767252600883 -0.2756917894371662 
0 8 5 1 0.5176708116118283 0.03880672088563203 
0 6 5 1 0.4629164939270285 0.02801351915304512 
0 2 2.5 1 0.3331347161291336 -0.2133090011215031 
0 4 2.5 1 0.4119261156616882 -0.1756695179237126 
0 4 5 1 0.3968400549132561 0.01498849453029096 
0 2 5 1 0.315524752053257 -0.001040423458728549 
0.5 0.5 -0.5 1 0.2453809215436591 -0.5037587383149678 
0.5 0.5 6 1 0.1943405868078724 0.0744170039883095 
10.5 0.5 -0.5 1 -0.2114342760693966 -0.3196849757507212 
10.5 0.5 6 1 -0.2492880795790798 0.02746532155877357 
10.5 10.5 -0.5 1 0.1352586786838977 -0.1946547504248846 
10.5 10.5 6 1 0.1116734366602868 0.06126349793337611 
0.5 10.5 -0.5 1 0.5652672743860924 -0.2581393244794662 
0.5 10.5 6 1 0.5390648620738288 0.1046390025373909 
0.5 5.5 9.5 1 0.3876770380213593 0.3409908451786889 
10.5 5.5 9.5 1 -0.05707703721714514 0.2090216097392869 
0.5 6.5 -0.5 1 0.4710155832448189 -0.3305089173846294 
0.5 8.5 -0.5 1 0.5219450754330351 -0.291403554160925 
0.5 8.5 4.5 1 0.4996128066652602 0.008845513415251626 
0.5 6.5 4.5 1 0.4459085102848442 -0.004094420155643447 
0.5 2.5 2 1 0.3202297176088886 -0.2378868947281152 
0.5 4.5 2 1 0.3961066106123307 -0.199852605437053 
0.5 4.5 4.5 1 0.3816914848315715 -0.01956737296373292 
0.5 2.5 4.5 1 0.303539990666013 -0.03839780574335873 
