-0.1277135249979301 -0.03309943136584501 -0.1287854470292922 0.2195775159136523 
0.2624303058469213 -0.0558010016372419 0.2822260246488359 0.212137180885942 
0.3245485504482365 -0.2164291633449977 0.3638694637332985 0.224422233118017 
-0.2985227067515434 -0.1656919671818972 -0.3142984660128424 0.2353250841380794 
-0.1277135249979301 -0.03309943136584501 0.2624303058469213 -0.0558010016372419 
0.2624303058469213 -0.0558010016372419 0.3245485504482365 -0.2164291633449977 
0.3245485504482365 -0.2164291633449977 -0.2985227067515434 -0.1656919671818972 
-0.2985227067515434 -0.1656919671818972 -0.1277135249979301 -0.03309943136584501 
-0.1287854470292922 0.2195775159136523 -0.2025501784068373 0.4090896637611759 
-0.2025501784068373 0.4090896637611759 -0.3142984660128424 0.2353250841380794 
0.2822260246488359 0.212137180885942 0.3282830651496132 0.4155187378697593 
0.3282830651496132 0.4155187378697593 0.3638694637332985 0.224422233118017 
-0.2025501784068373 0.4090896637611759 0.3282830651496132 0.4155187378697593 
-0.1287854470292922 0.2195775159136523 0.2822260246488359 0.212137180885942 
-0.3142984660128424 0.2353250841380794 0.3638694637332985 0.224422233118017 
-0.2108365517739657 -0.09762460964834691 -0.2501059667045115 -0.1281079317519823 
-0.2501059667045115 -0.1281079317519823 -0.2580330657522131 0.1433790365129966 
-0.2580330657522131 0.1433790365129966 -0.2160257197052045 0.1484569257398282 
-0.2160257197052045 0.1484569257398282 -0.2108365517739657 -0.09762460964834691 
-0.151924064316851 0.0503450083934827 -0.1799358538513552 0.0376199444988569 
-0.1799358538513552 0.0376199444988569 -0.181597692531962 0.1526186194609322 
-0.181597692531962 0.1526186194609322 -0.1528674395556039 0.1560915606438752 
-0.1528674395556039 0.1560915606438752 -0.151924064316851 0.0503450083934827 
