0.1594623767277557 -0.3734741815924076 0.1141750493417467 0.2717941064430088 
-0.234320247753878 -0.1893787641374825 -0.2744920837162046 0.1686033753303895 
0.1538159110301301 -0.08938363955722281 0.1351648070712355 0.1824048547842321 
0.5985171729381974 -0.1568206809946597 0.5902130242914299 0.2536877298879093 
0.1594623767277557 -0.3734741815924076 -0.234320247753878 -0.1893787641374825 
-0.234320247753878 -0.1893787641374825 0.1538159110301301 -0.08938363955722281 
0.1538159110301301 -0.08938363955722281 0.5985171729381974 -0.1568206809946597 
0.5985171729381974 -0.1568206809946597 0.1594623767277557 -0.3734741815924076 
0.1141750493417467 0.2717941064430088 0.3962569942037723 0.5546829956348626 
0.3962569942037723 0.5546829956348626 0.5902130242914299 0.2536877298879093 
-0.2744920837162046 0.1686033753303895 -0.05582454094025068 0.3516994987086751 
-0.05582454094025068 0.3516994987086751 0.1351648070712355 0.1824048547842321 
0.3962569942037723 0.5546829956348626 -0.05582454094025068 0.3516994987086751 
0.1141750493417467 0.2717941064430088 -0.2744920837162046 0.1686033753303895 
0.5902130242914299 0.2536877298879093 0.1351648070712355 0.1824048547842321 
0.4675862067354685 -0.2214291362701838 0.5381705428601216 -0.1865989883233555 
0.5381705428601216 -0.1865989883233555 0.5290937414187008 0.1501589408279654 
0.5290937414187008 0.1501589408279654 0.4548543470799045 0.1436406906247319 
0.4548543470799045 0.1436406906247319 0.4675862067354685 -0.2214291362701838 
0.2711899654854729 -0.09827033911422706 0.3752718027693012 -0.06775076523576708 
0.3752718027693012 -0.06775076523576708 0.3662427074608913 0.1358605512108839 
0.3662427074608913 0.1358605512108839 0.2586379868627796 0.126412811258876 
0.2586379868627796 0.126412811258876 0.2711899654854729 -0.09827033911422706 
