0 0 0 1 0.2679784549155514 -0.4033536596112663 
0 0 6.5 1 0.2349083802521393 -0.08477323170819204 
10 0 0 1 0.7189840068949059 -0.6231237448807848 
10 0 6.5 1 0.6239416667608294 -0.02516365952900467 
10 10 0 1 -0.2332387246162667 -0.842045728545494 
10 10 6.5 1 -0.2604686598076011 -0.07125706552797513 
0 10 0 1 -0.2354130950386504 -0.4767079220830955 
0 10 6.5 1 -0.248704932824882 -0.1148867313113009 
0 5 10 1 -0.004979345273077521 0.0712497328477404 
10 5 10 1 0.1985820180769736 0.2713446646902781 
0 6 0 1 -0.0190160217924637 -0.4451745208758631 
0 8 0 1 -0.1244517845796318 -0.4605386298246746 
0 8 5 1 -0.1385325016307756 -0.1866399254075612 
0 6 5 1 -0.03646556470329067 -0.1783959119484213 
0 2 2.5 1 0.1650431505745235 -0.2876740484656918 
0 4 2.5 1 0.07087578962211112 -0.2982768986300981 
0 4 5 1 0.06081248600871941 -0.1705386999707711 
0 2 5 1 0.1536309602153652 -0.1630416909132732 
0.5 0.5 -0.5 1 0.2600354813341291 -0.4391623138318332 
0.5 0.5 6 1 0.2262402499136889 -0.1087000475397803 
10.5 0.5 -0.5 1 0.7332970199047624 -0.7075348252106941 
10.5 0.5 6 1 0.6313159279335848 -0.06638009970277697 
10.5 10.5 -0.5 1 -0.2967079679123498 -0.9710900253890714 
10.5 10.5 6 1 -0.3194420677383084 -0.1273007426633497 
0.5 10.5 -0.5 1 -0.263808382162493 -0.5202114883333968 
0.5 10.5 6 1 -0.2761887585082224 -0.143010535720781 
0.5 5.5 9.5 1 -0.02199423985616478 0.05171735770335747 
10.5 5.5 9.5 1 0.1788865259581116 0.2465583754046792 
0.5 6.5 -0.5 1 -0.03804808699026468 -0.4852818330792479 
0.5 8.5 -0.5 1 -0.1479379396200195 -0.5022840019741739 
0.5 8.5 4.5 1 -0.1616498648983603 -0.2169491651494294 
0.5 6.5 4.5 1 -0.05541859464627505 -0.2076615008192946 
0.5 2.5 2 1 0.15353950383602 -0.3197704404643303 
0.5 4.5 2 1 0.05579826541566358 -0.3315365800166762 
0.5 4.5 4.5 1 0.04565737088256523 -0.1988245581992122 
0.5 2.5 4.5 1 0.1419444147864088 -0.1904063048826724 
