0 0 0 1 -0.07497787534233558 -0.03588782224477989 
0 0 6.5 1 -0.06280150158878636 0.2155355043294989 
10 0 0 1 0.3212009637800649 -0.08425137058795674 
10 0 6.5 1 0.353146364469557 0.1968672538520971 
10 10 0 1 0.3254051645210921 -0.2366357410575146 
10 10 6.5 1 0.3808646638260767 0.2363743244722799 
0 10 0 1 -0.2928828168131175 -0.1355339654862778 
0 10 6.5 1 -0.2876465316218009 0.2590545808300911 
0 5 10 1 -0.1432231071527577 0.4108053518650595 
10 5 10 1 0.3871654072658087 0.4188089049901484 
0 6 0 1 -0.1818346003647513 -0.08475252653295098 
0 8 0 1 -0.2317767898263748 -0.1075906803228422 
0 8 5 1 -0.2255264036354355 0.1612896741017342 
0 6 5 1 -0.1741819057569862 0.1594972345223465 
0 2 2.5 1 -0.1006648262366642 0.05185078400118724 
0 4 2.5 1 -0.1360759120078739 0.044133935775624 
0 4 5 1 -0.131746420803952 0.1580158091322219 
0 2 5 1 -0.0960862948095004 0.1567709119401269 
0.5 0.5 -0.5 1 -0.06499947950621277 -0.0603186993861184 
0.5 0.5 6 1 -0.0521439443767801 0.1955182958034065 
10.5 0.5 -0.5 1 0.3416567344460471 -0.112844393199652 
10.5 0.5 6 1 0.375346015133258 0.1737908611226669 
10.5 10.5 -0.5 1 0.3603239475762184 -0.291248958829861 
10.5 10.5 6 1 0.4210528466406401 0.1975294738644689 
0.5 10.5 -0.5 1 -0.2842738027168899 -0.1773239807762974 
0.5 10.5 6 1 -0.2782745830756736 0.228226156441054 
0.5 5.5 9.5 1 -0.131888327567928 0.3907302884751017 
10.5 5.5 9.5 1 0.4174985808979573 0.395552419467337 
0.5 6.5 -0.5 1 -0.1718889161396471 -0.1173551477390632 
0.5 8.5 -0.5 1 -0.2222665809002319 -0.1442367851090209 
0.5 8.5 4.5 1 -0.2153916642429841 0.1312198921468138 
0.5 6.5 4.5 1 -0.1636159761753449 0.1323134981243699 
0.5 2.5 2 1 -0.0903011875445183 0.02704214880326403 
0.5 4.5 2 1 -0.1256836472015235 0.01696829547370247 
0.5 4.5 4.5 1 -0.1210505782920649 0.1332125643714741 
0.5 2.5 4.5 1 -0.08543860135604946 0.1339647604755402 
