-0.06311604949933214 -0.03720716140232393 -0.04829520217329144 0.2143428389215139 
0.3352347054905611 -0.09013987164087703 0.3692305285034685 0.1948835834721285 
0.3255624354404234 -0.2362025560201817 0.3836815431908341 0.2462541570512494 
-0.2914852513900241 -0.1267609786069804 -0.2815654342820029 0.2669867157994921 
-0.06311604949933214 -0.03720716140232393 0.3352347054905611 -0.09013987164087703 
0.3352347054905611 -0.09013987164087703 0.3255624354404234 -0.2362025560201817 
0.3255624354404234 -0.2362025560201817 -0.2914852513900241 -0.1267609786069804 
-0.2914852513900241 -0.1267609786069804 -0.06311604949933214 -0.03720716140232393 
-0.04829520217329144 0.2143428389215139 -0.1303601446110417 0.4119918578159647 
-0.1303601446110417 0.4119918578159647 -0.2815654342820029 0.2669867157994921 
0.3692305285034685 0.1948835834721285 0.3996090546538936 0.4232525991652274 
0.3996090546538936 0.4232525991652274 0.3836815431908341 0.2462541570512494 
-0.1303601446110417 0.4119918578159647 0.3996090546538936 0.4232525991652274 
-0.04829520217329144 0.2143428389215139 0.3692305285034685 0.1948835834721285 
-0.2815654342820029 0.2669867157994921 0.3836815431908341 0.2462541570512494 
-0.1752989686006379 -0.08119912068364493 -0.2276018744016511 -0.1017094383035237 
-0.2276018744016511 -0.1017094383035237 -0.2182691280620181 0.1670982200262169 
-0.2182691280620181 0.1670982200262169 -0.1649247621964177 0.1631031086240797 
-0.1649247621964177 0.1631031086240797 -0.1752989686006379 -0.08119912068364493 
-0.08924751213316665 0.05212330202859738 -0.1263069280127307 0.04600250905399508 
-0.1263069280127307 0.04600250905399508 -0.1207440506555699 0.1597942893782744 
-0.1207440506555699 0.1597942893782744 -0.0835525221978641 0.1570089099479772 
-0.0835525221978641 0.1570089099479772 -0.08924751213316665 0.05212330202859738 
