0.1524516383222786 -0.4119967914872649 0.1532995684289628 -0.1189902536011347 
0.6405561781707971 -0.5514470716572473 0.603024543006436 -0.09251880609488659 
0.09634912881379752 -0.750767307888243 0.1053347810776111 -0.009948249611242422 
-0.2887199505708695 -0.4687149415474579 -0.2575987109448094 -0.08186346545229833 
0.1524516383222786 -0.4119967914872649 0.6405561781707971 -0.5514470716572473 
0.6405561781707971 -0.5514470716572473 0.09634912881379752 -0.750767307888243 
0.09634912881379752 -0.750767307888243 -0.2887199505708695 -0.4687149415474579 
-0.2887199505708695 -0.4687149415474579 0.1524516383222786 -0.4119967914872649 
0.1532995684289628 -0.1189902536011347 -0.0188440860451908 0.06086115649026558 
-0.0188440860451908 0.06086115649026558 -0.2575987109448094 -0.08186346545229833 
0.603024543006436 -0.09251880609488659 0.3967365475504051 0.2016123169710286 
0.3967365475504051 0.2016123169710286 0.1053347810776111 -0.009948249611242422 
-0.0188440860451908 0.06086115649026558 0.3967365475504051 0.2016123169710286 
0.1532995684289628 -0.1189902536011347 0.603024543006436 -0.09251880609488659 
-0.2575987109448094 -0.08186346545229833 0.1053347810776111 -0.009948249611242422 
-0.08142356595825842 -0.4420643871024362 -0.1786630530021127 -0.4545657447527932 
-0.1786630530021127 -0.4545657447527932 -0.161277909841905 -0.1707071518792463 
-0.161277909841905 -0.1707071518792463 -0.06959907912300264 -0.174544730463111 
-0.06959907912300264 -0.174544730463111 -0.08142356595825842 -0.4420643871024362 
0.08449712158046524 -0.298414771125841 0.008862134905197775 -0.3015619926812876 
0.008862134905197775 -0.3015619926812876 0.01244203350176794 -0.1779788843930469 
0.01244203350176794 -0.1779788843930469 0.08628928037157507 -0.1810700517960634 
0.08628928037157507 -0.1810700517960634 0.08449712158046524 -0.298414771125841 
