0 0 0 1 0.03214060802570835 -0.2438218510347538 
0 0 6.5 1 0.05709563728263303 0.01386459433524549 
10 0 0 1 0.4611577328100181 -0.3503099928165952 
10 0 6.5 1 0.4887832397494472 -0.01199519870402757 
10 10 0 1 0.2623023085297773 -0.5257766303986031 
10 10 6.5 1 0.3134834717161278 0.05585154736247931 
0 10 0 1 -0.2990914637811165 -0.3078658812946796 
0 10 6.5 1 -0.2582115037704064 0.07032137067022395 
0 5 10 1 -0.05438620177553927 0.1991397974505586 
10 5 10 1 0.4429811248164356 0.2382139723335182 
0 6 0 1 -0.1351183503872253 -0.2761615267654567 
0 8 0 1 -0.2100530687596345 -0.2906502245077467 
0 8 5 1 -0.1820222894629919 -0.02388042945751442 
0 6 5 1 -0.1099267677914165 -0.03046335731052657 
0 2 2.5 1 -0.005502346021722534 -0.1466463581217803 
0 4 2.5 1 -0.05971059016420147 -0.1494923320548034 
0 4 5 1 -0.04832954752162417 -0.03608770189644019 
0 2 5 1 0.004906835937196013 -0.04094863172036395 
0.5 0.5 -0.5 1 0.03538753748534472 -0.2708312026026547 
0.5 0.5 6 1 0.06103998594947311 -0.005386182447667665 
10.5 0.5 -0.5 1 0.4821623641469688 -0.3902128721364608 
10.5 0.5 6 1 0.5105954718425484 -0.03839927605700254 
10.5 10.5 -0.5 1 0.2858171691222993 -0.6086494597190527 
10.5 10.5 6 1 0.3399553417559101 0.01405166221549969 
0.5 10.5 -0.5 1 -0.3087784184631396 -0.3509505731620822 
0.5 10.5 6 1 -0.2659975412720142 0.04418683500576924 
0.5 5.5 9.5 1 -0.05356020975963347 0.1826852182490417 
10.5 5.5 9.5 1 0.4683240967115587 0.2170057311552621 
0.5 6.5 -0.5 1 -0.1372033840921429 -0.3110091335166862 
0.5 8.5 -0.5 1 -0.2153174325341372 -0.3291935247525177 
0.5 8.5 4.5 1 -0.1861273120830662 -0.05150126899346364 
0.5 6.5 4.5 1 -0.1110780282348622 -0.05607564295844115 
0.5 2.5 2 1 -0.003220506660059923 -0.1724020288415999 
0.5 4.5 2 1 -0.05908529667782673 -0.1772902030477635 
0.5 4.5 4.5 1 -0.04732437933506859 -0.05996152989494276 
0.5 2.5 4.5 1 0.007505306587120454 -0.06330348700538836 
