-0.09005770128518908 -0.2549111493290591 -0.1204839973711425 0.4449274768117705 
-0.2480889931714506 -0.04354232260018336 -0.2741179616323112 0.3128316647750316 
0.199423428741391 0.005317139215889258 0.2040937534053664 0.302941911894244 
0.6129975853490685 -0.1159019958134638 0.6631078105502649 0.3881489263438166 
-0.09005770128518908 -0.2549111493290591 -0.2480889931714506 -0.04354232260018336 
-0.2480889931714506 -0.04354232260018336 0.199423428741391 0.005317139215889258 
0.199423428741391 0.005317139215889258 0.6129975853490685 -0.1159019958134638 
0.6129975853490685 -0.1159019958134638 -0.09005770128518908 -0.2549111493290591 
-0.1204839973711425 0.4449274768117705 0.3556177177933803 0.7890522083915574 
0.3556177177933803 0.7890522083915574 0.6631078105502649 0.3881489263438166 
-0.2741179616323112 0.3128316647750316 -0.01710732551790852 0.4999086503103385 
-0.01710732551790852 0.4999086503103385 0.2040937534053664 0.302941911894244 
0.3556177177933803 0.7890522083915574 -0.01710732551790852 0.4999086503103385 
-0.1204839973711425 0.4449274768117705 -0.2741179616323112 0.3128316647750316 
0.6631078105502649 0.3881489263438166 0.2040937534053664 0.302941911894244 
0.3833335408703187 -0.1613115176859125 0.5047790081492406 -0.1372991364042521 
0.5047790081492406 -0.1372991364042521 0.5360114603911409 0.2634053455587508 
0.5360114603911409 0.2634053455587508 0.4061370644826655 0.2639219007594621 
0.4061370644826655 0.2639219007594621 0.3833335408703187 -0.1613115176859125 
0.08828958975010449 0.01140599524436611 0.2516747887709422 0.02800581460654692 
0.2516747887709422 0.02800581460654692 0.2577895963413478 0.2645119297304899 
0.2577895963413478 0.2645119297304899 0.08672593032270115 0.2651923088438367 
0.08672593032270115 0.2651923088438367 0.08828958975010449 0.01140599524436611 
