-0.5809437361816262 -0.4688175750320702 -0.5482590588872641 -0.06686980780456847 
-0.1058523194532811 -0.377377794430327 -0.1069918784217982 -0.09757650447015423 
0.2905111741927765 -0.440100787511501 0.2610310488337386 -0.05004110497939517 
-0.2226462196378436 -0.6451688811218754 -0.2115050326203074 0.03218076861433519 
-0.5809437361816262 -0.4688175750320702 -0.1058523194532811 -0.377377794430327 
-0.1058523194532811 -0.377377794430327 0.2905111741927765 -0.440100787511501 
0.2905111741927765 -0.440100787511501 -0.2226462196378436 -0.6451688811218754 
-0.2226462196378436 -0.6451688811218754 -0.5809437361816262 -0.4688175750320702 
-0.5482590588872641 -0.06686980780456847 -0.4069402471495711 0.2066653874344786 
-0.4069402471495711 0.2066653874344786 -0.2115050326203074 0.03218076861433519 
-0.1069918784217982 -0.09757650447015423 0.04231626053958802 0.08237744138525194 
0.04231626053958802 0.08237744138525194 0.2610310488337386 -0.05004110497939517 
-0.4069402471495711 0.2066653874344786 0.04231626053958802 0.08237744138525194 
-0.5482590588872641 -0.06686980780456847 -0.1069918784217982 -0.09757650447015423 
-0.2115050326203074 0.03218076861433519 0.2610310488337386 -0.05004110497939517 
-0.4139368619034775 -0.5510170853413427 -0.330303158718785 -0.5921809564505229 
-0.330303158718785 -0.5921809564505229 -0.3136273276805855 -0.122655762545967 
-0.3136273276805855 -0.122655762545967 -0.3927975072025951 -0.13304813051944 
-0.3927975072025951 -0.13304813051944 -0.4139368619034775 -0.5510170853413427 
-0.5225524853822867 -0.3144375690658847 -0.4685506190912393 -0.3232739275577712 
-0.4685506190912393 -0.3232739275577712 -0.457139971640013 -0.1414941208000083 
-0.457139971640013 -0.1414941208000083 -0.5104636413565297 -0.1484937158588514 
-0.5104636413565297 -0.1484937158588514 -0.5225524853822867 -0.3144375690658847 
