0 0 0 1 0.2277768495836086 -0.4630555090787127 
0 0 6.5 1 0.1762991980870329 0.1623007259185027 
10 0 0 1 -0.2268300313354132 -0.2738347441716026 
10 0 6.5 1 -0.2670047441618192 0.08577496613534265 
10 10 0 1 0.1415626855413829 -0.1552839590876014 
10 10 6.5 1 0.1186346785583183 0.1102030622845516 
0 10 0 1 0.5890377999655223 -0.218751856328928 
0 10 6.5 1 0.5670374917322873 0.1680858450103349 
0 5 10 1 0.4012446921078898 0.4362099972506326 
10 5 10 1 -0.06087910887949024 0.2695652565674435 
0 6 0 1 0.4835845067032179 -0.2900649188429911 
0 8 0 1 0.5406683025637725 -0.2514618541419392 
0 8 5 1 0.5213900269060566 0.06861121502526402 
0 6 5 1 0.461194708557397 0.05861210685567362 
0 2 2.5 1 0.3161080404729571 -0.1834424896648433 
0 4 2.5 1 0.4021541063947037 -0.1472979339846719 
0 4 5 1 0.3887740329516822 0.04658223162680574 
0 2 5 1 0.299982695028839 0.03183300831892814 
0.5 0.5 -0.5 1 0.2218723688996324 -0.4724174184454482 
0.5 0.5 6 1 0.1736858220164555 0.1097541368174397 
10.5 0.5 -0.5 1 -0.2125412367881535 -0.2868082842446391 
10.5 0.5 6 1 -0.2507763579266987 0.05809664447103932 
10.5 10.5 -0.5 1 0.1414625355811342 -0.1684028040432485 
10.5 10.5 6 1 0.1192128029268391 0.0889859878241178 
0.5 10.5 -0.5 1 0.5702004181825651 -0.2348962274579461 
0.5 10.5 6 1 0.5486765326482512 0.134982697298217 
0.5 5.5 9.5 1 0.3871533510397402 0.3804368278389815 
10.5 5.5 9.5 1 -0.05402402587026646 0.2394327537319498 
0.5 6.5 -0.5 1 0.4666797454417091 -0.3054858728564521 
0.5 8.5 -0.5 1 0.5225245877112281 -0.267405869039156 
0.5 8.5 4.5 1 0.5037625318542064 0.03762043551585011 
0.5 6.5 4.5 1 0.4450345289087801 0.02540748065910154 
0.5 2.5 2 1 0.3054581937621288 -0.2086792740064994 
0.5 4.5 2 1 0.3878536207410966 -0.1720993065974925 
0.5 4.5 4.5 1 0.3750330570489962 0.01085011836425305 
0.5 2.5 4.5 1 0.2901673817252232 -0.006798373149750296 
