0.09252122177493648 -0.4051852173474601 0.1080101379140836 -0.1252861661849501 
0.5596491944425015 -0.5554637192205398 0.5568249575339989 -0.1472401393146588 
0.1828310603845069 -0.7967059989606016 0.2114651511556411 -0.1004213560327725 
-0.3073936492926128 -0.4802230404894025 -0.2653256606217319 -0.08953005466497233 
0.09252122177493648 -0.4051852173474601 0.5596491944425015 -0.5554637192205398 
0.5596491944425015 -0.5554637192205398 0.1828310603845069 -0.7967059989606016 
0.1828310603845069 -0.7967059989606016 -0.3073936492926128 -0.4802230404894025 
-0.3073936492926128 -0.4802230404894025 0.09252122177493648 -0.4051852173474601 
0.1080101379140836 -0.1252861661849501 -0.03604217817020889 0.05388534482955999 
-0.03604217817020889 0.05388534482955999 -0.2653256606217319 -0.08953005466497233 
0.5568249575339989 -0.1472401393146588 0.4294436091491803 0.1201136936236004 
0.4294436091491803 0.1201136936236004 0.2114651511556411 -0.1004213560327725 
-0.03604217817020889 0.05388534482955999 0.4294436091491803 0.1201136936236004 
0.1080101379140836 -0.1252861661849501 0.5568249575339989 -0.1472401393146588 
-0.2653256606217319 -0.08953005466497233 0.2114651511556411 -0.1004213560327725 
-0.1141321080469588 -0.4439605096327266 -0.203558752907614 -0.460740032592996 
-0.203558752907614 -0.460740032592996 -0.1770356300884897 -0.1791372298018828 
-0.1770356300884897 -0.1791372298018828 -0.09250039702124738 -0.1817993857001559 
-0.09250039702124738 -0.1817993857001559 -0.1141321080469588 -0.4439605096327266 
0.03943750372339659 -0.2995610377219092 -0.0272956018216144 -0.3047078907246283 
-0.0272956018216144 -0.3047078907246283 -0.0185761783940695 -0.1841273830038013 
-0.0185761783940695 -0.1841273830038013 0.04661691280901056 -0.1861804224995922 
0.04661691280901056 -0.1861804224995922 0.03943750372339659 -0.2995610377219092 
