0 0 0 1 0.2926207601670014 -0.3163277636150111 
0 0 6.5 1 0.2545113695035947 0.02644043582194212 
10 0 0 1 0.4291322684015874 -0.5451296846069366 
10 0 6.5 1 0.3413735613480536 0.1631922830389179 
10 10 0 1 -0.5751329971445207 -0.5572899830567568 
10 10 6.5 1 -0.5805846360748084 0.05401109372411229 
0 10 0 1 -0.2151062708280864 -0.3401405767889757 
0 10 6.5 1 -0.2314544343991254 -0.02177707741180959 
0 5 10 1 -0.01117534044275912 0.1687826253161762 
10 5 10 1 -0.1732160161915784 0.4186896590616528 
0 6 0 1 -0.02165134439406821 -0.3310673824551469 
0 8 0 1 -0.1198847734710801 -0.335674610653071 
0 8 5 1 -0.1355603269629436 -0.08505049898462885 
0 6 5 1 -0.04049936599348045 -0.0767353660479172 
0 2 2.5 1 0.1713446275694145 -0.1883093491100294 
0 4 2.5 1 0.0684607528286789 -0.1952502221377991 
0 4 5 1 0.05752415956146954 -0.06816109289096484 
0 2 5 1 0.1586509339142367 -0.0593153736427214 
0.5 0.5 -0.5 1 0.2708793848923134 -0.3514218681287954 
0.5 0.5 6 1 0.2327199490614804 0.001321333568382024 
10.5 0.5 -0.5 1 0.3897569810690973 -0.6338994864794226 
10.5 0.5 6 1 0.3008489577238049 0.1183599003587291 
10.5 10.5 -0.5 1 -0.6559816255192837 -0.6328240046947168 
10.5 10.5 6 1 -0.6557745936477946 0.01084809465477127 
0.5 10.5 -0.5 1 -0.2472801670756935 -0.3730496430963881 
0.5 10.5 6 1 -0.2627758782388904 -0.04610876166081752 
0.5 5.5 9.5 1 -0.03789048367598136 0.1484841056466871 
10.5 5.5 9.5 1 -0.2324514647138727 0.3906291280712405 
0.5 6.5 -0.5 1 -0.05009295734529372 -0.3648191268734624 
0.5 8.5 -0.5 1 -0.1502588673335234 -0.3690000123795224 
0.5 8.5 4.5 1 -0.1653898128008029 -0.1114688059580758 
0.5 6.5 4.5 1 -0.06852278695264877 -0.1033697463243075 
0.5 2.5 2 1 0.1472658798293792 -0.2190491644064479 
0.5 4.5 2 1 0.04223176151026968 -0.2256630529782191 
0.5 4.5 4.5 1 0.03143647997793261 -0.09501214417094304 
0.5 2.5 4.5 1 0.1346384579463156 -0.08638341869320396 
