0 0 0 1 -0.3334775664171722 -0.2458249387445899 
0 0 6.5 1 -0.3650794695675283 0.04140294842973664 
10 0 0 1 0.06921213710475878 -0.173373110479896 
10 0 6.5 1 0.0448989580127703 0.0756519936921657 
10 10 0 1 0.318099724950465 -0.2669672829873263 
10 10 6.5 1 0.2828816408154606 0.1227025144884679 
0 10 0 1 -0.3052236479715915 -0.4157257770794491 
0 10 6.5 1 -0.3592215834447138 0.07635803527412496 
0 5 10 1 -0.3847611631504515 0.2528824008459978 
10 5 10 1 0.1217952795631639 0.2599048526696314 
0 6 0 1 -0.3202806553373966 -0.3251826483735409 
0 8 0 1 -0.3136899140328699 -0.364815114753171 
0 8 5 1 -0.3499609918045142 -0.03453938788187863 
0 6 5 1 -0.3525570911692382 -0.03146262249250039 
0 2 2.5 1 -0.3430535283055113 -0.1476736134564934 
0 4 2.5 1 -0.3400361417618123 -0.1617567203977519 
0 4 5 1 -0.354631282328624 -0.02900439625629807 
0 2 5 1 -0.3563265735486569 -0.02699522302449128 
0.5 0.5 -0.5 1 -0.3066626793763804 -0.2687949132377409 
0.5 0.5 6 1 -0.3384287732712787 0.02186680040474811 
10.5 0.5 -0.5 1 0.09676677409089197 -0.1924480847372706 
10.5 0.5 6 1 0.07239709588386027 0.05915450502359051 
10.5 10.5 -0.5 1 0.3656658956005808 -0.298552992316949 
10.5 10.5 6 1 0.3304103690489953 0.09746454431760042 
0.5 10.5 -0.5 1 -0.2583064218944719 -0.4590727285984404 
0.5 10.5 6 1 -0.312775145660759 0.04317419610676038 
0.5 5.5 9.5 1 -0.3510409563119629 0.2313498017176912 
10.5 5.5 9.5 1 0.1566712662684252 0.2420806405727526 
0.5 6.5 -0.5 1 -0.2841842184411814 -0.3572457707306042 
0.5 8.5 -0.5 1 -0.2728875004038909 -0.4016974082396824 
0.5 8.5 4.5 1 -0.3094350026772344 -0.06548631824663446 
0.5 6.5 4.5 1 -0.3166806030718852 -0.05884050931830381 
0.5 2.5 2 1 -0.3137979196587858 -0.1714973871604098 
0.5 4.5 2 1 -0.3077614680322592 -0.1882151418416408 
0.5 4.5 4.5 1 -0.3224474236161767 -0.05355106670846473 
0.5 2.5 4.5 1 -0.3271462581417052 -0.04924120213663988 
