0 0 0 1 -0.7093435988626985 -0.5001886847397243 
0 0 6.5 1 -0.6282168644131335 0.03153660381812613 
10 0 0 1 -0.2418482306359157 -0.3422175664017174 
10 0 6.5 1 -0.2095181165901868 -0.03986972739554016 
10 10 0 1 0.2341244873763905 -0.432207303816144 
10 10 6.5 1 0.2549027076356514 -0.07023198611378079 
0 10 0 1 0.09384798181332918 -0.7512767701708363 
0 10 6.5 1 0.1458402358272023 -0.002643703322584669 
0 5 10 1 -0.2663419174597076 0.3208963400684453 
10 5 10 1 0.01709444355960779 0.1146048747710171 
0 6 0 1 -0.2943002392134454 -0.6299366117007043 
0 8 0 1 -0.1146950778027787 -0.6860835101457717 
0 8 5 1 -0.06565956405480892 -0.1450498987041732 
0 6 5 1 -0.239471664313678 -0.1273755414930116 
0 2 2.5 1 -0.5564180843105541 -0.3131906271222548 
0 4 2.5 1 -0.4204868115019162 -0.340818181116694 
0 4 5 1 -0.3917931717032396 -0.1118864890706769 
0 2 5 1 -0.5263777606100151 -0.09820104314422543 
0.5 0.5 -0.5 1 -0.6471250151896176 -0.5376276339445486 
0.5 0.5 6 1 -0.5707844591407516 -0.01373453824765015 
10.5 0.5 -0.5 1 -0.2116210584327019 -0.3652768946496983 
10.5 0.5 6 1 -0.1805690406632605 -0.06546825636725853 
10.5 10.5 -0.5 1 0.2638348398772059 -0.4584784468165396 
10.5 10.5 6 1 0.2832657812329913 -0.1001507080508258 
0.5 10.5 -0.5 1 0.1586687998133044 -0.7965785234344059 
0.5 10.5 6 1 0.2046799758780906 -0.06351659119449377 
0.5 5.5 9.5 1 -0.2096409256404967 0.2643569364394918 
10.5 5.5 9.5 1 0.04533283976920419 0.08557323773591326 
0.5 6.5 -0.5 1 -0.2291642893347526 -0.6719440058461512 
0.5 8.5 -0.5 1 -0.04934141011047329 -0.7297321070437082 
0.5 8.5 4.5 1 -0.004905768687951242 -0.1992969217987152 
0.5 6.5 4.5 1 -0.1787576684922497 -0.1785216015389574 
0.5 2.5 2 1 -0.4950403158911931 -0.3557556889218741 
0.5 4.5 2 1 -0.3582201016180573 -0.3854282009883723 
0.5 4.5 4.5 1 -0.3315641967997033 -0.1602612053802574 
0.5 2.5 4.5 1 -0.4669286782776934 -0.1440851356469557 
