0 0 0 1 0.2580293015997565 -0.04253162643782012 
0 0 6.5 1 0.278554128771756 0.3377843834946448 
10 0 0 1 -0.2569649386682799 -0.1783851063617747 
10 0 6.5 1 -0.28873917177908 0.4234776505525251 
10 10 0 1 -0.5015811644112627 -0.02847773813310526 
10 10 6.5 1 -0.5379030172216743 0.3309663201302614 
0 10 0 1 -0.07562631308895686 0.02964216607756807 
0 10 6.5 1 -0.0793724429439539 0.2963953461141108 
0 5 10 1 0.06949470067647975 0.4992466259497019 
10 5 10 1 -0.4697216672803965 0.6436366862980287 
0 6 0 1 0.03125319906346784 0.006522819677742754 
0 8 0 1 -0.02551366796873224 0.01880218769243372 
0 8 5 1 -0.02636551500388341 0.2341791628217387 
0 6 5 1 0.03298249699518335 0.2362931990103589 
0 2 2.5 1 0.1755122005953225 0.1054466722344636 
0 4 2.5 1 0.09858148184507001 0.112608092973896 
0 4 5 1 0.1011933893647028 0.2387229399582022 
0 2 5 1 0.180412707043111 0.2415448121451355 
0.5 0.5 -0.5 1 0.2167763052307751 -0.06871392667661047 
0.5 0.5 6 1 0.2339382691631663 0.3061783555628517 
10.5 0.5 -0.5 1 -0.3142709802506604 -0.217217651620884 
10.5 0.5 6 1 -0.3527327495919705 0.3710764357454619 
10.5 10.5 -0.5 1 -0.5346580992726617 -0.05337688540107904 
10.5 10.5 6 1 -0.5730766611159975 0.3012226407500407 
0.5 10.5 -0.5 1 -0.1028952027238172 0.0106620875398521 
0.5 10.5 6 1 -0.1080745923853361 0.2747456245075401 
0.5 5.5 9.5 1 0.03326782304166714 0.4712336723655006 
10.5 5.5 9.5 1 -0.5172521846414168 0.6005806048657759 
0.5 6.5 -0.5 1 -0.0003253285533317455 -0.01480651878803404 
0.5 8.5 -0.5 1 -0.05478324026551996 -0.001284350353556217 
0.5 8.5 4.5 1 -0.05689415479392905 0.2118188564283349 
0.5 6.5 4.5 1 -6.662422587897749e-05 0.2123753724838202 
0.5 2.5 2 1 0.1370491766833751 0.07945556901676043 
0.5 4.5 2 1 0.06346257382520822 0.08844416687694764 
0.5 4.5 4.5 1 0.06518377693620916 0.2130143743111136 
0.5 2.5 4.5 1 0.1408795690450469 0.2137556685961222 
