-0.2151398161477767 -0.3442502264957307 -0.2370079460639638 0.3255298790669096 
-0.2474790729547594 -0.07953020160234668 -0.2603257164745196 0.2631379464822165 
0.2157167857589785 -0.05181212623454754 0.2328263894826534 0.2493952519160599 
0.5838182002536271 -0.2413962003772253 0.6560117761071651 0.2861804898554992 
-0.2151398161477767 -0.3442502264957307 -0.2474790729547594 -0.07953020160234668 
-0.2474790729547594 -0.07953020160234668 0.2157167857589785 -0.05181212623454754 
0.2157167857589785 -0.05181212623454754 0.5838182002536271 -0.2413962003772253 
0.5838182002536271 -0.2413962003772253 -0.2151398161477767 -0.3442502264957307 
-0.2370079460639638 0.3255298790669096 0.2914517141352219 0.6871400720058165 
0.2914517141352219 0.6871400720058165 0.6560117761071651 0.2861804898554992 
-0.2603257164745196 0.2631379464822165 0.005253811040328168 0.4464089366355551 
0.005253811040328168 0.4464089366355551 0.2328263894826534 0.2493952519160599 
0.2914517141352219 0.6871400720058165 0.005253811040328168 0.4464089366355551 
-0.2370079460639638 0.3255298790669096 -0.2603257164745196 0.2631379464822165 
0.6560117761071651 0.2861804898554992 0.2328263894826534 0.2493952519160599 
0.3073788254080989 -0.2769836806914103 0.4515505698340891 -0.2584237012402607 
0.4515505698340891 -0.2584237012402607 0.4966541702453195 0.154267160976012 
0.4966541702453195 0.154267160976012 0.3414642141907103 0.1542793365488615 
0.3414642141907103 0.1542793365488615 0.3073788254080989 -0.2769836806914103 
-0.02179385715217316 -0.09412815402478827 0.1594539774793644 -0.08189690105052051 
0.1594539774793644 -0.08189690105052051 0.1702371034894522 0.1542927703316472 
0.1702371034894522 0.1542927703316472 -0.0196484969105995 0.1543076679836572 
-0.0196484969105995 0.1543076679836572 -0.02179385715217316 -0.09412815402478827 
