0 0 0 1 0.2070506020703782 -0.3902247981339579 
0 0 6.5 1 0.1915484168865683 -0.08778369232909237 
10 0 0 1 0.6950351212289558 -0.5181073396695932 
10 0 6.5 1 0.6247476224692003 -0.01173063561673242 
10 10 0 1 -0.02960998194040831 -0.6951497620166838 
10 10 6.5 1 -0.03474657944173757 0.05923654866521936 
0 10 0 1 -0.2663837785383879 -0.4444933544991615 
0 10 6.5 1 -0.2526478457825198 -0.06835123270976351 
0 5 10 1 -0.009497668081817632 0.08476243364502842 
10 5 10 1 0.3314157450350881 0.2919946249509761 
0 6 0 1 -0.05132975133879283 -0.4198422685732968 
0 8 0 1 -0.1537662143216051 -0.4315842949087874 
0 8 5 1 -0.1493399431728115 -0.1514080605195307 
0 6 5 1 -0.05216840090948535 -0.1522848863524535 
0 2 2.5 1 0.1234817836404599 -0.2736898666779944 
0 4 2.5 1 0.03955819770544529 -0.277988404325208 
0 4 5 1 0.03699756649222609 -0.1530894740106746 
0 2 5 1 0.1191081392172373 -0.1538303974296555 
0.5 0.5 -0.5 1 0.2035861593381819 -0.4219262827321708 
0.5 0.5 6 1 0.1877542567347545 -0.1072699199673449 
10.5 0.5 -0.5 1 0.7199784364767006 -0.5815226240091177 
10.5 0.5 6 1 0.6432338086830766 -0.03994824353998922 
10.5 10.5 -0.5 1 -0.06252103263062782 -0.8117613614436374 
10.5 10.5 6 1 -0.06334827483050083 0.02347190509104937 
0.5 10.5 -0.5 1 -0.2924625695891196 -0.4869221219460754 
0.5 10.5 6 1 -0.2762572148608404 -0.09170847940802726 
0.5 5.5 9.5 1 -0.02093689806414302 0.07023650016015047 
10.5 5.5 9.5 1 0.333296109847097 0.2798499957717668 
0.5 6.5 -0.5 1 -0.06601826023321332 -0.4572517749347495 
0.5 8.5 -0.5 1 -0.1736465468193845 -0.4713539999821764 
0.5 8.5 4.5 1 -0.167966152625384 -0.1774772091458643 
0.5 6.5 4.5 1 -0.06613360651900181 -0.177224449377557 
0.5 2.5 2 1 0.1168593736615465 -0.3016371560841643 
0.5 4.5 2 1 0.02939974931094214 -0.3073267897631737 
0.5 4.5 4.5 1 0.02699288796815801 -0.1769932990030466 
0.5 2.5 4.5 1 0.112484031875261 -0.1767811004226073 
