0 0 0 1 0.2574156498699014 -0.1086539501256933 
0 0 6.5 1 0.2882508922127043 0.2671726112942953 
10 0 0 1 -0.2949084370008259 -0.2289921995894699 
10 0 6.5 1 -0.3101656431348652 0.3288744791642171 
10 10 0 1 -0.4626553177885084 -0.05283832674206636 
10 10 6.5 1 -0.4823579862427922 0.2806541727172334 
0 10 0 1 -0.04441780017581796 -0.008514885429426629 
0 10 6.5 1 -0.03868042813495695 0.2501485768141611 
0 5 10 1 0.1014340484351873 0.4376461041979526 
10 5 10 1 -0.4314017023336846 0.5528599569846855 
0 6 0 1 0.05071881709705112 -0.04007829190617313 
0 8 0 1 1.073426031891802e-05 -0.02325490805974384 
0 8 5 1 0.006476808267953678 0.1863621895258646 
0 6 5 1 0.05987176143373501 0.1842649035039215 
0 2 2.5 1 0.1855619122642358 0.04522163988653872 
0 4 2.5 1 0.1153091397323892 0.05841350652027871 
0 4 5 1 0.1217695817430731 0.1818336356475669 
0 2 5 1 0.1943770326794833 0.1789817070867334 
0.5 0.5 -0.5 1 0.2150324950328083 -0.132142187026386 
0.5 0.5 6 1 0.242385274101689 0.2372701568110114 
10.5 0.5 -0.5 1 -0.3473875835222888 -0.2612343016008754 
10.5 0.5 6 1 -0.3681493583055439 0.2825396549152053 
10.5 10.5 -0.5 1 -0.4927870518402172 -0.07423355351928261 
10.5 10.5 6 1 -0.5142087108667069 0.2542201160302104 
0.5 10.5 -0.5 1 -0.07134905218320704 -0.02559830622805117 
0.5 10.5 6 1 -0.06699393811691015 0.2300279496653577 
0.5 5.5 9.5 1 0.06511166359304636 0.4109169690089079 
10.5 5.5 9.5 1 -0.4742513656065941 0.5139573906092256 
0.5 6.5 -0.5 1 0.01914067351692448 -0.05926362664479088 
0.5 8.5 -0.5 1 -0.02906492054683056 -0.04132947160697491 
0.5 8.5 4.5 1 -0.02382629199464709 0.1656853751151776 
0.5 6.5 4.5 1 0.02684270696382649 0.1620979396633974 
0.5 2.5 2 1 0.1464577804975016 0.02142686923246277 
0.5 4.5 2 1 0.07992717348315279 0.03631755042032905 
0.5 4.5 4.5 1 0.08549692249147359 0.1579451397955198 
0.5 2.5 4.5 1 0.1541854745845928 0.1530818949717517 
