0.2925949902870846 -0.3225218138405827 0.2547613476684253 0.02012870535301457 
0.4407575978536347 -0.5512177824051481 0.352234722440066 0.1566973676029714 
-0.5726139914581835 -0.5657949891212486 -0.5753277571286821 0.0513390831196309 
-0.2168920758836987 -0.3464394877829474 -0.2322233429708321 -0.02651907007915039 
0.2925949902870846 -0.3225218138405827 0.4407575978536347 -0.5512177824051481 
0.4407575978536347 -0.5512177824051481 -0.5726139914581835 -0.5657949891212486 
-0.5726139914581835 -0.5657949891212486 -0.2168920758836987 -0.3464394877829474 
-0.2168920758836987 -0.3464394877829474 0.2925949902870846 -0.3225218138405827 
0.2547613476684253 0.02012870535301457 -0.01048419455041984 0.1632983559537129 
-0.01048419455041984 0.1632983559537129 -0.2322233429708321 -0.02651907007915039 
0.352234722440066 0.1566973676029714 -0.1625993974352427 0.4143273565666223 
-0.1625993974352427 0.4143273565666223 -0.5753277571286821 0.0513390831196309 
-0.01048419455041984 0.1632983559537129 -0.1625993974352427 0.4143273565666223 
0.2547613476684253 0.02012870535301457 0.352234722440066 0.1566973676029714 
-0.2322233429708321 -0.02651907007915039 -0.5753277571286821 0.0513390831196309 
-0.02214496778178664 -0.3372971598573183 -0.1209385134072504 -0.3419349847772701 
-0.1209385134072504 -0.3419349847772701 -0.1359559485670192 -0.09023352810936505 
-0.1359559485670192 -0.09023352810936505 -0.04045725021450276 -0.08213151635874164 
-0.04045725021450276 -0.08213151635874164 -0.02214496778178664 -0.3372971598573183 
0.1715320639969642 -0.194264106776595 0.06854301786556111 -0.2010784943424264 
0.06854301786556111 -0.2010784943424264 0.05781969473132356 -0.07379380101284998 
0.05781969473132356 -0.07379380101284998 0.1589979128720887 -0.0652099446208218 
0.1589979128720887 -0.0652099446208218 0.1715320639969642 -0.194264106776595 
