-0.5684874740994798 -0.4609590596708416 -0.5402770795555243 -0.06593605564783134 
-0.09680143861037349 -0.3707902918101366 -0.1001531398602658 -0.09293708741189438 
0.2931340369695681 -0.4315826071296785 0.2615087371131745 -0.04183191816050875 
-0.2317952435654465 -0.6320415926945235 -0.2240369028212472 0.03596601891840436 
-0.5684874740994798 -0.4609590596708416 -0.09680143861037349 -0.3707902918101366 
-0.09680143861037349 -0.3707902918101366 0.2931340369695681 -0.4315826071296785 
0.2931340369695681 -0.4315826071296785 -0.2317952435654465 -0.6320415926945235 
-0.2317952435654465 -0.6320415926945235 -0.5684874740994798 -0.4609590596708416 
-0.5402770795555243 -0.06593605564783134 -0.4091159970503394 0.2058747470582593 
-0.4091159970503394 0.2058747470582593 -0.2240369028212472 0.03596601891840436 
-0.1001531398602658 -0.09293708741189438 0.04480657424245242 0.08805110529013323 
0.04480657424245242 0.08805110529013323 0.2615087371131745 -0.04183191816050875 
-0.4091159970503394 0.2058747470582593 0.04480657424245242 0.08805110529013323 
-0.5402770795555243 -0.06593605564783134 -0.1001531398602658 -0.09293708741189438 
-0.2240369028212472 0.03596601891840436 0.2615087371131745 -0.04183191816050875 
-0.4118579475866667 -0.5405468069129133 -0.333219888495608 -0.5805049559917481 
-0.333219888495608 -0.5805049559917481 -0.3196970705914181 -0.1182803795480508 
-0.3196970705914181 -0.1182803795480508 -0.3941155799254262 -0.1293885351982024 
-0.3941155799254262 -0.1293885351982024 -0.4118579475866667 -0.5405468069129133 
-0.514811882933736 -0.3090981068573159 -0.4642080744553891 -0.3173268032406772 
-0.4642080744553891 -0.3173268032406772 -0.4544777476103586 -0.1383985564956644 
-0.4544777476103586 -0.1383985564956644 -0.504422409633838 -0.1458535980520732 
-0.504422409633838 -0.1458535980520732 -0.514811882933736 -0.3090981068573159 
