0.385299854711134 -0.680799389829214 0.3552040792942457 -0.1504864552175987 
-0.3400829492332 -0.5987097658181411 -0.307508675642552 -0.1496789432168102 
-0.1122766739515022 -0.4428020947430905 -0.1033890594895329 -0.1700721074639946 
0.3205585470781417 -0.4732339964080026 0.3064153925142327 -0.1725147472438984 
0.385299854711134 -0.680799389829214 -0.3400829492332 -0.5987097658181411 
-0.3400829492332 -0.5987097658181411 -0.1122766739515022 -0.4428020947430905 
-0.1122766739515022 -0.4428020947430905 0.3205585470781417 -0.4732339964080026 
0.3205585470781417 -0.4732339964080026 0.385299854711134 -0.680799389829214 
0.3552040792942457 -0.1504864552175987 0.3151099858610993 0.02100870582078678 
0.3151099858610993 0.02100870582078678 0.3064153925142327 -0.1725147472438984 
-0.307508675642552 -0.1496789432168102 -0.1739375046719727 0.003637421534882872 
-0.1739375046719727 0.003637421534882872 -0.1033890594895329 -0.1700721074639946 
0.3151099858610993 0.02100870582078678 -0.1739375046719727 0.003637421534882872 
0.3552040792942457 -0.1504864552175987 -0.307508675642552 -0.1496789432168102 
0.3064153925142327 -0.1725147472438984 -0.1033890594895329 -0.1700721074639946 
0.3382639243948973 -0.5299987381592268 0.3285668824606077 -0.4989093085863355 
0.3285668824606077 -0.4989093085863355 0.3161697758060301 -0.2420988088440359 
0.3161697758060301 -0.2420988088440359 0.32412680525069 -0.2459045368679522 
0.32412680525069 -0.2459045368679522 0.3382639243948973 -0.5299987381592268 
0.3553962550989685 -0.4307245583624628 0.3418074236923627 -0.404795730371738 
0.3418074236923627 -0.404795730371738 0.3338519410107456 -0.250555923664475 
0.3338519410107456 -0.250555923664475 0.3460081712998653 -0.2563700665677078 
0.3460081712998653 -0.2563700665677078 0.3553962550989685 -0.4307245583624628 
