0 0 0 1 -0.06765084218467396 -0.2446256784942722 
0 0 6.5 1 -0.09937340268422633 0.4572587475701428 
10 0 0 1 -0.2481742782319783 -0.04227524891722371 
10 0 6.5 1 -0.2763133925289354 0.3157935339281521 
10 10 0 1 0.1955798587618888 0.01003524976957342 
10 10 6.5 1 0.1978885980553691 0.3063588600739702 
0 10 0 1 0.61500113291456 -0.1009211384985267 
0 10 6.5 1 0.6601353037345461 0.397128552784664 
0 5 10 1 0.3631894238674027 0.7952049858342857 
10 5 10 1 -0.02163176184352435 0.5026899771766241 
0 6 0 1 0.3941732544699464 -0.1474074446217993 
0 8 0 1 0.5112054406375196 -0.1227710895076684 
0 8 5 1 0.5391909789903252 0.2743611427248723 
0 6 5 1 0.4142578827217449 0.2751044573647312 
0 2 2.5 1 0.1066343435110087 0.02347149395299743 
0 4 2.5 1 0.2657791016908895 0.04053223355634433 
0 4 5 1 0.2707714170372851 0.275958159015858 
0 2 5 1 0.104267140510347 0.276948809772448 
0.5 0.5 -0.5 1 -0.03743643052735126 -0.2612892883044243 
0.5 0.5 6 1 -0.06269780831524262 0.3831253813670816 
10.5 0.5 -0.5 1 -0.2250163596392505 -0.05892126500380269 
10.5 0.5 6 1 -0.2504733115389473 0.2836336862955507 
10.5 10.5 -0.5 1 0.200947144803312 -0.005498587896274378 
10.5 10.5 6 1 0.2034758312915704 0.2801332906672245 
0.5 10.5 -0.5 1 0.6023282049975015 -0.1204344850193783 
0.5 10.5 6 1 0.6437750834163293 0.3480801171171907 
0.5 5.5 9.5 1 0.3634018948713378 0.7065786911418829 
10.5 5.5 9.5 1 -0.007051805117447333 0.4656048064994043 
0.5 6.5 -0.5 1 0.3925799140503894 -0.1666140526606759 
0.5 8.5 -0.5 1 0.5034018208577515 -0.1422147704618112 
0.5 8.5 4.5 1 0.5291911819259187 0.2305136659599088 
0.5 6.5 4.5 1 0.4113021780199173 0.2283670584527122 
0.5 2.5 2 1 0.1242072704648834 -0.01087286034439855 
0.5 4.5 2 1 0.2721273955520195 0.007395824904315433 
0.5 4.5 4.5 1 0.2770586789952148 0.2259226565725459 
0.5 2.5 4.5 1 0.1228037908302287 0.2231138729711444 
