0 0 0 1 0.2570421825014116 -0.02563931055826387 
0 0 6.5 1 0.2694355702603569 0.353962843910554 
10 0 0 1 -0.2247793527676395 -0.1763881348523655 
10 0 6.5 1 -0.2658595432328582 0.4484276389450679 
10 10 0 1 -0.5253821497746332 -0.0384272300762502 
10 10 6.5 1 -0.5720161056308954 0.3369474092620441 
0 10 0 1 -0.09613543358493259 0.0321399568106284 
0 10 6.5 1 -0.10630374436682 0.3026593268120992 
0 5 10 1 0.0474244538755271 0.5109709940735642 
10 5 10 1 -0.4889597587566243 0.6694796425524928 
0 6 0 1 0.01835533727458897 0.01340945816219309 
0 8 0 1 -0.04229233311226543 0.02333131561571249 
0 8 5 1 -0.04817266504078446 0.2412486547213787 
0 6 5 1 0.01487833416425188 0.2452739015845127 
0 2 2.5 1 0.1678331670265574 0.1187765133298613 
0 4 2.5 1 0.08702338778231877 0.1230296370610117 
0 4 5 1 0.08685433008775949 0.2498689302988063 
0 2 5 1 0.1697946879278946 0.2551639362373728 
0.5 0.5 -0.5 1 0.2169533943247769 -0.05326146962845467 
0.5 0.5 6 1 0.2262433829545928 0.3218878472802273 
10.5 0.5 -0.5 1 -0.2848898227408233 -0.2194999277836843 
10.5 0.5 6 1 -0.333204459396477 0.3932309160617584 
10.5 10.5 -0.5 1 -0.560650388800945 -0.06575617293135343 
10.5 10.5 6 1 -0.6096354130716077 0.3052517738343239 
0.5 10.5 -0.5 1 -0.1235502886556078 0.01199181431789646 
0.5 10.5 6 1 -0.1351344101579354 0.2802468143483819 
0.5 5.5 9.5 1 0.0116235742154715 0.4826655995039242 
10.5 5.5 9.5 1 -0.5395969521588527 0.6246598393190597 
0.5 6.5 -0.5 1 -0.0130465770958404 -0.009184843756461489 
0.5 8.5 -0.5 1 -0.07156769810397232 0.002029999186140065 
0.5 8.5 4.5 1 -0.07867921725838159 0.2180255472177613 
0.5 6.5 4.5 1 -0.01794498981217425 0.2205035415331253 
0.5 2.5 2 1 0.1301648519095939 0.09168547564056659 
0.5 4.5 2 1 0.05235905756054757 0.09777838477539208 
0.5 4.5 4.5 1 0.05134100565932264 0.22333045331141 
0.5 2.5 4.5 1 0.1311217787781791 0.2265855585556313 
