0.2925762332825766 -0.3007212193578981 0.2538773286496991 0.04267107494849407 
0.3941155907515635 -0.5338012445701354 0.3087696894824805 0.1761950087874387 
-0.581564717397085 -0.5371840526922922 -0.5951518311546635 0.05742104980062693 
-0.2097498340537477 -0.323644259993465 -0.2289769692678786 -0.009680633613016069 
0.2925762332825766 -0.3007212193578981 0.3941155907515635 -0.5338012445701354 
0.3941155907515635 -0.5338012445701354 -0.581564717397085 -0.5371840526922922 
-0.581564717397085 -0.5371840526922922 -0.2097498340537477 -0.323644259993465 
-0.2097498340537477 -0.323644259993465 0.2925762332825766 -0.3007212193578981 
0.2538773286496991 0.04267107494849407 -0.01301371413767768 0.1829862537908619 
-0.01301371413767768 0.1829862537908619 -0.2289769692678786 -0.009680633613016069 
0.3087696894824805 0.1761950087874387 -0.204321345009517 0.4265854111966076 
-0.204321345009517 0.4265854111966076 -0.5951518311546635 0.05742104980062693 
-0.01301371413767768 0.1829862537908619 -0.204321345009517 0.4265854111966076 
0.2538773286496991 0.04267107494849407 0.3087696894824805 0.1761950087874387 
-0.2289769692678786 -0.009680633613016069 -0.5951518311546635 0.05742104980062693 
-0.02017075696085936 -0.3149930488172312 -0.1167123139467953 -0.3193986056411971 
-0.1167123139467953 -0.3193986056411971 -0.1342293812861341 -0.07181518269317314 
-0.1342293812861341 -0.07181518269317314 -0.04049086899455814 -0.06298040039494367 
-0.04049086899455814 -0.06298040039494367 -0.02017075696085936 -0.3149930488172312 
0.1707932790471405 -0.1732157698626875 0.06825938266176784 -0.1804147391242456 
0.06825938266176784 -0.1804147391242456 0.05675161775396876 -0.05381537121366766 
0.05675161775396876 -0.05381537121366766 0.1576982904086757 -0.04430122537507281 
0.1576982904086757 -0.04430122537507281 0.1707932790471405 -0.1732157698626875 
