0.1885350822132632 -0.3941143858220517 0.1787757580165773 -0.09541149757571066 
0.6783700614425294 -0.5202428642608106 0.6190255916187447 -0.03262860336779514 
0.01910364717457405 -0.6951172813070817 0.01848045256505512 0.05257683558453329 
-0.2739198274743471 -0.4457402483121303 -0.2535919313169127 -0.06636623451443818 
0.1885350822132632 -0.3941143858220517 0.6783700614425294 -0.5202428642608106 
0.6783700614425294 -0.5202428642608106 0.01910364717457405 -0.6951172813070817 
0.01910364717457405 -0.6951172813070817 -0.2739198274743471 -0.4457402483121303 
-0.2739198274743471 -0.4457402483121303 0.1885350822132632 -0.3941143858220517 
0.1787757580165773 -0.09541149757571066 -0.01183394783100338 0.08069658266183066 
-0.01183394783100338 0.08069658266183066 -0.2535919313169127 -0.06636623451443818 
0.6190255916187447 -0.03262860336779514 0.357681062212504 0.2700510498467183 
0.357681062212504 0.2700510498467183 0.01848045256505512 0.05257683558453329 
-0.01183394783100338 0.08069658266183066 0.357681062212504 0.2700510498467183 
0.1787757580165773 -0.09541149757571066 0.6190255916187447 -0.03262860336779514 
-0.2535919313169127 -0.06636623451443818 0.01848045256505512 0.05257683558453329 
-0.06122031687367449 -0.4219956724498156 -0.1619790330344932 -0.4332438082490638 
-0.1619790330344932 -0.4332438082490638 -0.1527392360606107 -0.1520245236561119 
-0.1527392360606107 -0.1520245236561119 -0.05744654949190261 -0.1546826776933153 
-0.05744654949190261 -0.1546826776933153 -0.06122031687367449 -0.4219956724498156 
0.1105490525680048 -0.2780998808668098 0.0295729296075035 -0.2813513575093071 
0.0295729296075035 -0.2813513575093071 0.02921179335573367 -0.1570999799249164 
0.02921179335573367 -0.1570999799249164 0.1083584508115423 -0.1593077464873127 
0.1083584508115423 -0.1593077464873127 0.1105490525680048 -0.2780998808668098 
