-0.01257671590459513 -0.08451786760811773 0.01096999899882047 0.1670736038196334 
0.3972749757798159 -0.1560330673548821 0.4348074409976763 0.1483206827689636 
0.3137830662037582 -0.2823145880048207 0.3757632894478607 0.241046319556346 
-0.2872836330896801 -0.1400737309229389 -0.2586749740118615 0.2445594927736049 
-0.01257671590459513 -0.08451786760811773 0.3972749757798159 -0.1560330673548821 
0.3972749757798159 -0.1560330673548821 0.3137830662037582 -0.2823145880048207 
0.3137830662037582 -0.2823145880048207 -0.2872836330896801 -0.1400737309229389 
-0.2872836330896801 -0.1400737309229389 -0.01257671590459513 -0.08451786760811773 
0.01096999899882047 0.1670736038196334 -0.0808458779082296 0.366957952259866 
-0.0808458779082296 0.366957952259866 -0.2586749740118615 0.2445594927736049 
0.4348074409976763 0.1483206827689636 0.4394893846678133 0.3983826311004506 
0.4394893846678133 0.3983826311004506 0.3757632894478607 0.241046319556346 
-0.0808458779082296 0.366957952259866 0.4394893846678133 0.3983826311004506 
0.01096999899882047 0.1670736038196334 0.4348074409976763 0.1483206827689636 
-0.2586749740118615 0.2445594927736049 0.3757632894478607 0.241046319556346 
-0.1489942793916545 -0.1121065267816389 -0.2116187295377855 -0.1247714987020226 
-0.2116187295377855 -0.1247714987020226 -0.190418179729078 0.1412797551176337 
-0.190418179729078 0.1412797551176337 -0.1285697939297182 0.1308410920656717 
-0.1285697939297182 0.1308410920656717 -0.1489942793916545 -0.1121065267816389 
-0.04202630055137445 0.01038104577542084 -0.08657606535158002 0.009435909138073646 
-0.08657606535158002 0.009435909138073646 -0.0766909453253128 0.1220850701726841 
-0.0766909453253128 0.1220850701726841 -0.03255089216548546 0.1146351887234597 
-0.03255089216548546 0.1146351887234597 -0.04202630055137445 0.01038104577542084 
