0.2581487125090408 -0.05387508629816042 0.2811905375594893 0.3258188336645331 
-0.2662337268786785 -0.1860996463689849 -0.2945155033214358 0.4063927479964276 
-0.4930156602688986 -0.03071289952021002 -0.525675307567571 0.3229841257893274 
-0.0686211898144687 0.02408406961103151 -0.07020583684471857 0.289189303696993 
0.2581487125090408 -0.05387508629816042 -0.2662337268786785 -0.1860996463689849 
-0.2662337268786785 -0.1860996463689849 -0.4930156602688986 -0.03071289952021002 
-0.4930156602688986 -0.03071289952021002 -0.0686211898144687 0.02408406961103151 
-0.0686211898144687 0.02408406961103151 0.2581487125090408 -0.05387508629816042 
0.2811905375594893 0.3258188336645331 0.07686524337458228 0.4891415538221311 
0.07686524337458228 0.4891415538221311 -0.07020583684471857 0.289189303696993 
-0.2945155033214358 0.4063927479964276 -0.4617479115530934 0.6271967698839599 
-0.4617479115530934 0.6271967698839599 -0.525675307567571 0.3229841257893274 
0.07686524337458228 0.4891415538221311 -0.4617479115530934 0.6271967698839599 
0.2811905375594893 0.3258188336645331 -0.2945155033214358 0.4063927479964276 
-0.07020583684471857 0.289189303696993 -0.525675307567571 0.3229841257893274 
0.03566358406584506 -0.0007956787626157405 -0.01977059044755028 0.01242953391106759 
-0.01977059044755028 0.01242953391106759 -0.01894477010572443 0.2266418198388409 
-0.01894477010572443 0.2266418198388409 0.03910989837679746 0.2279071604689182 
0.03910989837679746 0.2279071604689182 0.03566358406584506 -0.0007956787626157405 
0.1779722736403416 0.09535272216996014 0.1024564830327385 0.1037406833335759 
0.1024564830327385 0.1037406833335759 0.1059710643137806 0.2293644446468457 
0.1059710643137806 0.2293644446468457 0.1838070132166571 0.2310609316168313 
0.1838070132166571 0.2310609316168313 0.1779722736403416 0.09535272216996014 
