0.3595066703305566 -0.6742529382641174 0.3466048172393194 -0.1650522855350618 
-0.3654847050596641 -0.5989084277687821 -0.3216123293474409 -0.1424888334827156 
-0.1602331451025137 -0.4347326591203889 -0.1429210361856373 -0.1616444941200538 
0.2664980808966275 -0.4673215271521139 0.2635102357542269 -0.1761584942296087 
0.3595066703305566 -0.6742529382641174 -0.3654847050596641 -0.5989084277687821 
-0.3654847050596641 -0.5989084277687821 -0.1602331451025137 -0.4347326591203889 
-0.1602331451025137 -0.4347326591203889 0.2664980808966275 -0.4673215271521139 
0.2664980808966275 -0.4673215271521139 0.3595066703305566 -0.6742529382641174 
0.3466048172393194 -0.1650522855350618 0.2915456176916364 0.008808695010953193 
0.2915456176916364 0.008808695010953193 0.2635102357542269 -0.1761584942296087 
-0.3216123293474409 -0.1424888334827156 -0.1982501003586767 0.01362016542912853 
-0.1982501003586767 0.01362016542912853 -0.1429210361856373 -0.1616444941200538 
0.2915456176916364 0.008808695010953193 -0.1982501003586767 0.01362016542912853 
0.3466048172393194 -0.1650522855350618 -0.3216123293474409 -0.1424888334827156 
0.2635102357542269 -0.1761584942296087 -0.1429210361856373 -0.1616444941200538 
0.2921304885604541 -0.5243501340835384 0.2781103957279786 -0.493157341983338 
0.2781103957279786 -0.493157341983338 0.2750834451601138 -0.245093104094509 
0.2750834451601138 -0.245093104094509 0.2881507994355991 -0.250312990616232 
0.2881507994355991 -0.250312990616232 0.2921304885604541 -0.5243501340835384 
0.3274505935385292 -0.4327276885784507 0.3066687673402061 -0.4056549826727728 
0.3066687673402061 -0.4056549826727728 0.3040846530741666 -0.2566779292330032 
0.3040846530741666 -0.2566779292330032 0.3239444110174088 -0.2646111099386868 
0.3239444110174088 -0.2646111099386868 0.3274505935385292 -0.4327276885784507 
