0.3279493815078708 -0.5451675556521248 0.2639898600486927 0.06237804294948966 
-0.2248977651403893 -0.3849220140759702 -0.2602118229697513 -0.01148226715142055 
0.1122250010781934 -0.2484994669661933 0.08569222566093643 0.01270574853042358 
0.5625053920281938 -0.2922871366672107 0.5229912537421195 0.06529285319340253 
0.3279493815078708 -0.5451675556521248 -0.2248977651403893 -0.3849220140759702 
-0.2248977651403893 -0.3849220140759702 0.1122250010781934 -0.2484994669661933 
0.1122250010781934 -0.2484994669661933 0.5625053920281938 -0.2922871366672107 
0.5625053920281938 -0.2922871366672107 0.3279493815078708 -0.5451675556521248 
0.2639898600486927 0.06237804294948966 0.4007718450097042 0.3032818638263431 
0.4007718450097042 0.3032818638263431 0.5229912537421195 0.06529285319340253 
-0.2602118229697513 -0.01148226715142055 -0.07308326127883062 0.1666951023574516 
-0.07308326127883062 0.1666951023574516 0.08569222566093643 0.01270574853042358 
0.4007718450097042 0.3032818638263431 -0.07308326127883062 0.1666951023574516 
0.2639898600486927 0.06237804294948966 -0.2602118229697513 -0.01148226715142055 
0.5229912537421195 0.06529285319340253 0.08569222566093643 0.01270574853042358 
0.4964039001729063 -0.3635527287055978 0.5324178803163653 -0.3247251993330211 
0.5324178803163653 -0.3247251993330211 0.4994395651509156 -0.02445997745140706 
0.4994395651509156 -0.02445997745140706 0.4604365965351432 -0.03365418830597487 
0.4604365965351432 -0.03365418830597487 0.4964039001729063 -0.3635527287055978 
0.3758292000249966 -0.2634202745754916 0.4326750353905797 -0.2271817651519609 
0.4326750353905797 -0.2271817651519609 0.4129740487150938 -0.04484258467270871 
0.4129740487150938 -0.04484258467270871 0.3539648665662396 -0.05875288130620047 
0.3539648665662396 -0.05875288130620047 0.3758292000249966 -0.2634202745754916 
