0 0 0 1 -0.3190914662747663 -0.3953538368269808 
0 0 6.5 1 -0.3310459601242626 0.2517817345706755 
10 0 0 1 -0.2494519426658409 -0.1114938383829464 
10 0 6.5 1 -0.250913624587935 0.2207271817687522 
10 10 0 1 0.2232741882094776 -0.1066619290928477 
10 10 6.5 1 0.2489526496568494 0.1977092939089359 
0 10 0 1 0.5428141412972431 -0.3456825504534745 
0 10 6.5 1 0.6257983295717917 0.2033456379209488 
0 5 10 1 0.2169271734458915 0.6069523959822536 
10 5 10 1 0.01790569963074224 0.3959981367093079 
0 6 0 1 0.2297324539156741 -0.3637253268498808 
0 8 0 1 0.3909256926476912 -0.3544358229271881 
0 8 5 1 0.4425139144957566 0.07016875503522602 
0 6 5 1 0.2691105346976193 0.07420611469791209 
0 2 2.5 1 -0.1197075547109587 -0.1608234203427164 
0 4 2.5 1 0.07051723904895534 -0.157209964824813 
0 4 5 1 0.08376929918634846 0.07852142405899089 
0 2 5 1 -0.114786522102045 0.08314440928912005 
0.5 0.5 -0.5 1 -0.2646546620337928 -0.4082426457685909 
0.5 0.5 6 1 -0.2692810702119806 0.1937254309662437 
10.5 0.5 -0.5 1 -0.2227380361326301 -0.1274315890508144 
10.5 0.5 6 1 -0.2225388054021978 0.1925538673636314 
10.5 10.5 -0.5 1 0.2339579542899327 -0.1215036320994722 
10.5 10.5 6 1 0.2594280273833866 0.172563901430397 
0.5 10.5 -0.5 1 0.5450173311963792 -0.359389008232483 
0.5 10.5 6 1 0.6234749525933807 0.1568132788613668 
0.5 5.5 9.5 1 0.24116605384575 0.5268938420361743 
10.5 5.5 9.5 1 0.03692587720798264 0.362288008883617 
0.5 6.5 -0.5 1 0.2492732330674829 -0.3772334873477745 
0.5 8.5 -0.5 1 0.4013052576812116 -0.3680602449898061 
0.5 8.5 4.5 1 0.4507381738758179 0.03099954645397782 
0.5 6.5 4.5 1 0.2878987502204029 0.03357098561718869 
0.5 2.5 2 1 -0.07686820863219775 -0.1880880413355382 
0.5 4.5 2 1 0.1008263443975146 -0.1838419103649706 
0.5 4.5 4.5 1 0.1145365909094679 0.03630859200183346 
0.5 2.5 4.5 1 -0.0704023337417774 0.03922901006138547 
