0.3321081786723443 -0.595906272592446 0.3359156336460745 -0.1182703620010375 
-0.3799575132395454 -0.5339725501067892 -0.328836705806372 -0.07980655770609862 
-0.2028853750512888 -0.3823504898080512 -0.1789686045799732 -0.1122260608181405 
0.2154877598977213 -0.4143384345788339 0.2226146924291177 -0.1360621636715669 
0.3321081786723443 -0.595906272592446 -0.3799575132395454 -0.5339725501067892 
-0.3799575132395454 -0.5339725501067892 -0.2028853750512888 -0.3823504898080512 
-0.2028853750512888 -0.3823504898080512 0.2154877598977213 -0.4143384345788339 
0.2154877598977213 -0.4143384345788339 0.3321081786723443 -0.595906272592446 
0.3359156336460745 -0.1182703620010375 0.2683532863081709 0.04521324588844473 
0.2683532863081709 0.04521324588844473 0.2226146924291177 -0.1360621636715669 
-0.328836705806372 -0.07980655770609862 -0.2191954674390479 0.06866488116540956 
-0.2191954674390479 0.06866488116540956 -0.1789686045799732 -0.1122260608181405 
0.2683532863081709 0.04521324588844473 -0.2191954674390479 0.06866488116540956 
0.3359156336460745 -0.1182703620010375 -0.328836705806372 -0.07980655770609862 
0.2226146924291177 -0.1360621636715669 -0.1789686045799732 -0.1122260608181405 
0.2480471620949553 -0.4650305888866679 0.2302784262485138 -0.4373662142790938 
0.2302784262485138 -0.4373662142790938 0.2357825466170218 -0.2013506998280997 
0.2357825466170218 -0.2013506998280997 0.2533992117039232 -0.2051040040226944 
0.2533992117039232 -0.2051040040226944 0.2480471620949553 -0.4650305888866679 
0.2992242741930838 -0.3743080004160022 0.2723473870387585 -0.3511224817287832 
0.2723473870387585 -0.3511224817287832 0.2747917237045607 -0.2096617681981971 
0.2747917237045607 -0.2096617681981971 0.301319729205863 -0.2153136707479197 
0.301319729205863 -0.2153136707479197 0.2992242741930838 -0.3743080004160022 
