0.2573464412321305 -0.07451569365560677 0.2528026330185951 0.2922719653896326 
-0.1340747268887586 -0.2840322201087648 -0.1866664815259745 0.357349655729008 
-0.5567655228594048 -0.144389290970097 -0.617865235061056 0.2552146350984755 
-0.1297678641110828 -0.03157181384309487 -0.1509653748966634 0.2410013976233664 
0.2573464412321305 -0.07451569365560677 -0.1340747268887586 -0.2840322201087648 
-0.1340747268887586 -0.2840322201087648 -0.5567655228594048 -0.144389290970097 
-0.5567655228594048 -0.144389290970097 -0.1297678641110828 -0.03157181384309487 
-0.1297678641110828 -0.03157181384309487 0.2573464412321305 -0.07451569365560677 
0.2528026330185951 0.2922719653896326 0.01134483800831224 0.4453124869289407 
0.01134483800831224 0.4453124869289407 -0.1509653748966634 0.2410013976233664 
-0.1866664815259745 0.357349655729008 -0.4927862075016003 0.595598259415539 
-0.4927862075016003 0.595598259415539 -0.617865235061056 0.2552146350984755 
0.01134483800831224 0.4453124869289407 -0.4927862075016003 0.595598259415539 
0.2528026330185951 0.2922719653896326 -0.1866664815259745 0.357349655729008 
-0.1509653748966634 0.2410013976233664 -0.617865235061056 0.2552146350984755 
-0.0008105283746183084 -0.04587748080081316 -0.06869287017217489 -0.03834706643144083 
-0.06869287017217489 -0.03834706643144083 -0.08344996211967314 0.1802237217509883 
-0.08344996211967314 0.1802237217509883 -0.01376456387561097 0.1850561983645289 
-0.01376456387561097 0.1850561983645289 -0.0008105283746183084 -0.04587748080081316 
0.1568269035700823 0.06360396155016085 0.0698941270566993 0.06560166808887424 
0.0698941270566993 0.06560166808887424 0.06448811779024172 0.1904827907874156 
0.06448811779024172 0.1904827907874156 0.1529914859496067 0.1966202380522182 
0.1529914859496067 0.1966202380522182 0.1568269035700823 0.06360396155016085 
