-0.6859999131468992 -0.4182760827078413 -0.6107963242876631 0.1257595055716485 
-0.2465004156714628 -0.2748491388045606 -0.2134850441773801 0.02749319090590435 
0.2331906330918372 -0.3554989725297767 0.2596814194063114 -0.005047522527621802 
0.1669550744382064 -0.6322604999504995 0.2237827251105736 0.09027947212936735 
-0.6859999131468992 -0.4182760827078413 -0.2465004156714628 -0.2748491388045606 
-0.2465004156714628 -0.2748491388045606 0.2331906330918372 -0.3554989725297767 
0.2331906330918372 -0.3554989725297767 0.1669550744382064 -0.6322604999504995 
0.1669550744382064 -0.6322604999504995 -0.6859999131468992 -0.4182760827078413 
-0.6107963242876631 0.1257595055716485 -0.2141616726864365 0.4233800236861877 
-0.2141616726864365 0.4233800236861877 0.2237827251105736 0.09027947212936735 
-0.2134850441773801 0.02749319090590435 0.02211584822025346 0.1812228855299784 
0.02211584822025346 0.1812228855299784 0.2596814194063114 -0.005047522527621802 
-0.2141616726864365 0.4233800236861877 0.02211584822025346 0.1812228855299784 
-0.6107963242876631 0.1257595055716485 -0.2134850441773801 0.02749319090590435 
0.2237827251105736 0.09027947212936735 0.2596814194063114 -0.005047522527621802 
-0.2330661204450613 -0.531905494683276 -0.04525452864403372 -0.5790225812914939 
-0.04525452864403372 -0.5790225812914939 0.003936493468705097 -0.05185678528986691 
0.003936493468705097 -0.05185678528986691 -0.1802716327648871 -0.03561133972459057 
-0.1802716327648871 -0.03561133972459057 -0.2330661204450613 -0.531905494683276 
-0.5215714096505822 -0.2266960204406317 -0.3723259676018966 -0.2516865454072534 
-0.3723259676018966 -0.2516865454072534 -0.3450924710749452 -0.0210756728594173 
-0.3450924710749452 -0.0210756728594173 -0.4934336813501696 -0.007993356102351756 
-0.4934336813501696 -0.007993356102351756 -0.5215714096505822 -0.2266960204406317 
