0 0 0 1 -0.5004139601807428 -0.4443758375313819 
0 0 6.5 1 -0.4954587640561082 -0.08158277146025271 
10 0 0 1 -0.04712897378632896 -0.349442254726055 
10 0 6.5 1 -0.06146691903347926 -0.080268837122069 
10 10 0 1 0.3084502311536824 -0.4157821967765727 
10 10 6.5 1 0.2673820917735086 -0.02423275382911023 
0 10 0 1 -0.2691441749414674 -0.6224778758037035 
0 10 6.5 1 -0.2814358792969965 0.004624493048175822 
0 5 10 1 -0.415433636170414 0.1735785294140198 
10 5 10 1 0.06141654556724243 0.102346251771435 
0 6 0 1 -0.3937339598327169 -0.5265306485682744 
0 8 0 1 -0.3395816743453797 -0.5682335991392751 
0 8 5 1 -0.3437197827740635 -0.1394591217529946 
0 6 5 1 -0.3944536545741354 -0.146891960024209 
0 2 2.5 1 -0.4700448933128479 -0.308637619566908 
0 4 2.5 1 -0.4359093790164255 -0.3188541023475853 
0 4 5 1 -0.4351924608999108 -0.1528604569679291 
0 2 5 1 -0.4686250268760663 -0.1577585427452524 
0.5 0.5 -0.5 1 -0.4633641960715203 -0.4727691246673194 
0.5 0.5 6 1 -0.4603477010315927 -0.1055561395971486 
10.5 0.5 -0.5 1 -0.01685616662624017 -0.3698726111540235 
10.5 0.5 6 1 -0.03249408843942403 -0.09826226831254158 
10.5 10.5 -0.5 1 0.3562766858105711 -0.44645922087481 
10.5 10.5 6 1 0.3120824082974504 -0.04973443411459802 
0.5 10.5 -0.5 1 -0.2003766275940745 -0.6751911851131592 
0.5 10.5 6 1 -0.2190554225596661 -0.03481780358064402 
0.5 5.5 9.5 1 -0.3720410429008624 0.146960250524358 
10.5 5.5 9.5 1 0.09565507784964188 0.08287590648610059 
0.5 6.5 -0.5 1 -0.3424701052240236 -0.5658215495661623 
0.5 8.5 -0.5 1 -0.2808300413493335 -0.6132660307169815 
0.5 8.5 4.5 1 -0.2886751255885631 -0.17648825696069 
0.5 6.5 4.5 1 -0.3460358932134125 -0.179911523343954 
0.5 2.5 2 1 -0.4301506811496887 -0.3377729845524172 
0.5 4.5 2 1 -0.3916056247984787 -0.3510632176899334 
0.5 4.5 4.5 1 -0.391986236837114 -0.182653820442473 
0.5 2.5 4.5 1 -0.4296228603400942 -0.1848999582358156 
