0 0 0 1 -0.7122274964398234 -0.5128679576576742 
0 0 6.5 1 -0.6304412886392403 0.01704524233941181 
10 0 0 1 -0.2406434657182928 -0.3528015000024842 
10 0 6.5 1 -0.2085685374410199 -0.05032432076109637 
10 10 0 1 0.2346453370939193 -0.4443406220512836 
10 10 6.5 1 0.2543549547776605 -0.08026961022301016 
0 10 0 1 0.08187954118736424 -0.7701541780575848 
0 10 6.5 1 0.1331787571864212 -0.01698081865242855 
0 5 10 1 -0.2743487501114645 0.305227094311834 
10 5 10 1 0.01649479444979636 0.1043888678717825 
0 6 0 1 -0.3037209334969163 -0.6452217898339884 
0 8 0 1 -0.1257259904322021 -0.7028911517480397 
0 8 5 1 -0.07670528155626914 -0.1594696219468911 
0 6 5 1 -0.248619182740966 -0.1415522554662985 
0 2 2.5 1 -0.5613214021578757 -0.3265693035258468 
0 4 2.5 1 -0.4276470233169391 -0.3546197277419947 
0 4 5 1 -0.3987767048085319 -0.1259024020561792 
0 2 5 1 -0.5310620970475739 -0.1121152339653952 
0.5 0.5 -0.5 1 -0.6504031226842814 -0.5503096804361507 
0.5 0.5 6 1 -0.5734757204147464 -0.02765229934896758 
10.5 0.5 -0.5 1 -0.2103521000253766 -0.3758884247635775 
10.5 0.5 6 1 -0.1795874863309294 -0.07577861649322139 
10.5 10.5 -0.5 1 0.2648524600967616 -0.470811438487811 
10.5 10.5 6 1 0.2831581528070328 -0.1101805088794638 
0.5 10.5 -0.5 1 0.1479563424511651 -0.8160251844285487 
0.5 10.5 6 1 0.1929926555346217 -0.07758219455782876 
0.5 5.5 9.5 1 -0.2176153921749465 0.2495328926393425 
10.5 5.5 9.5 1 0.04492796915185692 0.07554677751434545 
0.5 6.5 -0.5 1 -0.2381699467711003 -0.6875119694846987 
0.5 8.5 -0.5 1 -0.05957328926329641 -0.7469537409340954 
0.5 8.5 4.5 1 -0.01533197229731118 -0.2135269155774024 
0.5 6.5 4.5 1 -0.1876304700413285 -0.1924186927925292 
0.5 2.5 2 1 -0.5001596428235786 -0.3689716755936782 
0.5 4.5 2 1 -0.3653437122912903 -0.3991406400496393 
0.5 4.5 4.5 1 -0.3385608634266762 -0.173928268265905 
0.5 2.5 4.5 1 -0.4718660985764211 -0.1575970951055259 
