0 0 0 1 0.2578049327323107 -0.08249073453147884 
0 0 6.5 1 0.2519133628006301 0.2828962896145592 
10 0 0 1 -0.1248321923091785 -0.2984735885070313 
10 0 6.5 1 -0.1779978450912907 0.3431843995628051 
10 10 0 1 -0.5582805081327292 -0.1576618247687483 
10 10 6.5 1 -0.6201096590694781 0.2437724039366251 
0 10 0 1 -0.1319500267084964 -0.04026294078163674 
0 10 6.5 1 -0.1538921388451082 0.2323278975616609 
0 5 10 1 0.009164809952905258 0.4357612391083751 
10 5 10 1 -0.4907523934184775 0.5834173764900301 
0 6 0 1 -0.001800327448272778 -0.05436394071464563 
0 8 0 1 -0.07027126193579324 -0.046945493740818 
0 8 5 1 -0.08564707879338074 0.1715602721026955 
0 6 5 1 -0.01543546282333905 0.1763494162626146 
0 2 2.5 1 0.156459040130294 0.05516799559068508 
0 4 2.5 1 0.06908326836844431 0.05710643536813783 
0 4 5 1 0.06329053777385259 0.1817193277905688 
0 2 5 1 0.1521796693951753 0.1877824679092377 
0.5 0.5 -0.5 1 0.2213071488726976 -0.1123952231609407 
0.5 0.5 6 1 0.2131906479945598 0.2513084045522792 
10.5 0.5 -0.5 1 -0.1885783298000249 -0.350643714882174 
10.5 0.5 6 1 -0.2488546148388771 0.2856657024333292 
10.5 10.5 -0.5 1 -0.5989490582964637 -0.1907504318556714 
10.5 10.5 6 1 -0.6635598260482377 0.2086101587635068 
0.5 10.5 -0.5 1 -0.1594983062982736 -0.062738008438671 
0.5 10.5 6 1 -0.1826892910746308 0.2089150880043397 
0.5 5.5 9.5 1 -0.0248171842130068 0.4081564175594626 
10.5 5.5 9.5 1 -0.5471978672758466 0.5378668447936554 
0.5 6.5 -0.5 1 -0.03234455353607033 -0.0793189190267829 
0.5 8.5 -0.5 1 -0.09924027256493621 -0.0705956850533473 
0.5 8.5 4.5 1 -0.1156692863113886 0.1471175855955952 
0.5 6.5 4.5 1 -0.04715286253781545 0.1505104484537155 
0.5 2.5 2 1 0.1214616390556319 0.02656799216934856 
0.5 4.5 2 1 0.0361383751175172 0.03020723669640588 
0.5 4.5 4.5 1 0.02967508911256055 0.1543148896265567 
0.5 2.5 4.5 1 0.1164245932065428 0.1586106358752736 
