-0.4879444525098959 -0.4435148767510484 -0.4868527150724561 -0.08603055398891304 
-0.03813502749154407 -0.3469079539423932 -0.05417282606373305 -0.07912732731957391 
0.3112959850782466 -0.4167915934179692 0.269036708922214 -0.02465886892377986 
-0.2734477218504404 -0.6272357667348771 -0.289523292384065 -0.007111055521064012 
-0.4879444525098959 -0.4435148767510484 -0.03813502749154407 -0.3469079539423932 
-0.03813502749154407 -0.3469079539423932 0.3112959850782466 -0.4167915934179692 
0.3112959850782466 -0.4167915934179692 -0.2734477218504404 -0.6272357667348771 
-0.2734477218504404 -0.6272357667348771 -0.4879444525098959 -0.4435148767510484 
-0.4868527150724561 -0.08603055398891304 -0.4152354013362701 0.1649089531221087 
-0.4152354013362701 0.1649089531221087 -0.289523292384065 -0.007111055521064012 
-0.05417282606373305 -0.07912732731957391 0.06505060222777845 0.1030315818975208 
0.06505060222777845 0.1030315818975208 0.269036708922214 -0.02465886892377986 
-0.4152354013362701 0.1649089531221087 0.06505060222777845 0.1030315818975208 
-0.4868527150724561 -0.08603055398891304 -0.05417282606373305 -0.07912732731957391 
-0.289523292384065 -0.007111055521064012 0.269036708922214 -0.02465886892377986 
-0.3890925240668433 -0.5281835997396932 -0.3388542758599826 -0.57121369928208 
-0.3388542758599826 -0.57121369928208 -0.3461477461884621 -0.1481666448776592 
-0.3461477461884621 -0.1481666448776592 -0.3930155460086318 -0.1538826350598517 
-0.3930155460086318 -0.1538826350598517 -0.3890925240668433 -0.5281835997396932 
-0.4612961563852009 -0.3110688385382154 -0.4297614855702763 -0.3223256273208804 
-0.4297614855702763 -0.3223256273208804 -0.430592183363832 -0.1584654763928408 
-0.430592183363832 -0.1584654763928408 -0.4613913459072441 -0.1622217378643284 
-0.4613913459072441 -0.1622217378643284 -0.4612961563852009 -0.3110688385382154 
