0 0 0 1 0.2566808741753955 -0.05988677721553697 
0 0 6.5 1 0.2548812594634263 0.3096747828164185 
10 0 0 1 -0.1518165323762043 -0.2569942735904571 
10 0 6.5 1 -0.2031207565478965 0.3836402549980806 
10 10 0 1 -0.5532702488625836 -0.1194701085587185 
10 10 6.5 1 -0.6126825604725246 0.2765145782589072 
0 10 0 1 -0.1251092477856984 -0.01539526766701872 
0 10 6.5 1 -0.1447272205286048 0.2571410593667022 
0 5 10 1 0.0161289337621553 0.4630902170481557 
10 5 10 1 -0.4958148598850796 0.6180091221038144 
0 6 0 1 0.001469128121428179 -0.03014594532043833 
0 8 0 1 -0.06523587756974498 -0.02237254777311984 
0 8 5 1 -0.07869214089986822 0.1963303563632443 
0 6 5 1 -0.01006452193850259 0.2012260303349176 
0 2 2.5 1 0.1578592031117081 0.07918963235019796 
0 4 2.5 1 0.07183238846349729 0.08133313919560342 
0 4 5 1 0.06722757968985016 0.2067398006781796 
0 2 5 1 0.1549356101075153 0.2129966099354587 
0.5 0.5 -0.5 1 0.2192665560345967 -0.08929832802982161 
0.5 0.5 6 1 0.2150209433938227 0.2778920034251725 
10.5 0.5 -0.5 1 -0.2150410574963722 -0.3069360725682803 
10.5 0.5 6 1 -0.273658066448794 0.3264444585324084 
10.5 10.5 -0.5 1 -0.5925885148472175 -0.1510837613945532 
10.5 10.5 6 1 -0.6547089173126447 0.2421426792020908 
0.5 10.5 -0.5 1 -0.152629787040069 -0.03732023319571055 
0.5 10.5 6 1 -0.1735484410781989 0.233924926440835 
0.5 5.5 9.5 1 -0.01834432063900662 0.4352408201598355 
10.5 5.5 9.5 1 -0.5510559801453135 0.5724077838874667 
0.5 6.5 -0.5 1 -0.02930764014870739 -0.05455635386651376 
0.5 8.5 -0.5 1 -0.09429369817419993 -0.04547357703946139 
0.5 8.5 4.5 1 -0.1088556263030537 0.1721383439609675 
0.5 6.5 4.5 1 -0.04208449132494308 0.1755941483509428 
0.5 2.5 2 1 0.1221678201767545 0.05089718863901922 
0.5 4.5 2 1 0.03843163411746495 0.05478482974059514 
0.5 4.5 4.5 1 0.03310796628629942 0.1794858064033504 
0.5 2.5 4.5 1 0.1184221494546104 0.1839013241089706 
