0 0 0 1 0.2913348289450654 -0.3781510757640615 
0 0 6.5 1 0.2565020347217272 -0.0348488807931045 
10 0 0 1 0.5203476379235371 -0.6242353588452516 
10 0 6.5 1 0.4273590413046272 0.08442716491400303 
10 10 0 1 -0.550520298718301 -0.6522718392179955 
10 10 6.5 1 -0.5340482754841889 0.01106267965214578 
0 10 0 1 -0.2299150793930831 -0.401150380486187 
0 10 6.5 1 -0.23740954054552 -0.06879491871563188 
0 5 10 1 -0.005162321384439161 0.1158492369688577 
10 5 10 1 -0.08596689500321661 0.361724933119955 
0 6 0 1 -0.02612636478459592 -0.3921585347875393 
0 8 0 1 -0.1287824503916435 -0.3966880676597551 
0 8 5 1 -0.1386275375929928 -0.1363576537360655 
0 6 5 1 -0.04010245292637008 -0.1301239948474968 
0 2 2.5 1 0.172360001922628 -0.2474187618671146 
0 4 2.5 1 0.06878794776720347 -0.2529997226469974 
0 4 5 1 0.0598585003385889 -0.1237994888910862 
0 2 5 1 0.1612869413415473 -0.1173821353313185 
0.5 0.5 -0.5 1 0.2719838919609991 -0.4140712957589079 
0.5 0.5 6 1 0.2372155640852832 -0.05930979807243187 
10.5 0.5 -0.5 1 0.4928874631107498 -0.7180696966452931 
10.5 0.5 6 1 0.3976082684982448 0.04115269492031237 
10.5 10.5 -0.5 1 -0.638753957501727 -0.7403032204918267 
10.5 10.5 6 1 -0.6124630997011425 -0.03299950172063719 
0.5 10.5 -0.5 1 -0.2632493158377799 -0.4363498495961614 
0.5 10.5 6 1 -0.269230023151655 -0.09328009407037705 
0.5 5.5 9.5 1 -0.03051742058377819 0.09649651967040826 
10.5 5.5 9.5 1 -0.1396942934937059 0.3366612397342614 
0.5 6.5 -0.5 1 -0.05413241280771354 -0.427645564969288 
0.5 8.5 -0.5 1 -0.1594947539921384 -0.4320311683965304 
0.5 8.5 4.5 1 -0.1683699266219273 -0.1631650438049679 
0.5 6.5 4.5 1 -0.06735501118955198 -0.1569591295958127 
0.5 2.5 2 1 0.150172692547522 -0.2785775461969665 
0.5 4.5 2 1 0.0438391487249683 -0.284078231062532 
0.5 4.5 4.5 1 0.03517286829028973 -0.1506602654986143 
0.5 2.5 4.5 1 0.1392479592140179 -0.1442663475032558 
