0 0 0 1 0.385299854711134 -0.680799389829214 
0 0 6.5 1 0.3552040792942457 -0.1504864552175987 
10 0 0 1 -0.3400829492332 -0.5987097658181411 
10 0 6.5 1 -0.307508675642552 -0.1496789432168102 
10 10 0 1 -0.1122766739515022 -0.4428020947430905 
10 10 6.5 1 -0.1033890594895329 -0.1700721074639946 
0 10 0 1 0.3205585470781417 -0.4732339964080026 
0 10 6.5 1 0.3064153925142327 -0.1725147472438984 
0 5 10 1 0.3151099858610993 0.02100870582078678 
10 5 10 1 -0.1739375046719727 0.003637421534882872 
0 6 0 1 0.3382639243948973 -0.5299987381592268 
0 8 0 1 0.3285668824606077 -0.4989093085863355 
0 8 5 1 0.3161697758060301 -0.2420988088440359 
0 6 5 1 0.32412680525069 -0.2459045368679522 
0 2 2.5 1 0.3553962550989685 -0.4307245583624628 
0 4 2.5 1 0.3418074236923627 -0.404795730371738 
0 4 5 1 0.3338519410107456 -0.250555923664475 
0 2 5 1 0.3460081712998653 -0.2563700665677078 
0.5 0.5 -0.5 1 0.3410476672780848 -0.7017550872578804 
0.5 0.5 6 1 0.3160004587801312 -0.1879341068136119 
10.5 0.5 -0.5 1 -0.354220601559117 -0.6192265434640555 
10.5 0.5 6 1 -0.32151681120501 -0.1820359009848607 
10.5 10.5 -0.5 1 -0.1254745793031832 -0.4584783508361342 
10.5 10.5 6 1 -0.1161033778471503 -0.1901342211523626 
0.5 10.5 -0.5 1 0.2965677414238772 -0.4898096490243395 
0.5 10.5 6 1 0.2840140839206465 -0.1944215582110669 
0.5 5.5 9.5 1 0.2878276710672886 -0.01030019521668932 
10.5 5.5 9.5 1 -0.1874433619876453 -0.02407398307185613 
0.5 6.5 -0.5 1 0.3088805417434196 -0.5484797526607788 
0.5 8.5 -0.5 1 0.3021510056266581 -0.5164137261559137 
0.5 8.5 4.5 1 0.291247829118975 -0.2646641368452778 
0.5 6.5 4.5 1 0.2965758828529859 -0.2705743583595854 
0.5 2.5 2 1 0.319063966327439 -0.4564196060504788 
0.5 4.5 2 1 0.3099003152343028 -0.4283761725683325 
0.5 4.5 4.5 1 0.3030549963189635 -0.2777614097130323 
0.5 2.5 4.5 1 0.3111033489548278 -0.2866891625619908 
