0 0 0 1 0.3231811329624019 -0.5546314713351471 
0 0 6.5 1 0.3326734728862 -0.08934642589791776 
10 0 0 1 -0.3822521978770991 -0.497404743691512 
10 0 6.5 1 -0.3295465677003739 -0.04513639687005571 
10 10 0 1 -0.2170037999777628 -0.3542001522704615 
10 10 6.5 1 -0.1912225939064674 -0.08542914345910255 
0 10 0 1 0.1981757457780611 -0.3858423847638341 
0 10 6.5 1 0.2086023461444972 -0.112510550435766 
0 5 10 1 0.2606117855992454 0.06848882102753494 
10 5 10 1 -0.2259116800249646 0.09866984987053734 
0 6 0 1 0.2332706146589154 -0.4332293893975148 
0 8 0 1 0.2141369897239374 -0.407394126227532 
0 8 5 1 0.2224274011801206 -0.1760418138876806 
0 6 5 1 0.2416879395262783 -0.1787865134480728 
0 2 2.5 1 0.2899396836517387 -0.3416680300165813 
0 4 2.5 1 0.2609135972383272 -0.3206565643727326 
0 4 5 1 0.2650348330528254 -0.1821135340768406 
0 2 5 1 0.2939228603605861 -0.1862301872267785 
0.5 0.5 -0.5 1 0.2771154405620904 -0.5748485145159187 
0.5 0.5 6 1 0.2891478068601672 -0.1216114188966326 
10.5 0.5 -0.5 1 -0.4063531324115035 -0.5188982320772814 
10.5 0.5 6 1 -0.3536806508138579 -0.07799830537090779 
10.5 10.5 -0.5 1 -0.2343599249631678 -0.369604395729264 
10.5 10.5 6 1 -0.208384600410729 -0.1048772305742444 
0.5 10.5 -0.5 1 0.1731136282546292 -0.400873107919884 
0.5 10.5 6 1 0.1842891863387155 -0.1317279058674141 
0.5 5.5 9.5 1 0.2300105284877305 0.04135456668950069 
10.5 5.5 9.5 1 -0.2459650742393138 0.07130847566085718 
0.5 6.5 -0.5 1 0.2025788616672667 -0.4501628832581827 
0.5 8.5 -0.5 1 0.1865406323430137 -0.4233339520514984 
0.5 8.5 4.5 1 0.1955361182200325 -0.1958814522957665 
0.5 6.5 4.5 1 0.211870688356622 -0.2004322666981347 
0.5 2.5 2 1 0.2511752634599676 -0.3646325041376343 
0.5 4.5 2 1 0.2269232368509634 -0.3416865876859025 
0.5 4.5 4.5 1 0.2315912954252526 -0.2059264316452942 
0.5 2.5 4.5 1 0.2558725327712658 -0.2126911890706543 
