0.4026210756053898 -0.5162649443622911 0.3427949618254237 0.02950613949125172 
-0.2764972169475879 -0.4557723940660193 -0.2762405040635344 -0.04655418433207551 
-0.004899568717984207 -0.346525219284495 -0.01663834627391117 -0.08390009147218384 
0.4331664556601807 -0.3590022803335126 0.3963888996567542 -0.04620788695336558 
0.4026210756053898 -0.5162649443622911 -0.2764972169475879 -0.4557723940660193 
-0.2764972169475879 -0.4557723940660193 -0.004899568717984207 -0.346525219284495 
-0.004899568717984207 -0.346525219284495 0.4331664556601807 -0.3590022803335126 
0.4331664556601807 -0.3590022803335126 0.4026210756053898 -0.5162649443622911 
0.3427949618254237 0.02950613949125172 0.3543858651705696 0.1750685699497558 
0.3543858651705696 0.1750685699497558 0.3963888996567542 -0.04620788695336558 
-0.2762405040635344 -0.04655418433207551 -0.12349597236501 0.08946093323294704 
-0.12349597236501 0.08946093323294704 -0.01663834627391117 -0.08390009147218384 
0.3543858651705696 0.1750685699497558 -0.12349597236501 0.08946093323294704 
0.3427949618254237 0.02950613949125172 -0.2762405040635344 -0.04655418433207551 
0.3963888996567542 -0.04620788695336558 -0.01663834627391117 -0.08390009147218384 
0.4248036532142027 -0.4020581070752922 0.4293830016298903 -0.378481365516496 
0.4293830016298903 -0.378481365516496 0.3983111369325303 -0.1119277900804508 
0.3983111369325303 -0.1119277900804508 0.3908456934294369 -0.1076853053814748 
0.3908456934294369 -0.1076853053814748 0.4248036532142027 -0.4020581070752922 
0.3904942622877083 -0.2761962011485158 0.3999136692671158 -0.2622694568636207 
0.3999136692671158 -0.2622694568636207 0.3817201568588057 -0.1024994179985208 
0.3817201568588057 -0.1024994179985208 0.3703115255361197 -0.09601608665957252 
0.3703115255361197 -0.09601608665957252 0.3904942622877083 -0.2761962011485158 
