-0.5000950364420387 -0.3305424604593395 -0.4809115999072515 0.3008725111124487 
-0.2528469566376912 -0.1172060191625856 -0.2344819164193662 0.204315504323769 
0.2338425548093001 -0.1581375544420536 0.2695849550717661 0.1619214629143734 
0.4458873037349877 -0.4101000072007328 0.5330117187466278 0.215597012514002 
-0.5000950364420387 -0.3305424604593395 -0.2528469566376912 -0.1172060191625856 
-0.2528469566376912 -0.1172060191625856 0.2338425548093001 -0.1581375544420536 
0.2338425548093001 -0.1581375544420536 0.4458873037349877 -0.4101000072007328 
0.4458873037349877 -0.4101000072007328 -0.5000950364420387 -0.3305424604593395 
-0.4809115999072515 0.3008725111124487 0.05796286767011291 0.6355892244769248 
0.05796286767011291 0.6355892244769248 0.5330117187466278 0.215597012514002 
-0.2344819164193662 0.204315504323769 0.03293522023999341 0.3655261490482403 
0.03293522023999341 0.3655261490482403 0.2695849550717661 0.1619214629143734 
0.05796286767011291 0.6355892244769248 0.03293522023999341 0.3655261490482403 
-0.4809115999072515 0.3008725111124487 -0.2344819164193662 0.204315504323769 
0.5330117187466278 0.215597012514002 0.2695849550717661 0.1619214629143734 
0.0674957344289927 -0.3782771034497205 0.256691746875029 -0.3941885744827253 
0.256691746875029 -0.3941885744827253 0.3123359256407007 0.08013504923394721 
0.3123359256407007 0.08013504923394721 0.1128579201669785 0.09691184864202586 
0.1128579201669785 0.09691184864202586 0.0674957344289927 -0.3782771034497205 
-0.2988266407932731 -0.1143025156947923 -0.1046246718712149 -0.1306352781147775 
-0.1046246718712149 -0.1306352781147775 -0.0866205917587218 0.1136886906444908 
-0.0866205917587218 0.1136886906444908 -0.2860996101383286 0.1304655752415044 
-0.2860996101383286 0.1304655752415044 -0.2988266407932731 -0.1143025156947923 
