0 0 0 1 0.1796428678046234 -0.4000926115472336 
0 0 6.5 1 0.1327040665443828 0.2384901380675263 
10 0 0 1 -0.2319909519214236 -0.2137583276329158 
10 0 6.5 1 -0.2723415675536887 0.1442438714626653 
10 10 0 1 0.1503381683785699 -0.1082484027918733 
10 10 6.5 1 0.1303092836538272 0.161426908451478 
0 10 0 1 0.5958684193979132 -0.1747824309974035 
0 10 6.5 1 0.5833626235675867 0.2282609040462225 
0 5 10 1 0.3978260366825736 0.5188304623234039 
10 5 10 1 -0.05739312470726241 0.3275370198947361 
0 6 0 1 0.4725171228809583 -0.2415546480871599 
0 8 0 1 0.5390961513575252 -0.2055142539559856 
0 8 5 1 0.5269283094660547 0.1259342783601442 
0 6 5 1 0.4568943108376525 0.1182573321766612 
0 2 2.5 1 0.2846360489532202 -0.1237614470782521 
0 4 2.5 1 0.3834199797383005 -0.09143515699927847 
0 4 5 1 0.3731021877659815 0.1090722558991498 
0 2 5 1 0.2710561874492976 0.09788623670827681 
0.5 0.5 -0.5 1 0.1795951050487059 -0.4111546025998811 
0.5 0.5 6 1 0.1360011118421213 0.1812263414013297 
10.5 0.5 -0.5 1 -0.2158735906485698 -0.2275124210846633 
10.5 0.5 6 1 -0.2540425777977554 0.1155074986799127 
10.5 10.5 -0.5 1 0.1511899230343891 -0.1218365243193198 
10.5 10.5 6 1 0.1317945547423928 0.1392548792476327 
0.5 10.5 -0.5 1 0.5776872574096317 -0.191773642528926 
0.5 10.5 6 1 0.5650607469962763 0.1923888307449875 
0.5 5.5 9.5 1 0.3853961364240942 0.4573171784654488 
10.5 5.5 9.5 1 -0.04902757314410113 0.2959629374723622 
0.5 6.5 -0.5 1 0.4576157117566036 -0.2579427714764433 
0.5 8.5 -0.5 1 0.5222005842413564 -0.222351285314919 
0.5 8.5 4.5 1 0.5100966541947438 0.09254310460758747 
0.5 6.5 4.5 1 0.4423106652506411 0.08243914331352165 
0.5 2.5 2 1 0.278091087816934 -0.151046963320665 
0.5 4.5 2 1 0.371909657671518 -0.1180594583591577 
0.5 4.5 4.5 1 0.3619715348757587 0.07046405116909492 
0.5 2.5 4.5 1 0.2652364037734472 0.05604502393855437 
