0 0 0 1 -0.6204709340869287 -0.2935793396907823 
0 0 6.5 1 -0.5649651014873847 0.2891157182962754 
10 0 0 1 -0.249495254330136 -0.1596579165880345 
10 0 6.5 1 -0.2191702106991085 0.148907976230163 
10 10 0 1 0.236750735487496 -0.2250700734506197 
10 10 6.5 1 0.2710754627703496 0.1100224156048092 
0 10 0 1 0.3072381272063707 -0.4507890676886424 
0 10 6.5 1 0.3779587066055918 0.2343233255781199 
0 5 10 1 -0.09808221293054122 0.6058389892941207 
10 5 10 1 0.03320184098681254 0.3039923613490395 
0 6 0 1 -0.1005141537824037 -0.3816913000163204 
0 8 0 1 0.09641791496353135 -0.4150634403276851 
0 8 5 1 0.1479816561486153 0.09339313696429573 
0 6 5 1 -0.05147397833092154 0.1100866125101501 
0 2 2.5 1 -0.4356048575972342 -0.09083290480227055 
0 4 2.5 1 -0.2615692048518634 -0.1128458854703824 
0 4 5 1 -0.238157971473146 0.1257111632151435 
0 2 5 1 -0.4132589673900869 0.1403662728640719 
0.5 0.5 -0.5 1 -0.5528164912439023 -0.3308489520942963 
0.5 0.5 6 1 -0.4989896281748674 0.230676332472811 
10.5 0.5 -0.5 1 -0.2201853727211327 -0.1823454483163276 
10.5 0.5 6 1 -0.1903734292212009 0.1201807629600968 
10.5 10.5 -0.5 1 0.2583407677321808 -0.2483032462683006 
10.5 10.5 6 1 0.2920034394842914 0.07967839139885748 
0.5 10.5 -0.5 1 0.3474361027611799 -0.4877647723776312 
0.5 10.5 6 1 0.4153989887493607 0.1682671426634811 
0.5 5.5 9.5 1 -0.04493329065528377 0.5303131515325951 
10.5 5.5 9.5 1 0.05811352432120898 0.2709214411447736 
0.5 6.5 -0.5 1 -0.04685128179785776 -0.419039695896371 
0.5 8.5 -0.5 1 0.1438498957599106 -0.4522792909886193 
0.5 8.5 4.5 1 0.19350986665323 0.03532371558896358 
0.5 6.5 4.5 1 0.000469947379812911 0.05320410993553286 
0.5 2.5 2 1 -0.3726453696237281 -0.1367839509154467 
0.5 4.5 2 1 -0.2033108602970285 -0.1593698023899557 
0.5 4.5 4.5 1 -0.1806813844193086 0.06998331944393915 
0.5 2.5 4.5 1 -0.3510095789373601 0.08576003183474928 
