0.2576144249723753 -0.03062691986711043 0.2741647650068376 0.3498656425408037 
-0.2417893291324666 -0.1729783389207953 -0.2784703670388528 0.4415209484608144 
-0.5139435960906125 -0.03004658930383698 -0.5555861957243632 0.3376711280697034 
-0.08603363759213611 0.03373496779057249 -0.0930197298582485 0.3026199489315566 
0.2576144249723753 -0.03062691986711043 -0.2417893291324666 -0.1729783389207953 
-0.2417893291324666 -0.1729783389207953 -0.5139435960906125 -0.03004658930383698 
-0.5139435960906125 -0.03004658930383698 -0.08603363759213611 0.03373496779057249 
-0.08603363759213611 0.03373496779057249 0.2576144249723753 -0.03062691986711043 
0.2741647650068376 0.3498656425408037 0.05837074081103902 0.5088676711553443 
0.05837074081103902 0.5088676711553443 -0.0930197298582485 0.3026199489315566 
-0.2784703670388528 0.4415209484608144 -0.480404689888452 0.6614955387632619 
-0.480404689888452 0.6614955387632619 -0.5555861957243632 0.3376711280697034 
0.05837074081103902 0.5088676711553443 -0.480404689888452 0.6614955387632619 
0.2741647650068376 0.3498656425408037 -0.2784703670388528 0.4415209484608144 
-0.0930197298582485 0.3026199489315566 -0.5555861957243632 0.3376711280697034 
0.02468839934116428 0.01299782395466591 -0.03404348649501664 0.02399772603443542 
-0.03404348649501664 0.02399772603443542 -0.03742323483039174 0.2408469690323133 
-0.03742323483039174 0.2408469690323133 0.02381212118211261 0.2440492222525406 
0.02381212118211261 0.2440492222525406 0.02468839934116428 0.01299782395466591 
0.1716777282276068 0.1155370127500691 0.0927341655281593 0.1210848489423013 
0.0927341655281593 0.1210848489423013 0.09396245699358194 0.2477176771024878 
0.09396245699358194 0.2477176771024878 0.1751274516759035 0.2519621345943022 
0.1751274516759035 0.2519621345943022 0.1716777282276068 0.1155370127500691 
