-0.03289870322014683 -0.05352434948741071 -0.01227157497513429 0.1981165550420556 
0.3718309318305978 -0.1169601813553 0.4091905058051808 0.1788791902144209 
0.3223576692274175 -0.2469964702117798 0.384526449681247 0.2598438190936803 
-0.2880467122679891 -0.1193302229471306 -0.266633405295873 0.2702468536884369 
-0.03289870322014683 -0.05352434948741071 0.3718309318305978 -0.1169601813553 
0.3718309318305978 -0.1169601813553 0.3223576692274175 -0.2469964702117798 
0.3223576692274175 -0.2469964702117798 -0.2880467122679891 -0.1193302229471306 
-0.2880467122679891 -0.1193302229471306 -0.03289870322014683 -0.05352434948741071 
-0.01227157497513429 0.1981165550420556 -0.09930763663157192 0.3994355579792401 
-0.09930763663157192 0.3994355579792401 -0.266633405295873 0.2702468536884369 
0.4091905058051808 0.1788791902144209 0.4269226888154224 0.4224659716259253 
0.4269226888154224 0.4224659716259253 0.384526449681247 0.2598438190936803 
-0.09930763663157192 0.3994355579792401 0.4269226888154224 0.4224659716259253 
-0.01227157497513429 0.1981165550420556 0.4091905058051808 0.1788791902144209 
-0.266633405295873 0.2702468536884369 0.384526449681247 0.2598438190936803 
-0.1589366981641014 -0.08603113007076808 -0.2172355332566617 -0.10106713125011 
-0.2172355332566617 -0.10106713125011 -0.2005031591386292 0.166656610136083 
-0.2005031591386292 0.166656610136083 -0.1421898777474719 0.157812811512924 
-0.1421898777474719 0.157812811512924 -0.1589366981641014 -0.08603113007076808 
-0.06059899668018884 0.03959474894699148 -0.1019359509634165 0.03716946515240487 
-0.1019359509634165 0.03716946515240487 -0.09357215231320272 0.1504394419648693 
-0.09357215231320272 0.1504394419648693 -0.05241750432173275 0.1441979235567019 
-0.05241750432173275 0.1441979235567019 -0.06059899668018884 0.03959474894699148 
