-0.7122274964398234 -0.5128679576576742 -0.6304412886392403 0.01704524233941181 
-0.2406434657182928 -0.3528015000024842 -0.2085685374410199 -0.05032432076109637 
0.2346453370939193 -0.4443406220512836 0.2543549547776605 -0.08026961022301016 
0.08187954118736424 -0.7701541780575848 0.1331787571864212 -0.01698081865242855 
-0.7122274964398234 -0.5128679576576742 -0.2406434657182928 -0.3528015000024842 
-0.2406434657182928 -0.3528015000024842 0.2346453370939193 -0.4443406220512836 
0.2346453370939193 -0.4443406220512836 0.08187954118736424 -0.7701541780575848 
0.08187954118736424 -0.7701541780575848 -0.7122274964398234 -0.5128679576576742 
-0.6304412886392403 0.01704524233941181 -0.2743487501114645 0.305227094311834 
-0.2743487501114645 0.305227094311834 0.1331787571864212 -0.01698081865242855 
-0.2085685374410199 -0.05032432076109637 0.01649479444979636 0.1043888678717825 
0.01649479444979636 0.1043888678717825 0.2543549547776605 -0.08026961022301016 
-0.2743487501114645 0.305227094311834 0.01649479444979636 0.1043888678717825 
-0.6304412886392403 0.01704524233941181 -0.2085685374410199 -0.05032432076109637 
0.1331787571864212 -0.01698081865242855 0.2543549547776605 -0.08026961022301016 
-0.3037209334969163 -0.6452217898339884 -0.1257259904322021 -0.7028911517480397 
-0.1257259904322021 -0.7028911517480397 -0.07670528155626914 -0.1594696219468911 
-0.07670528155626914 -0.1594696219468911 -0.248619182740966 -0.1415522554662985 
-0.248619182740966 -0.1415522554662985 -0.3037209334969163 -0.6452217898339884 
-0.5613214021578757 -0.3265693035258468 -0.4276470233169391 -0.3546197277419947 
-0.4276470233169391 -0.3546197277419947 -0.3987767048085319 -0.1259024020561792 
-0.3987767048085319 -0.1259024020561792 -0.5310620970475739 -0.1121152339653952 
-0.5310620970475739 -0.1121152339653952 -0.5613214021578757 -0.3265693035258468 
