-0.1112461771650381 -0.03532666741082374 -0.1080262783558777 0.2163961361244737 
0.2800214911301843 -0.06682278255882997 0.3039813761387486 0.2042840614742951 
0.3244679434766758 -0.2293211852296838 0.3693516905397972 0.2190927288160007 
-0.2966574485338037 -0.1609186536721955 -0.3059399838390152 0.2368558456676037 
-0.1112461771650381 -0.03532666741082374 0.2800214911301843 -0.06682278255882997 
0.2800214911301843 -0.06682278255882997 0.3244679434766758 -0.2293211852296838 
0.3244679434766758 -0.2293211852296838 -0.2966574485338037 -0.1609186536721955 
-0.2966574485338037 -0.1609186536721955 -0.1112461771650381 -0.03532666741082374 
-0.1080262783558777 0.2163961361244737 -0.1837763488405074 0.4059811780063518 
-0.1837763488405074 0.4059811780063518 -0.3059399838390152 0.2368558456676037 
0.3039813761387486 0.2042840614742951 0.346769837204104 0.4108567908034968 
0.346769837204104 0.4108567908034968 0.3693516905397972 0.2190927288160007 
-0.1837763488405074 0.4059811780063518 0.346769837204104 0.4108567908034968 
-0.1080262783558777 0.2163961361244737 0.3039813761387486 0.2042840614742951 
-0.3059399838390152 0.2368558456676037 0.3693516905397972 0.2190927288160007 
-0.2017108658062309 -0.09660471080639881 -0.2442930443673425 -0.1254485903901258 
-0.2442930443673425 -0.1254485903901258 -0.2477882481692074 0.1443801315914007 
-0.2477882481692074 0.1443801315914007 -0.202840772911738 0.148193556541627 
-0.202840772911738 0.148193556541627 -0.2017108658062309 -0.09660471080639881 
-0.1358503564138662 0.04869386360981569 -0.1661597736728614 0.03694663690883412 
-0.1661597736728614 0.03694663690883412 -0.1659050374559904 0.1513272510224642 
-0.1659050374559904 0.1513272510224642 -0.1350142311240768 0.1539480828027576 
-0.1350142311240768 0.1539480828027576 -0.1358503564138662 0.04869386360981569 
