0 0 0 1 -0.6859999131468992 -0.4182760827078413 
0 0 6.5 1 -0.6107963242876631 0.1257595055716485 
10 0 0 1 -0.2465004156714628 -0.2748491388045606 
10 0 6.5 1 -0.2134850441773801 0.02749319090590435 
10 10 0 1 0.2331906330918372 -0.3554989725297767 
10 10 6.5 1 0.2596814194063114 -0.005047522527621802 
0 10 0 1 0.1669550744382064 -0.6322604999504995 
0 10 6.5 1 0.2237827251105736 0.09027947212936735 
0 5 10 1 -0.2141616726864365 0.4233800236861877 
10 5 10 1 0.02211584822025346 0.1812228855299784 
0 6 0 1 -0.2330661204450613 -0.531905494683276 
0 8 0 1 -0.04525452864403372 -0.5790225812914939 
0 8 5 1 0.003936493468705097 -0.05185678528986691 
0 6 5 1 -0.1802716327648871 -0.03561133972459057 
0 2 2.5 1 -0.5215714096505822 -0.2266960204406317 
0 4 2.5 1 -0.3723259676018966 -0.2516865454072534 
0 4 5 1 -0.3450924710749452 -0.0210756728594173 
0 2 5 1 -0.4934336813501696 -0.007993356102351756 
0.5 0.5 -0.5 1 -0.6216304569066604 -0.455873300760741 
0.5 0.5 6 1 -0.5505612158015424 0.07656209992341918 
10.5 0.5 -0.5 1 -0.2166450632940504 -0.2978108740931789 
10.5 0.5 6 1 -0.1846920920926045 0.0009176434590751347 
10.5 10.5 -0.5 1 0.2600012597400227 -0.3807113574112183 
10.5 10.5 6 1 0.2854436902592986 -0.03511170401681663 
0.5 10.5 -0.5 1 0.2238213208053117 -0.6747146989650362 
0.5 10.5 6 1 0.2762008035805565 0.027453400846991 
0.5 5.5 9.5 1 -0.1580128871988278 0.3611376718460954 
10.5 5.5 9.5 1 0.04919173627757936 0.1509260735705446 
0.5 6.5 -0.5 1 -0.1709967099704867 -0.5725178236742047 
0.5 8.5 -0.5 1 0.0147402505784561 -0.6205950023096896 
0.5 8.5 4.5 1 0.06039914008174486 -0.1075535100916344 
0.5 6.5 4.5 1 -0.1217123240552669 -0.08875450209331083 
0.5 2.5 2 1 -0.4591923226736584 -0.270490476612555 
0.5 4.5 2 1 -0.3107184869814958 -0.2970872410955122 
0.5 4.5 4.5 1 -0.2851651081320215 -0.07188159291228643 
0.5 2.5 4.5 1 -0.4326870502113525 -0.056653193194457 
