-0.6499205969811817 -0.3323374652677323 -0.5851041456558691 0.232001769368935 
-0.2485777835074782 -0.2006627131662161 -0.2164835161348782 0.1043001202205878 
0.2351389254165668 -0.2718569040595453 0.2668015080996309 0.0684751458805241 
0.2511468162076411 -0.5101198668536181 0.3154927109035426 0.1885978142027965 
-0.6499205969811817 -0.3323374652677323 -0.2485777835074782 -0.2006627131662161 
-0.2485777835074782 -0.2006627131662161 0.2351389254165668 -0.2718569040595453 
0.2351389254165668 -0.2718569040595453 0.2511468162076411 -0.5101198668536181 
0.2511468162076411 -0.5101198668536181 -0.6499205969811817 -0.3323374652677323 
-0.5851041456558691 0.232001769368935 -0.1473789662343871 0.540835629335945 
-0.1473789662343871 0.540835629335945 0.3154927109035426 0.1885978142027965 
-0.2164835161348782 0.1043001202205878 0.02914470903868791 0.2584421695000589 
0.02914470903868791 0.2584421695000589 0.2668015080996309 0.0684751458805241 
-0.1473789662343871 0.540835629335945 0.02914470903868791 0.2584421695000589 
-0.5851041456558691 0.232001769368935 -0.2164835161348782 0.1043001202205878 
0.3154927109035426 0.1885978142027965 0.2668015080996309 0.0684751458805241 
-0.1560525491017237 -0.4297786182085768 0.03834194496087338 -0.4681330404234655 
0.03834194496087338 -0.4681330404234655 0.0885285204667783 0.04686980703503418 
0.0885285204667783 0.04686980703503418 -0.1056406334037178 0.06275103183230597 
-0.1056406334037178 0.06275103183230597 -0.1560525491017237 -0.4297786182085768 
-0.4731199751906706 -0.1344555162627322 -0.3089632864829621 -0.1572495836103629 
-0.3089632864829621 -0.1572495836103629 -0.2838963853674332 0.07733068885769853 
-0.2838963853674332 0.07733068885769853 -0.4481180325617928 0.09076248707942514 
-0.4481180325617928 0.09076248707942514 -0.4731199751906706 -0.1344555162627322 
