0.275930482148011 -0.2363480277770096 0.2430886466704914 0.08573947297748728 
0.5596384858961785 -0.4634358176331602 0.493106385425812 0.178111984595515 
-0.4330151725086949 -0.5683673894411699 -0.4959460130618196 0.08034762325304753 
-0.2210140706270693 -0.2875306446124357 -0.2529516589451312 0.03635350004837951 
0.275930482148011 -0.2363480277770096 0.5596384858961785 -0.4634358176331602 
0.5596384858961785 -0.4634358176331602 -0.4330151725086949 -0.5683673894411699 
-0.4330151725086949 -0.5683673894411699 -0.2210140706270693 -0.2875306446124357 
-0.2210140706270693 -0.2875306446124357 0.275930482148011 -0.2363480277770096 
0.2430886466704914 0.08573947297748728 -0.02166824644702911 0.2344478198239383 
-0.02166824644702911 0.2344478198239383 -0.2529516589451312 0.03635350004837951 
0.493106385425812 0.178111984595515 -0.03348199251090874 0.4745557596608854 
-0.03348199251090874 0.4745557596608854 -0.4959460130618196 0.08034762325304753 
-0.02166824644702911 0.2344478198239383 -0.03348199251090874 0.4745557596608854 
0.2430886466704914 0.08573947297748728 0.493106385425812 0.178111984595515 
-0.2529516589451312 0.03635350004837951 -0.4959460130618196 0.08034762325304753 
-0.02161196232813345 -0.2669932996546375 -0.1212085324553325 -0.2772512108410597 
-0.1212085324553325 -0.2772512108410597 -0.1459286387821276 -0.02826289748946764 
-0.1459286387821276 -0.02826289748946764 -0.04647187493496042 -0.01828227292861532 
-0.04647187493496042 -0.01828227292861532 -0.02161196232813345 -0.2669932996546375 
0.1643776477271162 -0.1223595773197248 0.06526636295798659 -0.1324363935046149 
0.06526636295798659 -0.1324363935046149 0.05277721448909543 -0.008322488784923081 
0.05277721448909543 -0.008322488784923081 0.1518192792751792 0.001616520148451432 
0.1518192792751792 0.001616520148451432 0.1643776477271162 -0.1223595773197248 
