0.4026861878508758 -0.6006266598379135 0.354414766289263 -0.06118529613502547 
-0.3037556609089302 -0.5277664569521072 -0.2882403079954154 -0.09969858279635838 
-0.05267258827978476 -0.400241123937746 -0.05509837100023818 -0.1326549347562106 
0.3835927822717602 -0.4219189517681143 0.3562789896628067 -0.1147327822652943 
0.4026861878508758 -0.6006266598379135 -0.3037556609089302 -0.5277664569521072 
-0.3037556609089302 -0.5277664569521072 -0.05267258827978476 -0.400241123937746 
-0.05267258827978476 -0.400241123937746 0.3835927822717602 -0.4219189517681143 
0.3835927822717602 -0.4219189517681143 0.4026861878508758 -0.6006266598379135 
0.354414766289263 -0.06118529613502547 0.3387759834148164 0.09373775372707817 
0.3387759834148164 0.09373775372707817 0.3562789896628067 -0.1147327822652943 
-0.2882403079954154 -0.09969858279635838 -0.1446800889717532 0.04166492423949737 
-0.1446800889717532 0.04166492423949737 -0.05509837100023818 -0.1326549347562106 
0.3387759834148164 0.09373775372707817 -0.1446800889717532 0.04166492423949737 
0.354414766289263 -0.06118529613502547 -0.2882403079954154 -0.09969858279635838 
0.3562789896628067 -0.1147327822652943 -0.05509837100023818 -0.1326549347562106 
0.3888070456011443 -0.4707226628193201 0.3859505635675541 -0.4439869736176071 
0.3859505635675541 -0.4439869736176071 0.3626123191876524 -0.1817248348982919 
0.3626123191876524 -0.1817248348982919 0.3629801991652084 -0.180777268339293 
0.3629801991652084 -0.180777268339293 0.3888070456011443 -0.4707226628193201 
0.3798472000553211 -0.3556870082124837 0.3774491820535644 -0.3368181447841246 
0.3774491820535644 -0.3368181447841246 0.3634300039084034 -0.1796186841304916 
0.3634300039084034 -0.1796186841304916 0.3639925286420879 -0.1781697614960219 
0.3639925286420879 -0.1781697614960219 0.3798472000553211 -0.3556870082124837 
