0.2554916174506682 -0.1955646996869139 0.2945631917515083 0.1773434634594828 
-0.3297999864723314 -0.2894488460363948 -0.3260099918799526 0.2285436940200163 
-0.422243696677245 -0.09488531389879193 -0.4247412366240107 0.2144660206473023 
-0.0115243237436827 -0.06763549422862919 0.003288714100281449 0.1834196747234141 
0.2554916174506682 -0.1955646996869139 -0.3297999864723314 -0.2894488460363948 
-0.3297999864723314 -0.2894488460363948 -0.422243696677245 -0.09488531389879193 
-0.422243696677245 -0.09488531389879193 -0.0115243237436827 -0.06763549422862919 
-0.0115243237436827 -0.06763549422862919 0.2554916174506682 -0.1955646996869139 
0.2945631917515083 0.1773434634594828 0.1324539607218084 0.3552049613442069 
0.1324539607218084 0.3552049613442069 0.003288714100281449 0.1834196747234141 
-0.3260099918799526 0.2285436940200163 -0.3891291110947512 0.4495660423301158 
-0.3891291110947512 0.4495660423301158 -0.4247412366240107 0.2144660206473023 
0.1324539607218084 0.3552049613442069 -0.3891291110947512 0.4495660423301158 
0.2945631917515083 0.1773434634594828 -0.3260099918799526 0.2285436940200163 
0.003288714100281449 0.1834196747234141 -0.4247412366240107 0.2144660206473023 
0.07113880109711704 -0.107239975647532 0.02691116421564466 -0.08605020540296804 
0.02691116421564466 -0.08605020540296804 0.04030362827395959 0.1184971964076454 
0.04030362827395959 0.1184971964076454 0.08717354803072802 0.1125112842711222 
0.08717354803072802 0.1125112842711222 0.07113880109711704 -0.107239975647532 
0.194784448639246 -0.0345440786130302 0.1320916330965771 -0.0154652749348211 
0.1320916330965771 -0.0154652749348211 0.1419813765788207 0.1055115956054482 
0.1419813765788207 0.1055115956054482 0.2069302250411112 0.09721676381821261 
0.2069302250411112 0.09721676381821261 0.194784448639246 -0.0345440786130302 
