0 0 0 1 -0.2032704988804452 -0.01089577152844035 
0 0 6.5 1 -0.2226149562562114 0.2524260755570766 
10 0 0 1 0.1885420651561485 0.004259010440974767 
10 0 6.5 1 0.1888309268501875 0.266112937389839 
10 10 0 1 0.3232431694027492 -0.1106917368667732 
10 10 6.5 1 0.3349328957527812 0.3181269737242863 
0 10 0 1 -0.3138633582589067 -0.1369212828664371 
0 10 6.5 1 -0.3557678740568287 0.2958260015164463 
0 5 10 1 -0.2881735540241783 0.4625428819214801 
10 5 10 1 0.2455713288000613 0.4779782864959047 
0 6 0 1 -0.2562602808329165 -0.07127999889881736 
0 8 0 1 -0.2818362311159174 -0.1004249385493978 
0 8 5 1 -0.3079168893347715 0.1895264366357788 
0 6 5 1 -0.2782984162445657 0.1894662614097332 
0 2 2.5 1 -0.2261057023266322 0.07866153192253098 
0 4 2.5 1 -0.2446447508308046 0.06834555634758441 
0 4 5 1 -0.254346138404824 0.1894175980728718 
0 2 5 1 -0.2345760397305663 0.1893774315810665 
0.5 0.5 -0.5 1 -0.1852198945329824 -0.03363213091696014 
0.5 0.5 6 1 -0.2039600520953937 0.232820166790696 
10.5 0.5 -0.5 1 0.2124676539484222 -0.01805891584931891 
10.5 0.5 6 1 0.2139692995184655 0.2468960586309784 
10.5 10.5 -0.5 1 0.3658255977376411 -0.150143495182097 
10.5 10.5 6 1 0.3814741456101983 0.2870225479516257 
0.5 10.5 -0.5 1 -0.2869618792353546 -0.1775767585096129 
0.5 10.5 6 1 -0.3276954457687953 0.2636452843602459 
0.5 5.5 9.5 1 -0.26522019463008 0.441420942633437 
10.5 5.5 9.5 1 0.2794868085370257 0.4574164166321008 
0.5 6.5 -0.5 1 -0.2337195511073552 -0.1022494772798415 
0.5 8.5 -0.5 1 -0.2572919480827983 -0.1355997201910869 
0.5 8.5 4.5 1 -0.2825849516335249 0.1592579996822941 
0.5 6.5 4.5 1 -0.2550716845707702 0.1624662786124945 
0.5 2.5 2 1 -0.2065040113754584 0.05501496230632163 
0.5 4.5 2 1 -0.2235237892556271 0.04225179988463605 
0.5 4.5 4.5 1 -0.2329231186210392 0.1650489881579876 
0.5 2.5 4.5 1 -0.2147095752265874 0.1671728408935944 
