0 0 0 1 -0.5437457873913798 -0.4505697833381313 
0 0 6.5 1 -0.5243049625208513 -0.0682136897814149 
10 0 0 1 -0.07873731461813657 -0.3604462673068222 
10 0 6.5 1 -0.08634906129119688 -0.08609034014086413 
10 10 0 1 0.2985057218929078 -0.4201023086047902 
10 10 6.5 1 0.2629516349878868 -0.03028019327292647 
0 10 0 1 -0.2480180059808583 -0.6177874105364424 
0 10 6.5 1 -0.2473001946130645 0.03381516104591226 
0 5 10 1 -0.4126735845928411 0.1989629147089496 
10 5 10 1 0.05020567211999187 0.09632361777356284 
0 6 0 1 -0.4066654109010122 -0.5280811188739373 
0 8 0 1 -0.3375198866182358 -0.567179070533401 
0 8 5 1 -0.330394580111802 -0.1181127423931046 
0 6 5 1 -0.3957210715882277 -0.1292906215136431 
0 2 2.5 1 -0.4990774138870022 -0.3041244918524251 
0 4 2.5 1 -0.4548942798087506 -0.312115871260114 
0 4 5 1 -0.4485048612324858 -0.1383223451962225 
0 2 5 1 -0.4920418452055573 -0.1457718673292064 
0.5 0.5 -0.5 1 -0.5040584555832132 -0.4807163063284088 
0.5 0.5 6 1 -0.4870639500766391 -0.0940433614992533 
10.5 0.5 -0.5 1 -0.0482072630307282 -0.3815419320415099 
10.5 0.5 6 1 -0.0572894179751124 -0.1049582072534653 
10.5 10.5 -0.5 1 0.3449766515998846 -0.4508467503441239 
10.5 10.5 6 1 0.3061166360756447 -0.05651314744905873 
0.5 10.5 -0.5 1 -0.1753688335800836 -0.6723087644335148 
0.5 10.5 6 1 -0.1824634582341546 -0.008123368220197271 
0.5 5.5 9.5 1 -0.3672589108197599 0.170018454769133 
10.5 5.5 9.5 1 0.08392062077617861 0.07582004577400023 
0.5 6.5 -0.5 1 -0.3520981802972702 -0.5692936167373307 
0.5 8.5 -0.5 1 -0.275185705574266 -0.61412572917618 
0.5 8.5 4.5 1 -0.2726521133426573 -0.1573751588822446 
0.5 6.5 4.5 1 -0.344703931720068 -0.1644417684754988 
0.5 2.5 2 1 -0.4565983564276991 -0.3351231417466007 
0.5 4.5 2 1 -0.4078372803304309 -0.3462676783711393 
0.5 4.5 4.5 1 -0.4028180203557666 -0.1701414105595493 
0.5 2.5 4.5 1 -0.4506819007131403 -0.1748357453275089 
