0 0 0 1 0.2851629959617645 -0.2605364184823764 
0 0 6.5 1 0.2525658478455555 0.08780635423668176 
10 0 0 1 0.156593120142888 -0.5800012556086401 
10 0 6.5 1 0.08936350095764334 0.1108046061333137 
10 10 0 1 -0.5817097946713363 -0.4727407073902473 
10 10 6.5 1 -0.6375561698734851 0.01513461128928585 
0 10 0 1 -0.1725452937119732 -0.252326025663654 
0 10 6.5 1 -0.2025747894611253 0.03562348238062648 
0 5 10 1 -0.01369978140522968 0.2309399825154504 
10 5 10 1 -0.370872525713532 0.3690417551935458 
0 6 0 1 -0.00979887615349594 -0.2552453785531273 
0 8 0 1 -0.09407748677626394 -0.2537335848735278 
0 8 5 1 -0.1175477558703636 -0.02464728709599127 
0 6 5 1 -0.03367363600748208 -0.01763795624885258 
0 2 2.5 1 0.1666862361404846 -0.1306645811049507 
0 4 2.5 1 0.06885930006132854 -0.1338358257877763 
0 4 5 1 0.05668777568361296 -0.01008648469370735 
0 2 5 1 0.1543194019591082 -0.001927443849786713 
0.5 0.5 -0.5 1 0.2563594298601505 -0.2951534098885361 
0.5 0.5 6 1 0.2230659785639182 0.05779482900128654 
10.5 0.5 -0.5 1 0.09511223142934941 -0.6585077096875267 
10.5 0.5 6 1 0.0249375807389285 0.05064108159121924 
10.5 10.5 -0.5 1 -0.6393823948652393 -0.5257501523606569 
10.5 10.5 6 1 -0.6970151516493204 -0.02879651214076418 
0.5 10.5 -0.5 1 -0.2015906426712904 -0.2808130842288825 
0.5 10.5 6 1 -0.2321661321911179 0.01027601517182194 
0.5 5.5 9.5 1 -0.04386248526008514 0.2055303953360449 
10.5 5.5 9.5 1 -0.4351172521098488 0.3252744285780843 
0.5 6.5 -0.5 1 -0.03900979873584496 -0.2859041681437028 
0.5 8.5 -0.5 1 -0.1232372512310383 -0.2832666555179544 
0.5 8.5 4.5 1 -0.1471471501352351 -0.05159628576976944 
0.5 6.5 4.5 1 -0.0633460776769611 -0.04551567797152536 
0.5 2.5 2 1 0.1373776841466162 -0.1622388688498139 
0.5 4.5 2 1 0.03943534546899684 -0.1642177355631999 
0.5 4.5 4.5 1 0.02702037310409619 -0.03895868616700479 
0.5 2.5 4.5 1 0.1247552025431957 -0.0318670446329021 
