-0.2381974370313409 -0.3598822005772342 -0.2581508148221233 0.3037250000091014 
-0.247695190463964 -0.08785384350365341 -0.2580100648694755 0.2521806786648748 
0.2177446620302445 -0.06476529913196342 0.2369110113169469 0.2369045637510943 
0.5756548125226667 -0.2668582202908626 0.6507824807502444 0.2646005710284151 
-0.2381974370313409 -0.3598822005772342 -0.247695190463964 -0.08785384350365341 
-0.247695190463964 -0.08785384350365341 0.2177446620302445 -0.06476529913196342 
0.2177446620302445 -0.06476529913196342 0.5756548125226667 -0.2668582202908626 
0.5756548125226667 -0.2668582202908626 -0.2381974370313409 -0.3598822005772342 
-0.2581508148221233 0.3037250000091014 0.2761554938075351 0.6651299232861735 
0.2761554938075351 0.6651299232861735 0.6507824807502444 0.2646005710284151 
-0.2580100648694755 0.2521806786648748 0.008511557446009631 0.433919928925476 
0.008511557446009631 0.433919928925476 0.2369110113169469 0.2369045637510943 
0.2761554938075351 0.6651299232861735 0.008511557446009631 0.433919928925476 
-0.2581508148221233 0.3037250000091014 -0.2580100648694755 0.2521806786648748 
0.6507824807502444 0.2646005710284151 0.2369110113169469 0.2369045637510943 
0.2910155602220025 -0.2993927205140354 0.4390560393439188 -0.2824715722110494 
0.4390560393439188 -0.2824715722110494 0.4859306976875413 0.1321383446633127 
0.4859306976875413 0.1321383446633127 0.3265148674683264 0.1326218036641496 
0.3265148674683264 0.1326218036641496 0.2910155602220025 -0.2993927205140354 
-0.04317416740613766 -0.1133525810998133 0.1404333881894123 -0.1026153770166285 
0.1404333881894123 -0.1026153770166285 0.1518289565036248 0.1331515721059609 
0.1518289565036248 0.1331515721059609 -0.04043143123266339 0.1337346385105186 
-0.04043143123266339 0.1337346385105186 -0.04317416740613766 -0.1133525810998133 
