-0.09099564096703794 -0.03574494772445775 -0.08264321414692742 0.2155975968789649 
0.3026441497860926 -0.07719577579998518 0.3313309136998087 0.1990652038776919 
0.3248878360524021 -0.2361937589100945 0.3760516213441493 0.2248694302326075 
-0.2946088395721845 -0.1482116658640434 -0.2957779996292452 0.2474061205942633 
-0.09099564096703794 -0.03574494772445775 0.3026441497860926 -0.07719577579998518 
0.3026441497860926 -0.07719577579998518 0.3248878360524021 -0.2361937589100945 
0.3248878360524021 -0.2361937589100945 -0.2946088395721845 -0.1482116658640434 
-0.2946088395721845 -0.1482116658640434 -0.09099564096703794 -0.03574494772445775 
-0.08264321414692742 0.2155975968789649 -0.1609545127526656 0.4077420641055995 
-0.1609545127526656 0.4077420641055995 -0.2957779996292452 0.2474061205942633 
0.3313309136998087 0.1990652038776919 0.3695613152171734 0.4130813896026732 
0.3695613152171734 0.4130813896026732 0.3760516213441493 0.2248694302326075 
-0.1609545127526656 0.4077420641055995 0.3695613152171734 0.4130813896026732 
-0.08264321414692742 0.2155975968789649 0.3313309136998087 0.1990652038776919 
-0.2957779996292452 0.2474061205942633 0.3760516213441493 0.2248694302326075 
-0.190625012743213 -0.09077570482043631 -0.2373336235561825 -0.1165754280357321 
-0.2373336235561825 -0.1165754280357321 -0.2353505077471549 0.1524348672984164 
-0.2353505077471549 0.1524348672984164 -0.1867887170915024 0.1534630804224893 
-0.1867887170915024 0.1534630804224893 -0.190625012743213 -0.09077570482043631 
-0.1161635115234653 0.0500368792746656 -0.1493307307779789 0.04030019474161967 
-0.1493307307779789 0.04030019474161967 -0.1467568178580228 0.1543106876383208 
-0.1467568178580228 0.1543106876383208 -0.1131888377944569 0.1550214323860736 
-0.1131888377944569 0.1550214323860736 -0.1161635115234653 0.0500368792746656 
