0 0 0 1 0.2809822301574965 -0.2943787481278767 
0 0 6.5 1 0.3212908080524494 0.1093499711085548 
10 0 0 1 -0.376552725727895 -0.2701346671777921 
10 0 6.5 1 -0.3294066186479198 0.1971956733941974 
10 10 0 1 -0.3128736126111218 -0.1498165887014845 
10 10 6.5 1 -0.2852474431338515 0.1242459830486135 
0 10 0 1 0.09031909763700666 -0.1750655234182841 
0 10 6.5 1 0.1154479352665423 0.07581893946453853 
0 5 10 1 0.2110048592497493 0.2551799254580385 
10 5 10 1 -0.2828299535582917 0.3371009984995521 
0 6 0 1 0.1461671749654137 -0.2100141477894212 
0 8 0 1 0.1159554139413232 -0.1911082241098528 
0 8 5 1 0.1368618493363847 0.01770987306328364 
0 6 5 1 0.1689277161179826 0.01743846485096761 
0 2 2.5 1 0.2401181186465596 -0.1216842091102281 
0 4 2.5 1 0.1947895188400567 -0.1077308619751431 
0 4 5 1 0.2072748040435325 0.01711389185088984 
0 2 5 1 0.2539490970158202 0.01671883668200875 
0.5 0.5 -0.5 1 0.2352196412971098 -0.3143358733626403 
0.5 0.5 6 1 0.2746277684231019 0.0801006702104306 
10.5 0.5 -0.5 1 -0.4118488573128449 -0.29380015779324 
10.5 0.5 6 1 -0.3659306022960842 0.1611246864515324 
10.5 10.5 -0.5 1 -0.3348049753463505 -0.1657454507244077 
10.5 10.5 6 1 -0.307604979143352 0.1040033249346592 
0.5 10.5 -0.5 1 0.06438865324956111 -0.1893006185932076 
0.5 10.5 6 1 0.08916450519321673 0.05796403006682837 
0.5 5.5 9.5 1 0.1770072793601054 0.2300522066378951 
10.5 5.5 9.5 1 -0.3109381461097062 0.3074833739048665 
0.5 6.5 -0.5 1 0.114738446206892 -0.2261528270944883 
0.5 8.5 -0.5 1 0.08753327534963587 -0.2062407168382615 
0.5 8.5 4.5 1 0.1081224549807297 -0.0006787724306088393 
0.5 6.5 4.5 1 0.1371234797573415 -0.002558074633204809 
0.5 2.5 2 1 0.2000747204915707 -0.1430724332114421 
0.5 4.5 2 1 0.1594399275257549 -0.1273227220894478 
0.5 4.5 4.5 1 0.171699597551591 -0.004798649744893801 
0.5 2.5 4.5 1 0.2136293778748068 -0.007515751265366038 
