0.2718092780546489 -0.3993010463909532 0.2378219922251266 -0.07996377584289213 
0.7137294616526684 -0.6289547642034824 0.6190079007540514 -0.02401337073975015 
-0.2525515846493542 -0.8440225078218953 -0.2827375656605809 -0.07955455319493859 
-0.2324653885937199 -0.4724908125565427 -0.2481640622846944 -0.1135928547501569 
0.2718092780546489 -0.3993010463909532 0.7137294616526684 -0.6289547642034824 
0.7137294616526684 -0.6289547642034824 -0.2525515846493542 -0.8440225078218953 
-0.2525515846493542 -0.8440225078218953 -0.2324653885937199 -0.4724908125565427 
-0.2324653885937199 -0.4724908125565427 0.2718092780546489 -0.3993010463909532 
0.2378219922251266 -0.07996377584289213 -0.005173566347418874 0.07472505736671743 
-0.005173566347418874 0.07472505736671743 -0.2481640622846944 -0.1135928547501569 
0.6190079007540514 -0.02401337073975015 0.1816578560699408 0.2717750958293276 
0.1816578560699408 0.2717750958293276 -0.2827375656605809 -0.07955455319493859 
-0.005173566347418874 0.07472505736671743 0.1816578560699408 0.2717750958293276 
0.2378219922251266 -0.07996377584289213 0.6190079007540514 -0.02401337073975015 
-0.2481640622846944 -0.1135928547501569 -0.2827375656605809 -0.07955455319493859 
-0.01700297542684285 -0.4412188794610942 -0.1222288794792543 -0.4564912296732238 
-0.1222288794792543 -0.4564912296732238 -0.1378336260056392 -0.1843913957977661 
-0.1378336260056392 -0.1843913957977661 -0.03569958188443394 -0.1755996305581642 
-0.03569958188443394 -0.1755996305581642 -0.01700297542684285 -0.4412188794610942 
0.167502769673239 -0.2838831411503734 0.072618801049068 -0.2948003815668909 
0.072618801049068 -0.2948003815668909 0.06204028612432207 -0.1671861188689288 
0.06204028612432207 -0.1671861188689288 0.1556635861990925 -0.1591269640367029 
0.1556635861990925 -0.1591269640367029 0.167502769673239 -0.2838831411503734 
