0.2568494135838251 -0.02559915739720839 0.2678294273310403 0.3534579103024615 
-0.2186483694538708 -0.1796693689446151 -0.2610647388284222 0.4479913713048931 
-0.5289283859035088 -0.04285514019859465 -0.5771299289228281 0.3349098539964463 
-0.09939750274338491 0.03027601005845042 -0.110602930396274 0.3012216144646704 
0.2568494135838251 -0.02559915739720839 -0.2186483694538708 -0.1796693689446151 
-0.2186483694538708 -0.1796693689446151 -0.5289283859035088 -0.04285514019859465 
-0.5289283859035088 -0.04285514019859465 -0.09939750274338491 0.03027601005845042 
-0.09939750274338491 0.03027601005845042 0.2568494135838251 -0.02559915739720839 
0.2678294273310403 0.3534579103024615 0.0438702073425421 0.5099090654452305 
0.0438702073425421 0.5099090654452305 -0.110602930396274 0.3012216144646704 
-0.2610647388284222 0.4479913713048931 -0.4912316877768186 0.6697204060264099 
-0.4912316877768186 0.6697204060264099 -0.5771299289228281 0.3349098539964463 
0.0438702073425421 0.5099090654452305 -0.4912316877768186 0.6697204060264099 
0.2678294273310403 0.3534579103024615 -0.2610647388284222 0.4479913713048931 
-0.110602930396274 0.3012216144646704 -0.5771299289228281 0.3349098539964463 
0.01633214518236066 0.01212451691964071 -0.04494255827755356 0.02173508240022404 
-0.04494255827755356 0.02173508240022404 -0.05164221731820914 0.2399120538763077 
-0.05164221731820914 0.2399120538763077 0.01199756462192743 0.2441487527872999 
0.01199756462192743 0.2441487527872999 0.01633214518236066 0.01212451691964071 
0.166587717647403 0.1182480363423099 0.08518949486673011 0.1221443415509463 
0.08518949486673011 0.1221443415509463 0.08455610912312045 0.2489792015584875 
0.08455610912312045 0.2489792015584875 0.1680495648950928 0.2545376215021138 
0.1680495648950928 0.2545376215021138 0.166587717647403 0.1182480363423099 
