0 0 0 1 0.2718092780546489 -0.3993010463909532 
0 0 6.5 1 0.2378219922251266 -0.07996377584289213 
10 0 0 1 0.7137294616526684 -0.6289547642034824 
10 0 6.5 1 0.6190079007540514 -0.02401337073975015 
10 10 0 1 -0.2525515846493542 -0.8440225078218953 
10 10 6.5 1 -0.2827375656605809 -0.07955455319493859 
0 10 0 1 -0.2324653885937199 -0.4724908125565427 
0 10 6.5 1 -0.2481640622846944 -0.1135928547501569 
0 5 10 1 -0.005173566347418874 0.07472505736671743 
10 5 10 1 0.1816578560699408 0.2717750958293276 
0 6 0 1 -0.01700297542684285 -0.4412188794610942 
0 8 0 1 -0.1222288794792543 -0.4564912296732238 
0 8 5 1 -0.1378336260056392 -0.1843913957977661 
0 6 5 1 -0.03569958188443394 -0.1755996305581642 
0 2 2.5 1 0.167502769673239 -0.2838831411503734 
0 4 2.5 1 0.072618801049068 -0.2948003815668909 
0 4 5 1 0.06204028612432207 -0.1671861188689288 
0 2 5 1 0.1556635861990925 -0.1591269640367029 
0.5 0.5 -0.5 1 0.2633052430472358 -0.4353249776508185 
0.5 0.5 6 1 0.2285768173806253 -0.104304730760103 
10.5 0.5 -0.5 1 0.7259962920587625 -0.714909129217687 
10.5 0.5 6 1 0.6245924840928084 -0.06670476609368399 
10.5 10.5 -0.5 1 -0.3178107694898877 -0.9717093941771393 
10.5 10.5 6 1 -0.3439970412740978 -0.1370972711322494 
0.5 10.5 -0.5 1 -0.2609144872895456 -0.5157062242346719 
0.5 10.5 6 1 -0.2758799070889368 -0.1420059265764832 
0.5 5.5 9.5 1 -0.02273375053094753 0.05471663327942124 
10.5 5.5 9.5 1 0.1594595762641484 0.2454638447910178 
0.5 6.5 -0.5 1 -0.03641964762714697 -0.4812833018999614 
0.5 8.5 -0.5 1 -0.1459612905780527 -0.4980798726959145 
0.5 8.5 4.5 1 -0.1612968391113578 -0.2149371343249447 
0.5 6.5 4.5 1 -0.05510558681086052 -0.2051473490807659 
0.5 2.5 2 1 0.1554518329343258 -0.3162411022551281 
0.5 4.5 2 1 0.05704099422532305 -0.3282644264590001 
0.5 4.5 4.5 1 0.04636281941493687 -0.1957929636252796 
0.5 2.5 4.5 1 0.1434165977878686 -0.1868455632808667 
