-0.08697540919926164 -0.03571030277436569 -0.07763943367242726 0.2156319680254339 
0.3072527343220106 -0.07898061979222074 0.3368038141335737 0.1984449568783485 
0.3250207811770899 -0.2365917816526494 0.3773283654251552 0.2273441931266833 
-0.2941922336367288 -0.1451078456100592 -0.2937486044600236 0.2502295352265942 
-0.08697540919926164 -0.03571030277436569 0.3072527343220106 -0.07898061979222074 
0.3072527343220106 -0.07898061979222074 0.3250207811770899 -0.2365917816526494 
0.3250207811770899 -0.2365917816526494 -0.2941922336367288 -0.1451078456100592 
-0.2941922336367288 -0.1451078456100592 -0.08697540919926164 -0.03571030277436569 
-0.07763943367242726 0.2156319680254339 -0.1564722872489591 0.4085090131869153 
-0.1564722872489591 0.4085090131869153 -0.2937486044600236 0.2502295352265942 
0.3368038141335737 0.1984449568783485 0.3740381925877447 0.4143209196718758 
0.3740381925877447 0.4143209196718758 0.3773283654251552 0.2273441931266833 
-0.1564722872489591 0.4085090131869153 0.3740381925877447 0.4143209196718758 
-0.07763943367242726 0.2156319680254339 0.3368038141335737 0.1984449568783485 
-0.2937486044600236 0.2502295352265942 0.3773283654251552 0.2273441931266833 
-0.1884234093624956 -0.08926851154231237 -0.2359481070552472 -0.1143585840579499 
-0.2359481070552472 -0.1143585840579499 -0.2328853389396434 0.1545960613224077 
-0.2328853389396434 0.1545960613224077 -0.1836167332451906 0.154951110513767 
-0.1836167332451906 0.154951110513767 -0.1884234093624956 -0.08926851154231237 
-0.112266575377947 0.05052839217378008 -0.145999257644796 0.04127290195100765 
-0.145999257644796 0.04127290195100765 -0.1429764481300479 0.1552439805912405 
-0.1429764481300479 0.1552439805912405 -0.1088803830074306 0.155489690413544 
-0.1088803830074306 0.155489690413544 -0.112266575377947 0.05052839217378008 
