0 0 0 1 0.1607884862115048 -0.4077624086975468 
0 0 6.5 1 0.1592896600347108 -0.1134811912772171 
10 0 0 1 0.6499916867710099 -0.5434123373975078 
10 0 6.5 1 0.6074387546788235 -0.07828140361519234 
10 10 0 1 0.08060386492336684 -0.7348876028214701 
10 10 6.5 1 0.08721851680489043 0.007671929163805632 
0 10 0 1 -0.2853289981117496 -0.4623169043519824 
0 10 6.5 1 -0.2564405238697045 -0.07713675036404979 
0 5 10 1 -0.016922476254815 0.06588673043463938 
10 5 10 1 0.3891722029906199 0.2185589926331289 
0 6 0 1 -0.07667195636212865 -0.4368008013580256 
0 8 0 1 -0.1747609670058933 -0.4487958400932384 
0 8 5 1 -0.1590948222350005 -0.1654801964376237 
0 6 5 1 -0.06657707169936963 -0.169280524969057 
0 2 2.5 1 0.09061986704496838 -0.293439436667548 
0 4 2.5 1 0.01378860727145014 -0.2964235081325198 
0 4 5 1 0.01650894685620576 -0.1726934286016236 
0 2 5 1 0.09153556079116512 -0.1757752780835135 
0.5 0.5 -0.5 1 0.1593063954708306 -0.4391024328127343 
0.5 0.5 6 1 0.1578379758321858 -0.1330149609218043 
10.5 0.5 -0.5 1 0.6764146356302982 -0.6023705445304732 
10.5 0.5 6 1 0.6292806041577804 -0.1070909588870796 
10.5 10.5 -0.5 1 0.06857777759892311 -0.8532658359812352 
10.5 10.5 6 1 0.07741719397489907 -0.03079699393837452 
0.5 10.5 -0.5 1 -0.3088658977865097 -0.5067430638287652 
0.5 10.5 6 1 -0.2769825061673312 -0.1010835922093056 
0.5 5.5 9.5 1 -0.02513496308256651 0.05119641711978098 
10.5 5.5 9.5 1 0.4008943163432122 0.2036567031642753 
0.5 6.5 -0.5 1 -0.08854151890405275 -0.4749110220132688 
0.5 8.5 -0.5 1 -0.1918167993444111 -0.4898320355759053 
0.5 8.5 4.5 1 -0.1745721785999386 -0.1921812779590031 
0.5 6.5 4.5 1 -0.07744223391026045 -0.1946433212758646 
0.5 2.5 2 1 0.08648045148069007 -0.3214066784483283 
0.5 4.5 2 1 0.006405866155923927 -0.3260242714444607 
0.5 4.5 4.5 1 0.009405959280275667 -0.1968447434460244 
0.5 2.5 4.5 1 0.08752290795063122 -0.198824846616287 
