0.3046964690828649 -0.4389985893778311 0.3273651168700245 -0.002487171275845422 
-0.3825251906205887 -0.3912565576764896 -0.3282485567895634 0.05836413498985934 
-0.250559432946463 -0.2709621469353169 -0.2215370037447262 -0.004362195255622296 
0.1574459272369496 -0.3020373639324437 0.1751178593118053 -0.04009327137699734 
0.3046964690828649 -0.4389985893778311 -0.3825251906205887 -0.3912565576764896 
-0.3825251906205887 -0.3912565576764896 -0.250559432946463 -0.2709621469353169 
-0.250559432946463 -0.2709621469353169 0.1574459272369496 -0.3020373639324437 
0.1574459272369496 -0.3020373639324437 0.3046964690828649 -0.4389985893778311 
0.3273651168700245 -0.002487171275845422 0.2430272547856683 0.1416921958402133 
0.2430272547856683 0.1416921958402133 0.1751178593118053 -0.04009327137699734 
-0.3282485567895634 0.05836413498985934 -0.2421790610932865 0.1902366901096488 
-0.2421790610932865 0.1902366901096488 -0.2215370037447262 -0.004362195255622296 
0.2430272547856683 0.1416921958402133 -0.2421790610932865 0.1902366901096488 
0.3273651168700245 -0.002487171275845422 -0.3282485567895634 0.05836413498985934 
0.1751178593118053 -0.04009327137699734 -0.2215370037447262 -0.004362195255622296 
0.1994048486004285 -0.3410643530101626 0.176589942405413 -0.3198436670166219 
0.176589942405413 -0.3198436670166219 0.1910130521773976 -0.09937724105225 
0.1910130521773976 -0.09937724105225 0.2146247874083416 -0.0994585403782499 
0.2146247874083416 -0.0994585403782499 0.1994048486004285 -0.3410643530101626 
0.2698403535082436 -0.2468831460423587 0.2351931104102723 -0.2313621105660549 
0.2351931104102723 -0.2313621105660549 0.2431104338313306 -0.09955662143126058 
0.2431104338313306 -0.09955662143126058 0.2781527723808661 -0.0996772783197812 
0.2781527723808661 -0.0996772783197812 0.2698403535082436 -0.2468831460423587 
