-0.2311977859222383 -0.01524139038263376 -0.2559968904111226 0.2523381968680599 
0.1620581211827666 0.01107661519216982 0.1556232688200194 0.270884874028646 
0.3198050045370763 -0.08493483434679547 0.32080029595841 0.339597439811447 
-0.3202128609689771 -0.1335778681621577 -0.3693607186215345 0.3121032842008765 
-0.2311977859222383 -0.01524139038263376 0.1620581211827666 0.01107661519216982 
0.1620581211827666 0.01107661519216982 0.3198050045370763 -0.08493483434679547 
0.3198050045370763 -0.08493483434679547 -0.3202128609689771 -0.1335778681621577 
-0.3202128609689771 -0.1335778681621577 -0.2311977859222383 -0.01524139038263376 
-0.2559968904111226 0.2523381968680599 -0.3174949630356034 0.4711332392824465 
-0.3174949630356034 0.4711332392824465 -0.3693607186215345 0.3121032842008765 
0.1556232688200194 0.270884874028646 0.2149466977589223 0.4855907474482729 
0.2149466977589223 0.4855907474482729 0.32080029595841 0.339597439811447 
-0.3174949630356034 0.4711332392824465 0.2149466977589223 0.4855907474482729 
-0.2559968904111226 0.2523381968680599 0.1556232688200194 0.270884874028646 
-0.3693607186215345 0.3121032842008765 0.32080029595841 0.339597439811447 
-0.2735945713105242 -0.0716035992488268 -0.2942244809228051 -0.09902896331379478 
-0.2942244809228051 -0.09902896331379478 -0.3255137748574876 0.1987851866678255 
-0.3255137748574876 0.1987851866678255 -0.3005494085957592 0.1953555018684503 
-0.3005494085957592 0.1953555018684503 -0.2735945713105242 -0.0716035992488268 
-0.2532164176173363 0.07767866920592834 -0.2683912108894876 0.06915979677968812 
-0.2683912108894876 0.06915979677968812 -0.2804470657242826 0.1925937774547276 
-0.2804470657242826 0.1925937774547276 -0.2639124072043017 0.1903221929732991 
-0.2639124072043017 0.1903221929732991 -0.2532164176173363 0.07767866920592834 
