0.2555252907751098 -0.2101566734593492 0.2958445475581978 0.1632776820621301 
-0.3360134482467029 -0.2966171504608283 -0.3284726241884743 0.2157510947814523 
-0.4146446408737829 -0.1016409334221906 -0.4140155221961278 0.2039082143520835 
-0.005014863423567746 -0.07842874050639084 0.01135293620699655 0.1716664943064877 
0.2555252907751098 -0.2101566734593492 -0.3360134482467029 -0.2966171504608283 
-0.3360134482467029 -0.2966171504608283 -0.4146446408737829 -0.1016409334221906 
-0.4146446408737829 -0.1016409334221906 -0.005014863423567746 -0.07842874050639084 
-0.005014863423567746 -0.07842874050639084 0.2555252907751098 -0.2101566734593492 
0.2958445475581978 0.1632776820621301 0.138307891105625 0.341548455006724 
0.138307891105625 0.341548455006724 0.01135293620699655 0.1716664943064877 
-0.3284726241884743 0.2157510947814523 -0.3811588419588023 0.4340826234154221 
-0.3811588419588023 0.4340826234154221 -0.4140155221961278 0.2039082143520835 
0.138307891105625 0.341548455006724 -0.3811588419588023 0.4340826234154221 
0.2958445475581978 0.1632776820621301 -0.3284726241884743 0.2157510947814523 
0.01135293620699655 0.1716664943064877 -0.4140155221961278 0.2039082143520835 
0.07533538053849675 -0.1190534633324834 0.03231100969969968 -0.09730053448116142 
0.03231100969969968 -0.09730053448116142 0.04688527805472185 0.1067309188650264 
0.04688527805472185 0.1067309188650264 0.09253026260223368 0.1003415085355307 
0.09253026260223368 0.1003415085355307 0.07533538053849675 -0.1190534633324834 
0.1968197704080363 -0.04774212828008769 0.1355484124353702 -0.02793283434069184 
0.1355484124353702 -0.02793283434069184 0.1459995948866442 0.09285684165709984 
0.1459995948866442 0.09285684165709984 0.2094937168328474 0.08396889914497026 
0.2094937168328474 0.08396889914497026 0.1968197704080363 -0.04774212828008769 
