0.2580244580101197 -0.2481719233756723 0.3015800690864291 0.1303431134929051 
-0.3547712500935395 -0.3038755663998902 -0.334438962554948 0.1939563078843708 
-0.3883729459119545 -0.1177140542313608 -0.3777921171322954 0.1769332621202297 
0.0184451685709629 -0.1097617974451099 0.03943453204513025 0.1385772192649662 
0.2580244580101197 -0.2481719233756723 -0.3547712500935395 -0.3038755663998902 
-0.3547712500935395 -0.3038755663998902 -0.3883729459119545 -0.1177140542313608 
-0.3883729459119545 -0.1177140542313608 0.0184451685709629 -0.1097617974451099 
0.0184451685709629 -0.1097617974451099 0.2580244580101197 -0.2481719233756723 
0.3015800690864291 0.1303431134929051 0.1587086545581708 0.3059847485477975 
0.1587086545581708 0.3059847485477975 0.03943453204513025 0.1385772192649662 
-0.334438962554948 0.1939563078843708 -0.3538523595087945 0.396543643091342 
-0.3538523595087945 0.396543643091342 -0.3777921171322954 0.1769332621202297 
0.1587086545581708 0.3059847485477975 -0.3538523595087945 0.396543643091342 
0.3015800690864291 0.1303431134929051 -0.334438962554948 0.1939563078843708 
0.03943453204513025 0.1385772192649662 -0.3777921171322954 0.1769332621202297 
0.09129954077720036 -0.1518513405573841 0.05217646375008344 -0.1292490946337457 
0.05217646375008344 -0.1292490946337457 0.07025121805910893 0.07438936991904317 
0.07025121805910893 0.07438936991904317 0.1118901810906493 0.06789534705137129 
0.1118901810906493 0.06789534705137129 0.09129954077720036 -0.1518513405573841 
0.2055643625666421 -0.0814660157504792 0.1489269303173316 -0.06076162126327938 
0.1489269303173316 -0.06076162126327938 0.1609711870051305 0.06024066135385414 
0.1609711870051305 0.06024066135385414 0.2196851776080288 0.05108361300616415 
0.2196851776080288 0.05108361300616415 0.2055643625666421 -0.0814660157504792 
