-0.2970410465320353 -0.1225474666645869 -0.3296499217898594 0.1539724033028673 
0.09962381962732718 -0.06934728151136904 0.0795522920868752 0.1816018769530872 
0.3130417583718838 -0.1508980839469038 0.2888857236452699 0.2493745424138073 
-0.3190370053469939 -0.2551508919871061 -0.3761010249550796 0.2143846613400028 
-0.2970410465320353 -0.1225474666645869 0.09962381962732718 -0.06934728151136904 
0.09962381962732718 -0.06934728151136904 0.3130417583718838 -0.1508980839469038 
0.3130417583718838 -0.1508980839469038 -0.3190370053469939 -0.2551508919871061 
-0.3190370053469939 -0.2551508919871061 -0.2970410465320353 -0.1225474666645869 
-0.3296499217898594 0.1539724033028673 -0.3702390510363421 0.3733150537388455 
-0.3702390510363421 0.3733150537388455 -0.3761010249550796 0.2143846613400028 
0.0795522920868752 0.1816018769530872 0.1472592779204076 0.3812676718610933 
0.1472592779204076 0.3812676718610933 0.2888857236452699 0.2493745424138073 
-0.3702390510363421 0.3733150537388455 0.1472592779204076 0.3812676718610933 
-0.3296499217898594 0.1539724033028673 0.0795522920868752 0.1816018769530872 
-0.3761010249550796 0.2143846613400028 0.2888857236452699 0.2493745424138073 
-0.3073884857806114 -0.1849273746840882 -0.3125077159410667 -0.2157888370100265 
-0.3125077159410667 -0.2157888370100265 -0.3503394731356605 0.09829096691121281 
-0.3503394731356605 0.09829096691121281 -0.3408897559807484 0.09515683784945196 
-0.3408897559807484 0.09515683784945196 -0.3073884857806114 -0.1849273746840882 
-0.3133592482338199 -0.02576917908507767 -0.3181183440016722 -0.03521510708440374 
-0.3181183440016722 -0.03521510708440374 -0.3333261188419114 0.09264825324519001 
-0.3333261188419114 0.09264825324519001 -0.3271351323512836 0.09059492716535499 
-0.3271351323512836 0.09059492716535499 -0.3133592482338199 -0.02576917908507767 
