0.09664976124659501 -0.4090881985543403 0.1112611457707277 -0.1279534991488578 
0.5659175749580638 -0.5601721298062206 0.5607990300973169 -0.1478166245688981 
0.1778091166757763 -0.8010405965721948 0.2049712657601925 -0.09923140866657652 
-0.3066806827024483 -0.4832828829855195 -0.2650537021295786 -0.09222054975287834 
0.09664976124659501 -0.4090881985543403 0.5659175749580638 -0.5601721298062206 
0.5659175749580638 -0.5601721298062206 0.1778091166757763 -0.8010405965721948 
0.1778091166757763 -0.8010405965721948 -0.3066806827024483 -0.4832828829855195 
-0.3066806827024483 -0.4832828829855195 0.09664976124659501 -0.4090881985543403 
0.1112611457707277 -0.1279534991488578 -0.03476740013073452 0.05134192665524486 
-0.03476740013073452 0.05134192665524486 -0.2650537021295786 -0.09222054975287834 
0.5607990300973169 -0.1478166245688981 0.4281495724198823 0.1214997510092546 
0.4281495724198823 0.1214997510092546 0.2049712657601925 -0.09923140866657652 
-0.03476740013073452 0.05134192665524486 0.4281495724198823 0.1214997510092546 
0.1112611457707277 -0.1279534991488578 0.5607990300973169 -0.1478166245688981 
-0.2650537021295786 -0.09222054975287834 0.2049712657601925 -0.09923140866657652 
-0.1121008915779663 -0.4474889417748985 -0.2022146038777877 -0.4640658170078825 
-0.2022146038777877 -0.4640658170078825 -0.1761248411265624 -0.1818403184494729 
-0.1761248411265624 -0.1818403184494729 -0.0909856268910853 -0.1845493586682267 
-0.0909856268910853 -0.1845493586682267 -0.1121008915779663 -0.4474889417748985 
0.04255940884399241 -0.3028098627768233 -0.02484945441191006 -0.3078674875622366 
-0.02484945441191006 -0.3078674875622366 -0.01642176139386012 -0.1869219024168576 
-0.01642176139386012 -0.1869219024168576 0.04942192260565587 -0.1890169791650675 
0.04942192260565587 -0.1890169791650675 0.04255940884399241 -0.3028098627768233 
