0.2809535673698089 -0.2464316918815198 0.2515597457140727 0.1022972311128938 
0.1082652923383315 -0.5681112713586274 0.04421953271238759 0.1096366238098399 
-0.5772691574185712 -0.4416801279015549 -0.6374392246224 0.02585697438646337 
-0.1658528812492906 -0.2297470857969852 -0.1960610434472681 0.05347047268099664 
0.2809535673698089 -0.2464316918815198 0.1082652923383315 -0.5681112713586274 
0.1082652923383315 -0.5681112713586274 -0.5772691574185712 -0.4416801279015549 
-0.5772691574185712 -0.4416801279015549 -0.1658528812492906 -0.2297470857969852 
-0.1658528812492906 -0.2297470857969852 0.2809535673698089 -0.2464316918815198 
0.2515597457140727 0.1022972311128938 -0.01220443407883007 0.2477555397986589 
-0.01220443407883007 0.2477555397986589 -0.1960610434472681 0.05347047268099664 
0.04421953271238759 0.1096366238098399 -0.3959232520530322 0.3709947949366202 
-0.3959232520530322 0.3709947949366202 -0.6374392246224 0.02585697438646337 
-0.01220443407883007 0.2477555397986589 -0.3959232520530322 0.3709947949366202 
0.2515597457140727 0.1022972311128938 0.04421953271238759 0.1096366238098399 
-0.1960610434472681 0.05347047268099664 -0.6374392246224 0.02585697438646337 
-0.008665655959173835 -0.2356167569791985 -0.09029411152619284 -0.2325685945575641 
-0.09029411152619284 -0.2325685945575641 -0.1135032933599133 -0.006973764292323614 
-0.1135032933599133 -0.006973764292323614 -0.03185533802897558 -0.0008899214674848157 
-0.03185533802897558 -0.0008899214674848157 -0.008665655959173835 -0.2356167569791985 
0.1646188073053801 -0.1156241190567996 0.06832270247169178 -0.117352567346052 
0.06832270247169178 -0.117352567346052 0.05670991641025244 0.005709350805362336 
0.05670991641025244 0.005709350805362336 0.1531104157013387 0.01289245151554906 
0.1531104157013387 0.01289245151554906 0.1646188073053801 -0.1156241190567996 
