0 0 0 1 0.1223223208675169 -0.4198696529047709 
0 0 6.5 1 0.1310317981992207 -0.1322836438982842 
10 0 0 1 0.60268715086256 -0.5700743216313277 
10 0 6.5 1 0.5829575593670777 -0.1344765549853507 
10 10 0 1 0.1444321938730546 -0.7978933372671934 
10 10 6.5 1 0.1627849612019081 -0.07058406007835832 
0 10 0 1 -0.2999175395710876 -0.4865415475162547 
0 10 6.5 1 -0.2621242406368898 -0.0954833938710488 
0 5 10 1 -0.02697737068079452 0.04780893691253001 
10 5 10 1 0.4173701818819681 0.1471527351404246 
0 6 0 1 -0.0984976609410642 -0.4547372434253779 
0 8 0 1 -0.1922996861813719 -0.469548632228579 
0 8 5 1 -0.1695858141696419 -0.1851402380710734 
0 6 5 1 -0.08114465640147184 -0.1884392395312122 
0 2 2.5 1 0.06198069698205894 -0.3097964900811921 
0 4 2.5 1 -0.00934694577090118 -0.3139916515750592 
0 4 5 1 -0.002947797686406069 -0.191356111693328 
0 2 5 1 0.06668724305906708 -0.1939536138845399 
0.5 0.5 -0.5 1 0.1220432185885864 -0.4515332362967069 
0.5 0.5 6 1 0.1310591292703077 -0.152763863249972 
10.5 0.5 -0.5 1 0.628436271384176 -0.6270898230540372 
10.5 0.5 6 1 0.6058715002225583 -0.1653788123615281 
10.5 10.5 -0.5 1 0.1457903289241114 -0.9196365459990797 
10.5 10.5 6 1 0.1655275435356973 -0.1166246476755321 
0.5 10.5 -0.5 1 -0.3209902239711869 -0.5337017050042636 
0.5 10.5 6 1 -0.2801040355047478 -0.1216769128607114 
0.5 5.5 9.5 1 -0.03290433268422831 0.03166082628574495 
10.5 5.5 9.5 1 0.434694610702976 0.1273068612102684 
0.5 6.5 -0.5 1 -0.1082031439576282 -0.4942365386176257 
0.5 8.5 -0.5 1 -0.2069670360423508 -0.5125540672658273 
0.5 8.5 4.5 1 -0.1825795878510326 -0.2137986284612998 
0.5 6.5 4.5 1 -0.08971932155137669 -0.215398177171708 
0.5 2.5 2 1 0.05947756894193769 -0.3386243234759909 
0.5 4.5 2 1 -0.0147807949227463 -0.3447526456549139 
0.5 4.5 4.5 1 -0.008025349771182988 -0.2168053827766054 
0.5 2.5 4.5 1 0.06440219253059801 -0.2180529710778601 
