-0.05532558744643033 -0.03920060727445179 -0.03887011968349906 0.2124189428002312 
0.3445602230526592 -0.09492920999495921 0.3797029093268861 0.1927647838653276 
0.3253845056528998 -0.236547937007095 0.384957413102142 0.2522204676549531 
-0.2905342890686471 -0.1221554132511934 -0.2775821581781391 0.2708584974760052 
-0.05532558744643033 -0.03920060727445179 0.3445602230526592 -0.09492920999495921 
0.3445602230526592 -0.09492920999495921 0.3253845056528998 -0.236547937007095 
0.3253845056528998 -0.236547937007095 -0.2905342890686471 -0.1221554132511934 
-0.2905342890686471 -0.1221554132511934 -0.05532558744643033 -0.03920060727445179 
-0.03887011968349906 0.2124189428002312 -0.1220786779345676 0.4114601835138981 
-0.1220786779345676 0.4114601835138981 -0.2775821581781391 0.2708584974760052 
0.3797029093268861 0.1927647838653276 0.4073610871974556 0.4253724788751446 
0.4073610871974556 0.4253724788751446 0.384957413102142 0.2522204676549531 
-0.1220786779345676 0.4114601835138981 0.4073610871974556 0.4253724788751446 
-0.03887011968349906 0.2124189428002312 0.3797029093268861 0.1927647838653276 
-0.2775821581781391 0.2708584974760052 0.384957413102142 0.2522204676549531 
-0.1710123427225119 -0.08000170124681727 -0.2248537030788437 -0.09899079293891414 
-0.2248537030788437 -0.09899079293891414 -0.2135442961706941 0.1696957816759166 
-0.2135442961706941 0.1696957816759166 -0.1589111358141568 0.164289669896991 
-0.1589111358141568 0.164289669896991 -0.1710123427225119 -0.08000170124681727 
-0.08178881745480891 0.05117863091074279 -0.1199307042744014 0.04609762149948955 
-0.1199307042744014 0.04609762149948955 -0.1135949932563809 0.1598055044110792 
-0.1135949932563809 0.1598055044110792 -0.07539977193561116 0.1560259750092775 
-0.07539977193561116 0.1560259750092775 -0.08178881745480891 0.05117863091074279 
