0 0 0 1 0.4041237165740488 -0.5499312711791049 
0 0 6.5 1 0.3488808533578924 -0.007890330581410821 
10 0 0 1 -0.2877026015225928 -0.485004631588989 
10 0 6.5 1 -0.2807943280342144 -0.06806943740699757 
10 10 0 1 -0.02533684503428246 -0.3698060957755618 
10 10 6.5 1 -0.03311131786162574 -0.1052254677175602 
0 10 0 1 0.4118291866944229 -0.3859857279726792 
0 10 6.5 1 0.3789123161938048 -0.076067950239013 
0 5 10 1 0.3478357519005739 0.139883313868075 
10 5 10 1 -0.1322729467044937 0.06893988836416995 
0 6 0 1 0.4097222461160864 -0.4308140787706013 
0 8 0 1 0.4108762264002346 -0.4062614010522191 
0 8 5 1 0.3829438470519276 -0.1419180542782659 
0 6 5 1 0.3790528192839706 -0.1387597439835511 
0 2 2.5 1 0.3867911601872555 -0.308758813325757 
0 4 2.5 1 0.3908006175655654 -0.2932724433302331 
0 4 5 1 0.3742962109647893 -0.1348988501739228 
0 2 5 1 0.3683490459935589 -0.1300715928339253 
0.5 0.5 -0.5 1 0.3657897229937609 -0.575890861076323 
0.5 0.5 6 1 0.3161905354867849 -0.05346355740896044 
10.5 0.5 -0.5 1 -0.2935619631345777 -0.507176507521662 
10.5 0.5 6 1 -0.2864639599963172 -0.1019287749301659 
10.5 10.5 -0.5 1 -0.03479158201022394 -0.3864671112958902 
10.5 10.5 6 1 -0.04197227098534513 -0.1266245606616241 
0.5 10.5 -0.5 1 0.3895658593702352 -0.4051184577451911 
0.5 10.5 6 1 0.3586299123870327 -0.1016809864881522 
0.5 5.5 9.5 1 0.3242412054818264 0.1026285649919432 
10.5 5.5 9.5 1 -0.1402536979780848 0.03957508329067608 
0.5 6.5 -0.5 1 0.3829720259964365 -0.4524787502072924 
0.5 8.5 -0.5 1 0.38657471289658 -0.4266024055125404 
0.5 8.5 4.5 1 0.360483261013356 -0.1683901369812595 
0.5 6.5 4.5 1 0.3545236572379758 -0.1678964150622001 
0.5 2.5 2 1 0.3550908148859279 -0.3397007563686191 
0.5 4.5 2 1 0.3624745322391287 -0.3213064245884192 
0.5 4.5 4.5 1 0.3472812661140153 -0.1672964209385854 
0.5 2.5 4.5 1 0.3382919624892902 -0.1665517042755514 
