0.3107474498287344 -0.481506944822134 0.32881673430409 -0.03517817818962442 
-0.3831555386501591 -0.4306832300187625 -0.3290482293967418 0.0192023405858731 
-0.2385300516733134 -0.3024381809804385 -0.2104275272766138 -0.0353962941667329 
0.1718499963973299 -0.3336804261200925 0.187074876990315 -0.06788425589611305 
0.3107474498287344 -0.481506944822134 -0.3831555386501591 -0.4306832300187625 
-0.3831555386501591 -0.4306832300187625 -0.2385300516733134 -0.3024381809804385 
-0.2385300516733134 -0.3024381809804385 0.1718499963973299 -0.3336804261200925 
0.1718499963973299 -0.3336804261200925 0.3107474498287344 -0.481506944822134 
0.32881673430409 -0.03517817818962442 0.2491571411041711 0.1134761928755014 
0.2491571411041711 0.1134761928755014 0.187074876990315 -0.06788425589611305 
-0.3290482293967418 0.0192023405858731 -0.2361854492580059 0.1550440173314558 
-0.2361854492580059 0.1550440173314558 -0.2104275272766138 -0.0353962941667329 
0.2491571411041711 0.1134761928755014 -0.2361854492580059 0.1550440173314558 
0.32881673430409 -0.03517817818962442 -0.3290482293967418 0.0192023405858731 
0.187074876990315 -0.06788425589611305 -0.2104275272766138 -0.0353962941667329 
0.2112120532364531 -0.3755728848205905 0.1897878991620159 -0.3527714724496699 
0.1897878991620159 -0.3527714724496699 0.2021356617559876 -0.1285881429759206 
0.2021356617559876 -0.1285881429759206 0.2241176369452169 -0.1295755736809767 
0.2241176369452169 -0.1295755736809767 0.2112120532364531 -0.3755728848205905 
0.2766227894111725 -0.2822394739013669 0.2440727190045447 -0.2648567401488512 
0.2440727190045447 -0.2648567401488512 0.250683374247943 -0.1307689070593173 
0.250683374247943 -0.1307689070593173 0.2834334913380907 -0.1322400428844928 
0.2834334913380907 -0.1322400428844928 0.2766227894111725 -0.2822394739013669 
