0 0 0 1 0.3732302045566082 -0.6873510242249093 
0 0 6.5 1 0.3516144787296022 -0.1658234785000547 
10 0 0 1 -0.3538150754396917 -0.6071703391379798 
10 0 6.5 1 -0.3151676637804191 -0.1530487519594669 
10 10 0 1 -0.1366316066434044 -0.4445387895627072 
10 10 6.5 1 -0.1233687145669752 -0.171112072741759 
0 10 0 1 0.293547025267026 -0.4765709918476154 
0 10 6.5 1 0.2850220324211326 -0.1800615909605327 
0 5 10 1 0.3035967479163943 0.008615685731266691 
10 5 10 1 -0.1863093948871113 0.002953562722955333 
0 6 0 1 0.3154052597272815 -0.5343909660042627 
0 8 0 1 0.3034399739056302 -0.5027400786353524 
0 8 5 1 0.2957541341103978 -0.2497435212159595 
0 6 5 1 0.3063614508991206 -0.2546407350954392 
0 2 2.5 1 0.3419539544841947 -0.4398084733394298 
0 4 2.5 1 0.3245886100147422 -0.4126090734877715 
0 4 5 1 0.3193141310077942 -0.260620762473531 
0 2 5 1 0.3354867279873781 -0.2680873695310152 
0.5 0.5 -0.5 1 0.3280926631006075 -0.7074905332938568 
0.5 0.5 6 1 0.3111211267831155 -0.2015840857820337 
10.5 0.5 -0.5 1 -0.3701381956281442 -0.6273964615839582 
10.5 0.5 6 1 -0.3313739868478798 -0.1851247508535687 
10.5 10.5 -0.5 1 -0.1507762831094112 -0.459995010621676 
10.5 10.5 6 1 -0.1370756409192836 -0.1908817866025687 
0.5 10.5 -0.5 1 0.2692175296540606 -0.4926036201402157 
0.5 10.5 6 1 0.2621275843067357 -0.2011682575825603 
0.5 5.5 9.5 1 0.275468168496994 -0.02144912005064316 
10.5 5.5 9.5 1 -0.2012513984000985 -0.0244365805997048 
0.5 6.5 -0.5 1 0.2855550972912904 -0.5522337096616352 
0.5 8.5 -0.5 1 0.2766296318039182 -0.5196568709393573 
0.5 8.5 4.5 1 0.2702941203933033 -0.2714685523144282 
0.5 6.5 4.5 1 0.278172498076099 -0.2783584249538037 
0.5 2.5 2 1 0.3047877155299075 -0.4644501251920907 
0.5 4.5 2 1 0.2920076730549293 -0.4352717522249832 
0.5 4.5 4.5 1 0.2877463790178784 -0.2867310649831652 
0.5 2.5 4.5 1 0.2996290936559514 -0.2971228478809498 
