0 0 0 1 0.0844649446256444 -0.3954582267882199 
0 0 6.5 1 0.1016049593611378 -0.1181348695080314 
10 0 0 1 0.5471582111672154 -0.5433360185961958 
10 0 6.5 1 0.5487621983245342 -0.1435097967536482 
10 10 0 1 0.1925305973442783 -0.7836257769475543 
10 10 6.5 1 0.2240740319546298 -0.09927382123832938 
0 10 0 1 -0.3084062676884867 -0.4717042939048616 
0 10 6.5 1 -0.2656317552402768 -0.0820319559167028 
0 5 10 1 -0.03852206484367866 0.06085955205789052 
10 5 10 1 0.4317031080325056 0.1201258754370701 
0 6 0 1 -0.1179274177731591 -0.4347373115459396 
0 8 0 1 -0.2059213383662347 -0.4518146390901924 
0 8 5 1 -0.1786484200205785 -0.1716484946093829 
0 6 5 1 -0.09536528179006229 -0.1742901584319937 
0 2 2.5 1 0.03335782678156454 -0.2911277648792605 
0 4 2.5 1 -0.03200637704522893 -0.2963852840484124 
0 4 5 1 -0.02274769600187701 -0.1765935208332884 
0 2 5 1 0.04112984941938674 -0.1786196572686071 
0.5 0.5 -0.5 1 0.08531103299953277 -0.4264082713349661 
0.5 0.5 6 1 0.102976805538459 -0.1389838068482845 
10.5 0.5 -0.5 1 0.5710924251501268 -0.5957305209309195 
10.5 0.5 6 1 0.571544369402633 -0.1746083918827601 
10.5 10.5 -0.5 1 0.2041943632429801 -0.8981671321586686 
10.5 10.5 6 1 0.2372311183462737 -0.1490942655699656 
0.5 10.5 -0.5 1 -0.326113829928823 -0.5196818665664427 
0.5 10.5 6 1 -0.2804915730662827 -0.1097738130682225 
0.5 5.5 9.5 1 -0.04215353348097692 0.04364596748096239 
10.5 5.5 9.5 1 0.4528662678157243 0.09713888326608959 
0.5 6.5 -0.5 1 -0.1252060634664549 -0.4741343283003019 
0.5 8.5 -0.5 1 -0.2176789702860289 -0.4950987406578239 
0.5 8.5 4.5 1 -0.1888153233360824 -0.2013960977841093 
0.5 6.5 4.5 1 -0.1015038553656171 -0.2020267267056133 
0.5 2.5 2 1 0.03244258686439593 -0.3198926721611102 
0.5 4.5 2 1 -0.03544376296801435 -0.3272886555834548 
0.5 4.5 4.5 1 -0.02578810379897204 -0.2025736026643075 
0.5 2.5 4.5 1 0.04049810490057605 -0.2030523713905064 
