0.2809822301574965 -0.2943787481278767 0.3212908080524494 0.1093499711085548 
-0.376552725727895 -0.2701346671777921 -0.3294066186479198 0.1971956733941974 
-0.3128736126111218 -0.1498165887014845 -0.2852474431338515 0.1242459830486135 
0.09031909763700666 -0.1750655234182841 0.1154479352665423 0.07581893946453853 
0.2809822301574965 -0.2943787481278767 -0.376552725727895 -0.2701346671777921 
-0.376552725727895 -0.2701346671777921 -0.3128736126111218 -0.1498165887014845 
-0.3128736126111218 -0.1498165887014845 0.09031909763700666 -0.1750655234182841 
0.09031909763700666 -0.1750655234182841 0.2809822301574965 -0.2943787481278767 
0.3212908080524494 0.1093499711085548 0.2110048592497493 0.2551799254580385 
0.2110048592497493 0.2551799254580385 0.1154479352665423 0.07581893946453853 
-0.3294066186479198 0.1971956733941974 -0.2828299535582917 0.3371009984995521 
-0.2828299535582917 0.3371009984995521 -0.2852474431338515 0.1242459830486135 
0.2110048592497493 0.2551799254580385 -0.2828299535582917 0.3371009984995521 
0.3212908080524494 0.1093499711085548 -0.3294066186479198 0.1971956733941974 
0.1154479352665423 0.07581893946453853 -0.2852474431338515 0.1242459830486135 
0.1461671749654137 -0.2100141477894212 0.1159554139413232 -0.1911082241098528 
0.1159554139413232 -0.1911082241098528 0.1368618493363847 0.01770987306328364 
0.1368618493363847 0.01770987306328364 0.1689277161179826 0.01743846485096761 
0.1689277161179826 0.01743846485096761 0.1461671749654137 -0.2100141477894212 
0.2401181186465596 -0.1216842091102281 0.1947895188400567 -0.1077308619751431 
0.1947895188400567 -0.1077308619751431 0.2072748040435325 0.01711389185088984 
0.2072748040435325 0.01711389185088984 0.2539490970158202 0.01671883668200875 
0.2539490970158202 0.01671883668200875 0.2401181186465596 -0.1216842091102281 
