0 0 0 1 -0.1125650845072046 -0.2682171474190644 
0 0 6.5 1 -0.1416321435090966 0.4280620396149025 
10 0 0 1 -0.2479105413388978 -0.04705093087389439 
10 0 6.5 1 -0.2717103948018973 0.3072730034922133 
10 10 0 1 0.203034840099678 -0.001665236307011029 
10 10 6.5 1 0.2100601052997022 0.2969935271260811 
0 10 0 1 0.6099580186172899 -0.1341502436985821 
0 10 6.5 1 0.6647948179830147 0.3751946542815062 
0 5 10 1 0.3467746589076175 0.7776508136624684 
10 5 10 1 -0.01262957010939031 0.4942870654682389 
0 6 0 1 0.3715464187299725 -0.17838842081668 
0 8 0 1 0.4973251977380683 -0.155049691048128 
0 8 5 1 0.5316038317374698 0.2486381556253348 
0 6 5 1 0.3968739870682702 0.2488770945052583 
0 2 2.5 1 0.06939758168079303 -0.004095961170217962 
0 4 2.5 1 0.236713446257089 0.01202993733240192 
0 4 5 1 0.2438668412874284 0.2491484475682928 
0 2 5 1 0.06859254775461314 0.2494592906742055 
0.5 0.5 -0.5 1 -0.07730911588083302 -0.2834712737938874 
0.5 0.5 6 1 -0.09933682831553883 0.3565343756998549 
10.5 0.5 -0.5 1 -0.2239440311241282 -0.06342013796981866 
10.5 0.5 6 1 -0.2451610775307467 0.27581021687255 
10.5 10.5 -0.5 1 0.2092593154477567 -0.01699169713406567 
10.5 10.5 6 1 0.2164107597530724 0.2708829933925436 
0.5 10.5 -0.5 1 0.5992147860487305 -0.1525383007980245 
0.5 10.5 6 1 0.6498854710993284 0.3261356426436946 
0.5 5.5 9.5 1 0.3506088983489288 0.6890195558094582 
10.5 5.5 9.5 1 0.002812282326309249 0.4575721911535142 
0.5 6.5 -0.5 1 0.3732694278550488 -0.1962672768157764 
0.5 8.5 -0.5 1 0.4921333813733971 -0.1732626042952485 
0.5 8.5 4.5 1 0.5239996665546424 0.2053782443076469 
0.5 6.5 4.5 1 0.3971697312349617 0.2030248274993386 
0.5 2.5 2 1 0.09173083977332729 -0.03680489079541909 
0.5 4.5 2 1 0.2471271839391191 -0.01971239739888397 
0.5 4.5 4.5 1 0.2542684862339427 0.2003731964702295 
0.5 2.5 4.5 1 0.09203457510624143 0.1973628345051053 
