0 0 0 1 -0.6904986300629478 -0.4320914189519797 
0 0 6.5 1 -0.6140954988137206 0.1096303375811476 
10 0 0 1 -0.245979789720838 -0.2862275438299304 
10 0 6.5 1 -0.2129812831717838 0.01599242390620064 
10 10 0 1 0.2331181078448455 -0.3683876358148986 
10 10 6.5 1 0.2587391855519933 -0.01617903174463178 
0 10 0 1 0.1547064886253902 -0.6520238312943157 
0 10 6.5 1 0.210631872513723 0.07457444039057631 
0 5 10 1 -0.2232782959194808 0.4057513722033657 
10 5 10 1 0.02115026180745001 0.1697687868639146 
0 6 0 1 -0.2437169673119717 -0.5483493150608357 
0 8 0 1 -0.05710682922934979 -0.5969074897909408 
0 8 5 1 -0.00797034949119149 -0.06759364371168569 
0 6 5 1 -0.1905607393076028 -0.05115160251383841 
0 2 2.5 1 -0.5279235568403791 -0.241327939997202 
0 4 2.5 1 -0.3808688724291721 -0.2667365742982754 
0 4 5 1 -0.3533555661968342 -0.0364921275370859 
0 2 5 1 -0.4994085059432062 -0.02334023901331918 
0.5 0.5 -0.5 1 -0.6264650714664487 -0.4696461790680043 
0.5 0.5 6 1 -0.5543308058357266 0.06114426997117018 
10.5 0.5 -0.5 1 -0.2160656544469938 -0.3091987510733873 
10.5 0.5 6 1 -0.1841681007289239 -0.01040774760211407 
10.5 10.5 -0.5 1 0.260400434108274 -0.393762350398727 
10.5 10.5 6 1 0.2849283991729531 -0.04620890858301545 
0.5 10.5 -0.5 1 0.2129346102238192 -0.6948989882115063 
0.5 10.5 6 1 0.2641809971248703 0.01210424599230879 
0.5 5.5 9.5 1 -0.1669965159696521 0.3445337521747148 
10.5 5.5 9.5 1 0.04841769587124454 0.1396972457389624 
0.5 6.5 -0.5 1 -0.1810754357043104 -0.5891664371848546 
0.5 8.5 -0.5 1 0.003837679276983252 -0.6387878505658299 
0.5 8.5 4.5 1 0.04926940390927541 -0.1230190269367735 
0.5 6.5 4.5 1 -0.1315863093691512 -0.1039296805141727 
0.5 2.5 2 1 -0.4656792535034288 -0.2848919540942541 
0.5 4.5 2 1 -0.3191031358921418 -0.311980710923248 
0.5 4.5 4.5 1 -0.2933356457367051 -0.08685701490922972 
0.5 2.5 4.5 1 -0.4388544185246131 -0.07149748761321556 
