0.02944983302434004 -0.2320963650799227 0.05458069242354127 0.02474947107951356 
0.4568375724681601 -0.3357398935080022 0.4855268973534208 -0.0003815467679823141 
0.2663521932423556 -0.5061122652993889 0.3185068724868153 0.07038435165885892 
-0.2979584821880448 -0.2947152203935559 -0.2575661230754639 0.0831948024249432 
0.02944983302434004 -0.2320963650799227 0.4568375724681601 -0.3357398935080022 
0.4568375724681601 -0.3357398935080022 0.2663521932423556 -0.5061122652993889 
0.2663521932423556 -0.5061122652993889 -0.2979584821880448 -0.2947152203935559 
-0.2979584821880448 -0.2947152203935559 0.02944983302434004 -0.2320963650799227 
0.05458069242354127 0.02474947107951356 -0.05536336499913395 0.2109303537820434 
-0.05536336499913395 0.2109303537820434 -0.2575661230754639 0.0831948024249432 
0.4855268973534208 -0.0003815467679823141 0.4434997483038971 0.249901361560691 
0.4434997483038971 0.249901361560691 0.3185068724868153 0.07038435165885892 
-0.05536336499913395 0.2109303537820434 0.4434997483038971 0.249901361560691 
0.05458069242354127 0.02474947107951356 0.4855268973534208 -0.0003815467679823141 
-0.2575661230754639 0.0831948024249432 0.3185068724868153 0.07038435165885892 
-0.1356968763763047 -0.2636816896455904 -0.2098052432745364 -0.2778553709136417 
-0.2098052432745364 -0.2778553709136417 -0.1819942802499814 -0.01160162634046049 
-0.1819942802499814 -0.01160162634046049 -0.1105975722246995 -0.01858960356463251 
-0.1105975722246995 -0.01858960356463251 -0.1356968763763047 -0.2636816896455904 
-0.007517800020202367 -0.1351238151555755 -0.06106026977672072 -0.1377120799780238 
-0.06106026977672072 -0.1377120799780238 -0.0496693391870158 -0.02455297521792523 
-0.0496693391870158 -0.02455297521792523 0.002935550333593239 -0.02970169677690711 
0.002935550333593239 -0.02970169677690711 -0.007517800020202367 -0.1351238151555755 
