0.266820169419468 -0.1718840920024666 0.2485250010498948 0.1816628617779427 
-0.02095741874229115 -0.4535676094995214 -0.07865405794165037 0.195204393540953 
-0.567855170703924 -0.3048624790858384 -0.6329315407833902 0.1194019435817517 
-0.1494872992740194 -0.1377755924848096 -0.1771578762676992 0.1366702924258432 
0.266820169419468 -0.1718840920024666 -0.02095741874229115 -0.4535676094995214 
-0.02095741874229115 -0.4535676094995214 -0.567855170703924 -0.3048624790858384 
-0.567855170703924 -0.3048624790858384 -0.1494872992740194 -0.1377755924848096 
-0.1494872992740194 -0.1377755924848096 0.266820169419468 -0.1718840920024666 
0.2485250010498948 0.1816628617779427 -0.005514142040253052 0.3322500476419941 
-0.005514142040253052 0.3322500476419941 -0.1771578762676992 0.1366702924258432 
-0.07865405794165037 0.195204393540953 -0.4550598075477051 0.4527257922195894 
-0.4550598075477051 0.4527257922195894 -0.6329315407833902 0.1194019435817517 
-0.005514142040253052 0.3322500476419941 -0.4550598075477051 0.4527257922195894 
0.2485250010498948 0.1816628617779427 -0.07865405794165037 0.195204393540953 
-0.1771578762676992 0.1366702924258432 -0.6329315407833902 0.1194019435817517 
-0.007034017628053372 -0.1494469365122392 -0.08153468001566799 -0.1433430205409791 
-0.08153468001566799 -0.1433430205409791 -0.1018924978817726 0.07593549815032301 
-0.1018924978817726 0.07593549815032301 -0.02636837668259855 0.08051824953733382 
-0.02636837668259855 0.08051824953733382 -0.007034017628053372 -0.1494469365122392 
0.1578074940737055 -0.03810533507363253 0.06614223830529567 -0.03700420570663548 
0.06614223830529567 -0.03700420570663548 0.0570210882250956 0.08557826453519132 
0.0570210882250956 0.08557826453519132 0.1495720774373007 0.0911941944850799 
0.1495720774373007 0.0911941944850799 0.1578074940737055 -0.03810533507363253 
