0 0 0 1 0.2697161585585017 -0.2739029689029115 
0 0 6.5 1 0.3138647591706987 0.1187407891732847 
10 0 0 1 -0.3719459194442858 -0.277541483141474 
10 0 6.5 1 -0.3339563322251687 0.2036081885451773 
10 10 0 1 -0.3453236924588275 -0.1295055377591262 
10 10 6.5 1 -0.3228471854358747 0.15240341987971 
0 10 0 1 0.05887598698338012 -0.1441460853990147 
0 10 6.5 1 0.08396520534663945 0.1048789829654873 
0 5 10 1 0.1905182732032596 0.2783734796877666 
10 5 10 1 -0.3112867011014027 0.368156056294908 
0 6 0 1 0.1215624452102128 -0.1827250686954351 
0 8 0 1 0.08774861938033739 -0.161915103373125 
0 8 5 1 0.108832354398942 0.04409895560752002 
0 6 5 1 0.1448641063610853 0.04088040328400716 
0 2 2.5 1 0.2247448392976835 -0.1033473237806364 
0 4 2.5 1 0.174632602454028 -0.08596140456415238 
0 4 5 1 0.1877250431599198 0.03705183097737152 
0 2 5 1 0.2395599453121734 0.03242165521082865 
0.5 0.5 -0.5 1 0.2244475451182657 -0.293019199867925 
0.5 0.5 6 1 0.2667485125717429 0.09088586959213137 
10.5 0.5 -0.5 1 -0.4106690343461266 -0.3006666513916314 
10.5 0.5 6 1 -0.3746131222800188 0.167428309102384 
10.5 10.5 -0.5 1 -0.3687118659089716 -0.1454602222196345 
10.5 10.5 6 1 -0.3469147058349466 0.1319181484111072 
0.5 10.5 -0.5 1 0.03273734961819063 -0.1581030344799298 
0.5 10.5 6 1 0.05715460619547544 0.08737954734796753 
0.5 5.5 9.5 1 0.1556680590709596 0.2538939501690273 
10.5 5.5 9.5 1 -0.3421253062178239 0.3379113366752622 
0.5 6.5 -0.5 1 0.09004300969309179 -0.1984319272243461 
0.5 8.5 -0.5 1 0.05916412397696867 -0.1767008928294026 
0.5 8.5 4.5 1 0.07964032017841997 0.02616407660032988 
0.5 6.5 4.5 1 0.1126168388527231 0.02146825515412665 
0.5 2.5 2 1 0.1846323944716739 -0.1238640378739059 
0.5 4.5 2 1 0.1390911033912935 -0.1048770077265852 
0.5 4.5 4.5 1 0.1517357502945564 0.01589776346229659 
0.5 2.5 4.5 1 0.1988894762881122 0.009183122660583522 
