0.07531651811470814 -0.2787783264407426 0.03572143186889511 0.3974439476359901 
-0.2429403338610486 -0.1021805000051451 -0.2808288219820402 0.2577202867908004 
0.1686762503863926 -0.02345079744156318 0.1567481507287663 0.2584505093333712 
0.6089701925612873 -0.09651385621471853 0.619630366366023 0.3482432467485353 
0.07531651811470814 -0.2787783264407426 -0.2429403338610486 -0.1021805000051451 
-0.2429403338610486 -0.1021805000051451 0.1686762503863926 -0.02345079744156318 
0.1686762503863926 -0.02345079744156318 0.6089701925612873 -0.09651385621471853 
0.6089701925612873 -0.09651385621471853 0.07531651811470814 -0.2787783264407426 
0.03572143186889511 0.3974439476359901 0.3891300938110359 0.6946104915751142 
0.3891300938110359 0.6946104915751142 0.619630366366023 0.3482432467485353 
-0.2808288219820402 0.2577202867908004 -0.04694525978635524 0.4411821699090026 
-0.04694525978635524 0.4411821699090026 0.1567481507287663 0.2584505093333712 
0.3891300938110359 0.6946104915751142 -0.04694525978635524 0.4411821699090026 
0.03572143186889511 0.3974439476359901 -0.2808288219820402 0.2577202867908004 
0.619630366366023 0.3482432467485353 0.1567481507287663 0.2584505093333712 
0.4455143988335913 -0.1523406687632285 0.5331619327568388 -0.1224054652743648 
0.5331619327568388 -0.1224054652743648 0.5376858847958855 0.2387920537701134 
0.5376858847958855 0.2387920537701134 0.4451955912575252 0.2369586711420327 
0.4451955912575252 0.2369586711420327 0.4455143988335913 -0.1523406687632285 
0.2136579444813604 -0.006253152770968001 0.3396298318011152 0.01709063053926131 
0.3396298318011152 0.01709063053926131 0.3360205261477162 0.2347945557507362 
0.3360205261477162 0.2347945557507362 0.2051983271839093 0.2322013415033614 
0.2051983271839093 0.2322013415033614 0.2136579444813604 -0.006253152770968001 
