-0.2266594134323986 -0.3522808511485028 -0.2475875649388699 0.3143607493380763 
-0.2475690733218721 -0.08372804690574513 -0.2591512346005029 0.2576090206731934 
0.2167623641317258 -0.05828893266712115 0.2349104408832899 0.2431409529292674 
0.5798225024523291 -0.2541939361643338 0.6535239128871285 0.2752893974039385 
-0.2266594134323986 -0.3522808511485028 -0.2475690733218721 -0.08372804690574513 
-0.2475690733218721 -0.08372804690574513 0.2167623641317258 -0.05828893266712115 
0.2167623641317258 -0.05828893266712115 0.5798225024523291 -0.2541939361643338 
0.5798225024523291 -0.2541939361643338 -0.2266594134323986 -0.3522808511485028 
-0.2475875649388699 0.3143607493380763 0.2839162268911553 0.6759827036312788 
0.2839162268911553 0.6759827036312788 0.6535239128871285 0.2752893974039385 
-0.2591512346005029 0.2576090206731934 0.006917648514467362 0.440139520030763 
0.006917648514467362 0.440139520030763 0.2349104408832899 0.2431409529292674 
0.2839162268911553 0.6759827036312788 0.006917648514467362 0.440139520030763 
-0.2475875649388699 0.3143607493380763 -0.2591512346005029 0.2576090206731934 
0.6535239128871285 0.2752893974039385 0.2349104408832899 0.2431409529292674 
0.2992755845063332 -0.2883149513385571 0.4453895817615745 -0.2705440987695326 
0.4453895817615745 -0.2705440987695326 0.4914052103641349 0.1430760534845856 
0.4914052103641349 0.1430760534845856 0.3340886289320541 0.1432934825555331 
0.3340886289320541 0.1432934825555331 0.2992755845063332 -0.2883149513385571 
-0.03244513447626937 -0.103951122863267 0.1500114486463917 -0.09243444440267133 
0.1500114486463917 -0.09243444440267133 0.1611074687763365 0.1435325618223319 
0.1611074687763365 0.1435325618223319 -0.03000052573393435 0.1437966943970342 
-0.03000052573393435 0.1437966943970342 -0.03244513447626937 -0.103951122863267 
