0 0 0 1 0.2809023075597127 -0.3423972070836314 
0 0 6.5 1 0.2452956121382393 -0.02203027019903799 
10 0 0 1 0.6567749666576361 -0.593239063373958 
10 0 6.5 1 0.5720153724321378 0.03360260786725026 
10 10 0 1 -0.3452877265353471 -0.7602397286067644 
10 10 6.5 1 -0.3915311608392191 -0.05037216630654739 
0 10 0 1 -0.2221880332932087 -0.4073601426317212 
0 10 6.5 1 -0.2478744472035192 -0.06660756469219928 
0 5 10 1 -0.01033055609121735 0.1278746100226637 
10 5 10 1 0.08333999423515275 0.3278267226855238 
0 6 0 1 -0.01385091897940796 -0.3804580349377093 
0 8 0 1 -0.1167796346738761 -0.3937489908172661 
0 8 5 1 -0.1383399594627047 -0.1335074549680519 
0 6 5 1 -0.03701947091779795 -0.123462118015921 
0 2 2.5 1 0.1717176385294511 -0.2283068213358873 
0 4 2.5 1 0.07422478591041663 -0.2394190017327972 
0 4 5 1 0.06198723339108117 -0.1136461793090928 
0 2 5 1 0.1587585160858536 -0.1040518696495213 
0.5 0.5 -0.5 1 0.2692043433215235 -0.3780985999135429 
0.5 0.5 6 1 0.2328244395375212 -0.04750254076489615 
10.5 0.5 -0.5 1 0.6559518110399822 -0.6807121179454314 
10.5 0.5 6 1 0.5663151268530723 -0.01350942400383393 
10.5 10.5 -0.5 1 -0.4152980520603296 -0.8709703321853213 
10.5 10.5 6 1 -0.4609434672615351 -0.1089723539033334 
0.5 10.5 -0.5 1 -0.2506649422539753 -0.4473531197341579 
0.5 10.5 6 1 -0.2764495630509449 -0.09501124263229015 
0.5 5.5 9.5 1 -0.03062871420975167 0.106456557785692 
10.5 5.5 9.5 1 0.04818665780022508 0.2967894406161001 
0.5 6.5 -0.5 1 -0.0351509743942849 -0.4186433713937922 
0.5 8.5 -0.5 1 -0.1415849869694776 -0.4328220055966505 
0.5 8.5 4.5 1 -0.1633451753569546 -0.1637980009429674 
0.5 6.5 4.5 1 -0.05863133056334139 -0.1530851952368605 
0.5 2.5 2 1 0.1567013398291966 -0.2606638562759474 
0.5 4.5 2 1 0.05605918162881561 -0.2724988157362772 
0.5 4.5 4.5 1 0.04361903529626041 -0.1426244170561794 
0.5 2.5 4.5 1 0.1434918445635038 -0.132406876069963 
