0.4011931705278868 -0.5034619032243181 0.3393898701222565 0.04503994855635507 
-0.271403383146136 -0.4438336454540904 -0.2743703262108407 -0.03795520574851167 
0.004882221914817931 -0.3359989383404415 -0.0087126624557709 -0.07412788793147568 
0.4435443654167061 -0.347127684702811 0.4050656180196104 -0.03253504804606693 
0.4011931705278868 -0.5034619032243181 -0.271403383146136 -0.4438336454540904 
-0.271403383146136 -0.4438336454540904 0.004882221914817931 -0.3359989383404415 
0.004882221914817931 -0.3359989383404415 0.4435443654167061 -0.347127684702811 
0.4435443654167061 -0.347127684702811 0.4011931705278868 -0.5034619032243181 
0.3393898701222565 0.04503994855635507 0.3575995217863797 0.1910862155661016 
0.3575995217863797 0.1910862155661016 0.4050656180196104 -0.03253504804606693 
-0.2743703262108407 -0.03795520574851167 -0.1194192906767726 0.09855417500406 
-0.1194192906767726 0.09855417500406 -0.0087126624557709 -0.07412788793147568 
0.3575995217863797 0.1910862155661016 -0.1194192906767726 0.09855417500406 
0.3393898701222565 0.04503994855635507 -0.2743703262108407 -0.03795520574851167 
0.4050656180196104 -0.03253504804606693 -0.0087126624557709 -0.07412788793147568 
0.4319415869802252 -0.3899579119090875 0.4382943748859661 -0.3665073779800178 
0.4382943748859661 -0.3665073779800178 0.4058470223569783 -0.09855154381209041 
0.4058470223569783 -0.09855154381209041 0.396547250040588 -0.09408066018127534 
0.396547250040588 -0.09408066018127534 0.4319415869802252 -0.3899579119090875 
0.3919104837202666 -0.2629901020304787 0.4041142241473523 -0.2493143896471562 
0.4041142241473523 -0.2493143896471562 0.3851792788957307 -0.08861548594066032 
0.3851792788957307 -0.08861548594066032 0.3709668660602635 -0.08178284082433981 
0.3709668660602635 -0.08178284082433981 0.3919104837202666 -0.2629901020304787 
