0.2571954482117958 -0.1175981594390521 0.2890066683836055 0.2576481349818939 
-0.2986634224553933 -0.2359944772562989 -0.3120113196693894 0.317120168869705 
-0.4584068560310124 -0.05708259611518941 -0.4762915760926448 0.2736560230889988 
-0.04104523695944255 -0.01426666642598817 -0.03431430571834846 0.2434816953152106 
0.2571954482117958 -0.1175981594390521 -0.2986634224553933 -0.2359944772562989 
-0.2986634224553933 -0.2359944772562989 -0.4584068560310124 -0.05708259611518941 
-0.4584068560310124 -0.05708259611518941 -0.04104523695944255 -0.01426666642598817 
-0.04104523695944255 -0.01426666642598817 0.2571954482117958 -0.1175981594390521 
0.2890066683836055 0.2576481349818939 0.1047376471337731 0.4291188795111125 
0.1047376471337731 0.4291188795111125 -0.03431430571834846 0.2434816953152106 
-0.3120113196693894 0.317120168869705 -0.4270057188675215 0.5414103748525525 
-0.4270057188675215 0.5414103748525525 -0.4762915760926448 0.2736560230889988 
0.1047376471337731 0.4291188795111125 -0.4270057188675215 0.5414103748525525 
0.2890066683836055 0.2576481349818939 -0.3120113196693894 0.317120168869705 
-0.03431430571834846 0.2434816953152106 -0.4762915760926448 0.2736560230889988 
0.05279499050159207 -0.04677950350811458 0.002759142874205471 -0.02944357619644196 
0.002759142874205471 -0.02944357619644196 0.009986325683037268 0.1795279631217618 
0.009986325683037268 0.1795279631217618 0.06271068969829105 0.1769494985774455 
0.06271068969829105 0.1769494985774455 0.05279499050159207 -0.04677950350811458 
0.1865185977713057 0.03697525987353209 0.1170373830392453 0.05086092501686699 
0.1170373830392453 0.05086092501686699 0.1238849694699878 0.1739577941849608 
0.1238849694699878 0.1739577941849608 0.1957174727479971 0.1704448535114946 
0.1957174727479971 0.1704448535114946 0.1865185977713057 0.03697525987353209 
