-0.3769132639916016 -0.361270300411393 -0.4026275169092779 -0.05406546584055391 
0.03850483507943133 -0.2702664482086258 0.0134018742384594 -0.01688001543501774 
0.3243020445181919 -0.370261156003129 0.2818039065411382 0.01943411578037946 
-0.2929286164958564 -0.5650246923590379 -0.33886012230292 -0.03161513899093516 
-0.3769132639916016 -0.361270300411393 0.03850483507943133 -0.2702664482086258 
0.03850483507943133 -0.2702664482086258 0.3243020445181919 -0.370261156003129 
0.3243020445181919 -0.370261156003129 -0.2929286164958564 -0.5650246923590379 
-0.2929286164958564 -0.5650246923590379 -0.3769132639916016 -0.361270300411393 
-0.4026275169092779 -0.05406546584055391 -0.3965904232542716 0.1595959676504994 
-0.3965904232542716 0.1595959676504994 -0.33886012230292 -0.03161513899093516 
0.0134018742384594 -0.01688001543501774 0.1026464604109336 0.1600016318237986 
0.1026464604109336 0.1600016318237986 0.2818039065411382 0.01943411578037946 
-0.3965904232542716 0.1595959676504994 0.1026464604109336 0.1600016318237986 
-0.4026275169092779 -0.05406546584055391 0.0134018742384594 -0.01688001543501774 
-0.33886012230292 -0.03161513899093516 0.2818039065411382 0.01943411578037946 
-0.3380045852629459 -0.4556662931581049 -0.3183645309421185 -0.5033148509038718 
-0.3183645309421185 -0.5033148509038718 -0.3490203747852237 -0.1442819837933064 
-0.3490203747852237 -0.1442819837933064 -0.3649824928823666 -0.1376156571516964 
-0.3649824928823666 -0.1376156571516964 -0.3380045852629459 -0.4556662931581049 
-0.3772781481848412 -0.2568188660310217 -0.3657325688015908 -0.2742918518917744 
-0.3657325688015908 -0.2742918518917744 -0.3777131385339016 -0.1322989039642284 
-0.3777131385339016 -0.1322989039642284 -0.3881034114704887 -0.1279595704954973 
-0.3881034114704887 -0.1279595704954973 -0.3772781481848412 -0.2568188660310217 
