0 0 0 1 -0.3977455971410574 -0.3949526266825802 
0 0 6.5 1 -0.4195398699568002 -0.07763740777360985 
10 0 0 1 0.02444795339540542 -0.2986792045950941 
10 0 6.5 1 7.866032204705502e-05 -0.04233083219975321 
10 10 0 1 0.3246773558780285 -0.3962956814668379 
10 10 6.5 1 0.2805277003370685 -0.005090003649572407 
0 10 0 1 -0.2896489111843834 -0.6046009971601806 
0 10 6.5 1 -0.3307960649541353 -0.05110942198925167 
0 5 10 1 -0.4017360703783441 0.1412110265680921 
10 5 10 1 0.09496351049782369 0.1344166148896208 
0 6 0 1 -0.3478115899369795 -0.4917972537782487 
0 8 0 1 -0.3225110886411949 -0.5408663702084566 
0 8 5 1 -0.3496123385192155 -0.1677574341939687 
0 6 5 1 -0.3713496777686647 -0.1617382644076913 
0 2 2.5 1 -0.3935968311794976 -0.2860021639525333 
0 4 2.5 1 -0.3783812080443959 -0.3035502110928744 
0 4 5 1 -0.3886821789874276 -0.1569388146471029 
0 2 5 1 -0.4028255560851001 -0.1530224481072378 
0.5 0.5 -0.5 1 -0.3665217340505262 -0.4201800460974933 
0.5 0.5 6 1 -0.3891695566574409 -0.09886217059772018 
10.5 0.5 -0.5 1 0.05352022116016066 -0.3181838105761596 
10.5 0.5 6 1 0.02846987465772009 -0.0592270046887023 
10.5 10.5 -0.5 1 0.3735665855201324 -0.4276419944873733 
10.5 10.5 6 1 0.3276281827539233 -0.03033137034201086 
0.5 10.5 -0.5 1 -0.2324838501746075 -0.6532177391962537 
0.5 10.5 6 1 -0.2763678606912055 -0.08744809067279774 
0.5 5.5 9.5 1 -0.3634587977894738 0.1176620142849462 
10.5 5.5 9.5 1 0.1299147318132515 0.1161153573356228 
0.5 6.5 -0.5 1 -0.3048862660876767 -0.5273392077597399 
0.5 8.5 -0.5 1 -0.2734726846104346 -0.5819547265051954 
0.5 8.5 4.5 1 -0.3021581754865403 -0.201616315336954 
0.5 6.5 4.5 1 -0.3296496710771695 -0.1916330795754952 
0.5 2.5 2 1 -0.3596513813522038 -0.3120539214683363 
0.5 4.5 2 1 -0.3407127050029277 -0.3325385638394477 
0.5 4.5 4.5 1 -0.35149574564266 -0.1836999166767827 
0.5 2.5 4.5 1 -0.3692734211133854 -0.1772441483854624 
