0.04630030117050703 -0.3011119919278762 0.06984161695017013 -0.03826814319871003 
0.484529408343008 -0.4223692165437815 0.5058797282331452 -0.06732501518001312 
0.2413901964913826 -0.6240532416880221 0.2872466181189411 -0.01324797385341536 
-0.30443483358524 -0.3720467603520129 -0.2616933438427889 0.008871323105076902 
0.04630030117050703 -0.3011119919278762 0.484529408343008 -0.4223692165437815 
0.484529408343008 -0.4223692165437815 0.2413901964913826 -0.6240532416880221 
0.2413901964913826 -0.6240532416880221 -0.30443483358524 -0.3720467603520129 
-0.30443483358524 -0.3720467603520129 0.04630030117050703 -0.3011119919278762 
0.06984161695017013 -0.03826814319871003 -0.0498622571043483 0.1432945550997243 
-0.0498622571043483 0.1432945550997243 -0.2616933438427889 0.008871323105076902 
0.5058797282331452 -0.06732501518001312 0.4400144265073582 0.1837934878766085 
0.4400144265073582 0.1837934878766085 0.2872466181189411 -0.01324797385341536 
-0.0498622571043483 0.1432945550997243 0.4400144265073582 0.1837934878766085 
0.06984161695017013 -0.03826814319871003 0.5058797282331452 -0.06732501518001312 
-0.2616933438427889 0.008871323105076902 0.2872466181189411 -0.01324797385341536 
-0.1318086479371608 -0.3371338095539239 -0.2109394319891437 -0.353137691930455 
-0.2109394319891437 -0.353137691930455 -0.1822366479543484 -0.08284462261371373 
-0.1822366479543484 -0.08284462261371373 -0.1065761701238454 -0.08752633290701131 
-0.1065761701238454 -0.08752633290701131 -0.1318086479371608 -0.3371338095539239 
0.004964931749141158 -0.2025041605588125 -0.05267058788780205 -0.2065884775632945 
-0.05267058788780205 -0.2065884775632945 -0.04154577366599924 -0.09155027625502937 
-0.04154577366599924 -0.09155027625502937 0.01494774129105916 -0.09504597543725674 
0.01494774129105916 -0.09504597543725674 0.004964931749141158 -0.2025041605588125 
