0.1073833685655988 -0.310346878040307 0.06580674947673906 0.3540274709818838 
-0.2400126997385766 -0.1319094428144232 -0.2790689857538812 0.2270873816728286 
0.1628676663757266 -0.04552916632900547 0.1481961258062989 0.2323800943847228 
0.6051434972384679 -0.1157112590630397 0.6083146153742214 0.3155878906496195 
0.1073833685655988 -0.310346878040307 -0.2400126997385766 -0.1319094428144232 
-0.2400126997385766 -0.1319094428144232 0.1628676663757266 -0.04552916632900547 
0.1628676663757266 -0.04552916632900547 0.6051434972384679 -0.1157112590630397 
0.6051434972384679 -0.1157112590630397 0.1073833685655988 -0.310346878040307 
0.06580674947673906 0.3540274709818838 0.3920298217307951 0.6447880154692746 
0.3920298217307951 0.6447880154692746 0.6083146153742214 0.3155878906496195 
-0.2790689857538812 0.2270873816728286 -0.05087309263387027 0.4101444817640604 
-0.05087309263387027 0.4101444817640604 0.1481961258062989 0.2323800943847228 
0.3920298217307951 0.6447880154692746 -0.05087309263387027 0.4101444817640604 
0.06580674947673906 0.3540274709818838 -0.2790689857538812 0.2270873816728286 
0.6083146153742214 0.3155878906496195 0.1481961258062989 0.2323800943847228 
0.4542687200374674 -0.1747067549997448 0.5353421380905633 -0.1430051903375867 
0.5353421380905633 -0.1430051903375867 0.5345586195544559 0.2086114982686055 
0.5345586195544559 0.2086114982686055 0.4491610614432657 0.2051269537236226 
0.4491610614432657 0.2051269537236226 0.4542687200374674 -0.1747067549997448 
0.235889619871251 -0.03714124339175316 0.35358090774919 -0.01125119098867323 
0.35358090774919 -0.01125119098867323 0.3479005378178474 0.2009951399689291 
0.3479005378178474 0.2009951399689291 0.2259045866277721 0.1960172420567209 
0.2259045866277721 0.1960172420567209 0.235889619871251 -0.03714124339175316 
