0 0 0 1 0.2719834581523901 -0.2045155476833573 
0 0 6.5 1 0.2493171158663161 0.1463117937220828 
10 0 0 1 0.02492224867088837 -0.507261651683785 
10 0 6.5 1 -0.03470113168480797 0.14955755327852 
10 10 0 1 -0.5707810263674529 -0.361565597410072 
10 10 6.5 1 -0.6351532193956707 0.07593094848257848 
0 10 0 1 -0.1553143128963599 -0.1754963517528625 
0 10 6.5 1 -0.1843854893086871 0.1012534887615607 
0 5 10 1 -0.008622854579587494 0.2953704081502289 
10 5 10 1 -0.4352565607121479 0.4107606407502583 
0 6 0 1 -0.007644474447376844 -0.1855250957934829 
0 8 0 1 -0.08468198107579403 -0.1802932255373852 
0 8 5 1 -0.1064103406112095 0.04057692677696188 
0 6 5 1 -0.02868665681450585 0.04546478554619607 
0 2 2.5 1 0.1601411040130211 -0.07192932327570579 
0 4 2.5 1 0.06676510546190614 -0.07159192676269729 
0 4 5 1 0.05659016433611083 0.0508276432713099 
0 2 5 1 0.1505773664422609 0.05673827626719233 
0.5 0.5 -0.5 1 0.239852766740471 -0.2371354984897938 
0.5 0.5 6 1 0.2159221754840177 0.1153977633022117 
10.5 0.5 -0.5 1 -0.03922449615045842 -0.5731420457994177 
10.5 0.5 6 1 -0.1039732737588199 0.0895654937401316 
10.5 10.5 -0.5 1 -0.6193902724437733 -0.4041187791616896 
10.5 10.5 6 1 -0.6864941837046223 0.03599655608509265 
0.5 10.5 -0.5 1 -0.1833397043559856 -0.2011169310537869 
0.5 10.5 6 1 -0.2133352909176702 0.07669269884169831 
0.5 5.5 9.5 1 -0.04032321056981392 0.2687977920946134 
10.5 5.5 9.5 1 -0.4966232292862424 0.365292202548827 
0.5 6.5 -0.5 1 -0.03724234935560815 -0.2135515034828978 
0.5 8.5 -0.5 1 -0.1134797420557822 -0.2070628207731086 
0.5 8.5 4.5 1 -0.1359585668708243 0.01468149858957698 
0.5 6.5 4.5 1 -0.05908303067010229 0.01839457906501792 
0.5 2.5 2 1 0.1284248199627882 -0.1022983692902256 
0.5 4.5 2 1 0.03592239442864266 -0.1004894493263121 
0.5 4.5 4.5 1 0.02531669737812558 0.02247107723122456 
0.5 2.5 4.5 1 0.1184021026876959 0.02696709271397869 
