0.2710894409944329 -0.2755903682355635 0.314962528002777 0.118436723826734 
-0.372779756677843 -0.2750623198620474 -0.3334424007771409 0.2044597483310915 
-0.3412734667086715 -0.1309755830898828 -0.3179825808447756 0.1498921076461835 
0.06274729939397072 -0.1472807584347575 0.0879838791176106 0.1019198066926909 
0.2710894409944329 -0.2755903682355635 -0.372779756677843 -0.2750623198620474 
-0.372779756677843 -0.2750623198620474 -0.3412734667086715 -0.1309755830898828 
-0.3412734667086715 -0.1309755830898828 0.06274729939397072 -0.1472807584347575 
0.06274729939397072 -0.1472807584347575 0.2710894409944329 -0.2755903682355635 
0.314962528002777 0.118436723826734 0.1932662374729021 0.276222059227178 
0.1932662374729021 0.276222059227178 0.0879838791176106 0.1019198066926909 
-0.3334424007771409 0.2044597483310915 -0.3075218083256711 0.3654652387355793 
-0.3075218083256711 0.3654652387355793 -0.3179825808447756 0.1498921076461835 
0.1932662374729021 0.276222059227178 -0.3075218083256711 0.3654652387355793 
0.314962528002777 0.118436723826734 -0.3334424007771409 0.2044597483310915 
0.0879838791176106 0.1019198066926909 -0.3179825808447756 0.1498921076461835 
0.124569984963189 -0.1853548830515447 0.09120939238177353 -0.1648094255461026 
0.09120939238177353 -0.1648094255461026 0.1123862292292132 0.04151277003203415 
0.1123862292292132 0.04151277003203415 0.1479265043825529 0.03869361984859974 
0.1479265043825529 0.03869361984859974 0.124569984963189 -0.1853548830515447 
0.2266808178843388 -0.1048181810021066 0.1771513278238812 -0.08789365965611649 
0.1771513278238812 -0.08789365965611649 0.1902338457265851 0.03533768778009293 
0.1902338457265851 0.03533768778009293 0.2414443458144652 0.03127553322181715 
0.2414443458144652 0.03127553322181715 0.2266808178843388 -0.1048181810021066 
