0.3764495618157654 -0.6875201449850628 0.3526772641034676 -0.1634518852941641 
-0.3505360646801933 -0.6065516179123281 -0.3133372579043521 -0.1534472010041887 
-0.1305852275782849 -0.4451550544024439 -0.1183917339187808 -0.1718050936119592 
0.3003358240804722 -0.4768948255618538 0.2904060677535177 -0.1792226548636016 
0.3764495618157654 -0.6875201449850628 -0.3505360646801933 -0.6065516179123281 
-0.3505360646801933 -0.6065516179123281 -0.1305852275782849 -0.4451550544024439 
-0.1305852275782849 -0.4451550544024439 0.3003358240804722 -0.4768948255618538 
0.3003358240804722 -0.4768948255618538 0.3764495618157654 -0.6875201449850628 
0.3526772641034676 -0.1634518852941641 0.3065492875975065 0.01056855982238419 
0.3065492875975065 0.01056855982238419 0.2904060677535177 -0.1792226548636016 
-0.3133372579043521 -0.1534472010041887 -0.1832351216998122 0.002103587392640841 
-0.1832351216998122 0.002103587392640841 -0.1183917339187808 -0.1718050936119592 
0.3065492875975065 0.01056855982238419 -0.1832351216998122 0.002103587392640841 
0.3526772641034676 -0.1634518852941641 -0.3133372579043521 -0.1534472010041887 
0.2904060677535177 -0.1792226548636016 -0.1183917339187808 -0.1718050936119592 
0.3211957996729328 -0.5346194775504667 0.3097751770628502 -0.5030158228511498 
0.3097751770628502 -0.5030158228511498 0.3009095685593275 -0.2489570665651577 
0.3009095685593275 -0.2489570665651577 0.3108737203233808 -0.2536501669709686 
0.3108737203233808 -0.2536501669709686 0.3211957996729328 -0.5346194775504667 
0.3454515268917687 -0.439015749360701 0.3289940262292733 -0.4120072030626908 
0.3289940262292733 -0.4120072030626908 0.3230443700214702 -0.2593825245654348 
0.3230443700214702 -0.2593825245654348 0.3382456943618426 -0.2665423253312195 
0.3382456943618426 -0.2665423253312195 0.3454515268917687 -0.439015749360701 
