0 0 0 1 0.2089774555138763 -0.4389599848166164 
0 0 6.5 1 0.1593804327407364 0.1910666586821052 
10 0 0 1 -0.2287241037717049 -0.2502580998852948 
10 0 6.5 1 -0.2690745667506295 0.1084223703952012 
10 10 0 1 0.1451251135690112 -0.1367230026610498 
10 10 6.5 1 0.1232624084923558 0.1302433604142827 
0 10 0 1 0.5918408454192817 -0.2016303106638903 
0 10 6.5 1 0.5734639340951128 0.1912680536031856 
0 5 10 1 0.3999954585485789 0.4676785424460079 
10 5 10 1 -0.05951378396565837 0.2920544098228618 
0 6 0 1 0.4794105896195277 -0.271323670429774 
0 8 0 1 0.5402019430873961 -0.2336402760644966 
0 8 5 1 0.5236592027333108 0.09065531023262237 
0 6 5 1 0.4596445624294068 0.08145843863842943 
0 2 2.5 1 0.3039310975303199 -0.1606941533585847 
0 4 2.5 1 0.394979037309021 -0.1259158267346797 
0 4 5 1 0.3827941419525987 0.07041747291981343 
0 2 5 1 0.2888171457625545 0.05691596197380744 
0.5 0.5 -0.5 1 0.2053652338073348 -0.4488667618550706 
0.5 0.5 6 1 0.159049021569227 0.1368318359809176 
10.5 0.5 -0.5 1 -0.2137020416879782 -0.2634947515319305 
10.5 0.5 6 1 -0.2520147696784971 0.08037970342661555 
10.5 10.5 -0.5 1 0.1454043807964421 -0.1499979294935334 
10.5 10.5 6 1 0.1242036452817283 0.1086828888345798 
0.5 10.5 -0.5 1 0.5732573091170272 -0.2180541815251939 
0.5 10.5 6 1 0.5551293186222087 0.157154378396922 
0.5 5.5 9.5 1 0.3865407975686682 0.4097904580399611 
10.5 5.5 9.5 1 -0.05205467374334177 0.2613972320918026 
0.5 6.5 -0.5 1 0.4632805114240168 -0.2870527551709355 
0.5 8.5 -0.5 1 0.5225402321536865 -0.2498736747579397 
0.5 8.5 4.5 1 0.5063384758062836 0.05880100028215346 
0.5 6.5 4.5 1 0.4440903478030852 0.04731852005263647 
0.5 2.5 2 1 0.2948717459941557 -0.1866230269402891 
0.5 4.5 2 1 0.3817559695903712 -0.1513390165247224 
0.5 4.5 4.5 1 0.3700573734395416 0.03366217099073301 
0.5 2.5 4.5 1 0.280542963235322 0.01715006888584707 
