0.3011488761475479 -0.4124925462802318 0.3266604626777871 0.01822378371003622 
-0.3818399108202004 -0.3666517711281494 -0.3277105535514745 0.08345117292975132 
-0.2583543396755972 -0.2506903269188248 -0.2289164416777046 0.01593570243271771 
0.1483265277003013 -0.2816302285167034 0.1674491201062232 -0.02192178330427284 
0.3011488761475479 -0.4124925462802318 -0.3818399108202004 -0.3666517711281494 
-0.3818399108202004 -0.3666517711281494 -0.2583543396755972 -0.2506903269188248 
-0.2583543396755972 -0.2506903269188248 0.1483265277003013 -0.2816302285167034 
0.1483265277003013 -0.2816302285167034 0.3011488761475479 -0.4124925462802318 
0.3266604626777871 0.01822378371003622 0.2391499502546155 0.1601205701319307 
0.2391499502546155 0.1601205701319307 0.1674491201062232 -0.02192178330427284 
-0.3277105535514745 0.08345117292975132 -0.2462711768140396 0.2133430070164259 
-0.2462711768140396 0.2133430070164259 -0.2289164416777046 0.01593570243271771 
0.2391499502546155 0.1601205701319307 -0.2462711768140396 0.2133430070164259 
0.3266604626777871 0.01822378371003622 -0.3277105535514745 0.08345117292975132 
0.1674491201062232 -0.02192178330427284 -0.2289164416777046 0.01593570243271771 
0.1920288203760318 -0.3190526563830067 0.1682814256586424 -0.2987176782522677 
0.1682814256586424 -0.2987176782522677 0.1839388960153566 -0.08043881204610101 
0.1839388960153566 -0.08043881204610101 0.208635062340615 -0.08004016900445036 
0.208635062340615 -0.08004016900445036 0.1920288203760318 -0.3190526563830067 
0.2657226757566054 -0.2245417827014214 0.2296845202148844 -0.2100353303902974 
0.2296845202148844 -0.2100353303902974 0.2383955107880303 -0.0795597788283512 
0.2383955107880303 -0.0795597788283512 0.2749559563128353 -0.07896962378095804 
0.2749559563128353 -0.07896962378095804 0.2657226757566054 -0.2245417827014214 
