0 0 0 1 0.2555616906877556 -0.1877372553276999 
0 0 6.5 1 0.2939593672169274 0.1850693345235721 
10 0 0 1 -0.3265822980171834 -0.2850612143114149 
10 0 6.5 1 -0.3246786120138304 0.236041796654563 
10 10 0 1 -0.4260878130902345 -0.0911780243269525 
10 10 6.5 1 -0.4301922286454106 0.2202056026871937 
0 10 0 1 -0.01476868651025346 -0.06198653359197852 
0 10 6.5 1 -0.0007684920863352832 0.189628513293632 
0 5 10 1 0.1295045561087671 0.3625569715683927 
10 5 10 1 -0.3931661827427128 0.4581097393936892 
0 6 0 1 0.0690778631959468 -0.1009897867590531 
0 8 0 1 0.02423464473857507 -0.08012987769364806 
0 8 5 1 0.03700874445839988 0.1247460217458705 
0 6 5 1 0.08450374710346183 0.119019509032865 
0 2 2.5 1 0.1938200895615842 -0.0274279256569925 
0 4 2.5 1 0.1304012987122316 -0.008785060360350146 
0 4 5 1 0.1399940512913997 0.1123289960381509 
0 2 5 1 0.2056840962814325 0.1044086916523495 
0.5 0.5 -0.5 1 0.2123882591950641 -0.2085769440048073 
0.5 0.5 6 1 0.2474849248181295 0.1571441141419003 
10.5 0.5 -0.5 1 -0.3743957190067919 -0.3118347717543049 
10.5 0.5 6 1 -0.3767653656743543 0.1954904501663144 
10.5 10.5 -0.5 1 -0.4537550266132904 -0.1097023161933129 
10.5 10.5 6 1 -0.4592357367461596 0.1967472007987288 
0.5 10.5 -0.5 1 -0.04135257839858476 -0.07735160361894355 
0.5 10.5 6 1 -0.02860318576643925 0.1710328798433395 
0.5 5.5 9.5 1 0.09347120134322974 0.3373916475000415 
10.5 5.5 9.5 1 -0.4318037686672129 0.4234242725974365 
0.5 6.5 -0.5 1 0.03760721128999688 -0.1181866752492884 
0.5 8.5 -0.5 1 -0.00459338974765511 -0.09636209120451446 
0.5 8.5 4.5 1 0.007061650758856287 0.1057238075633006 
0.5 6.5 4.5 1 0.05170030627476843 0.09860524020996274 
0.5 2.5 2 1 0.154403361790566 -0.04904030456505615 
0.5 4.5 2 1 0.09498874429210902 -0.02886932574356279 
0.5 4.5 4.5 1 0.1037576779214173 0.09030360338821047 
0.5 2.5 4.5 1 0.1652508055378677 0.08049723790417253 
