0.2562470699207395 -0.1537143942855302 0.2916192217080323 0.2196849985176379 
-0.3130803952341178 -0.2629454364103662 -0.3187786587578395 0.2726514357670903 
-0.4418691247840805 -0.07466837598121934 -0.4526728737388536 0.2457334701004081 
-0.0277845137550405 -0.03825977029750672 -0.01725748564645747 0.2160960400462029 
0.2562470699207395 -0.1537143942855302 -0.3130803952341178 -0.2629454364103662 
-0.3130803952341178 -0.2629454364103662 -0.4418691247840805 -0.07466837598121934 
-0.4418691247840805 -0.07466837598121934 -0.0277845137550405 -0.03825977029750672 
-0.0277845137550405 -0.03825977029750672 0.2562470699207395 -0.1537143942855302 
0.2916192217080323 0.2196849985176379 0.1174431353927142 0.3947222074369858 
0.1174431353927142 0.3947222074369858 -0.01725748564645747 0.2160960400462029 
-0.3187786587578395 0.2726514357670903 -0.4097401084477459 0.4970536303764004 
-0.4097401084477459 0.4970536303764004 -0.4526728737388536 0.2457334701004081 
0.1174431353927142 0.3947222074369858 -0.4097401084477459 0.4970536303764004 
0.2916192217080323 0.2196849985176379 -0.3187786587578395 0.2726514357670903 
-0.01725748564645747 0.2160960400462029 -0.4526728737388536 0.2457334701004081 
0.0609569324728383 -0.07433185134497375 0.01356863993034008 -0.0550692136265786 
0.01356863993034008 -0.0550692136265786 0.02369665528052135 0.1515640442629261 
0.02369665528052135 0.1515640442629261 0.07376485429711437 0.1472108352673568 
0.07376485429711437 0.1472108352673568 0.0609569324728383 -0.07433185134497375 
0.1901665454792064 0.0037114210412787 0.1237588342459415 0.02020833027901833 
0.1237588342459415 0.02020833027901833 0.1320592303838879 0.1421423964707477 
0.1320592303838879 0.1421423964707477 0.2007885690865933 0.1361666837154119 
0.2007885690865933 0.1361666837154119 0.1901665454792064 0.0037114210412787 
