0 0 0 1 -0.2036413541825792 -0.3358756251907179 
0 0 6.5 1 -0.2264167648553132 0.3371137989490406 
10 0 0 1 -0.2474246901262054 -0.07530788746148469 
10 0 6.5 1 -0.2615315128435721 0.2687113049662614 
10 10 0 1 0.2146038840151863 -0.04538229690417438 
10 10 6.5 1 0.2306555868945625 0.2556122518731798 
0 10 0 1 0.5876277009726164 -0.228546982000275 
0 10 6.5 1 0.6582302528815198 0.2971665799547834 
0 5 10 1 0.2987454896086681 0.6984671502166183 
10 5 10 1 0.003519518653590369 0.4526668747571542 
0 6 0 1 0.3153139360662733 -0.265483933747676 
0 8 0 1 0.4575261637426478 -0.2461941038950452 
0 8 5 1 0.501662710339224 0.1656080780102093 
0 6 5 1 0.3486276340165362 0.1654735284454802 
0 2 2.5 1 -0.01122837263258178 -0.08398004124020562 
0 4 2.5 1 0.1687501090618146 -0.07109868794901057 
0 4 5 1 0.1792054692301475 0.1653245712320413 
0 2 5 1 -0.009384788864761663 0.1651587612899774 
0.5 0.5 -0.5 1 -0.1591803848369547 -0.348224118764896 
0.5 0.5 6 1 -0.1742718611769748 0.2732327668780806 
10.5 0.5 -0.5 1 -0.2221226225170432 -0.09100764263680076 
10.5 0.5 6 1 -0.2339866321217914 0.2391208338917245 
10.5 10.5 -0.5 1 0.2226833562174733 -0.06013276199081823 
10.5 10.5 6 1 0.2386912058351964 0.2301813120003227 
0.5 10.5 -0.5 1 0.5818785187895693 -0.2439970583224617 
0.5 10.5 6 1 0.6478134331435297 0.2498279809916957 
0.5 5.5 9.5 1 0.3111016447266191 0.6138078125645474 
10.5 5.5 9.5 1 0.02057513022810254 0.4174727266480219 
0.5 6.5 -0.5 1 0.324498016216455 -0.2801966277050216 
0.5 8.5 -0.5 1 0.4586007275625413 -0.2613356014997322 
0.5 8.5 4.5 1 0.5002314848023689 0.1250159916657463 
0.5 6.5 4.5 1 0.3565520827224002 0.1229538932829842 
0.5 2.5 2 1 0.02051535164974267 -0.1126361595518303 
0.5 4.5 2 1 0.1878388954953691 -0.09917879503443947 
0.5 4.5 4.5 1 0.1984822772260497 0.1206852626681649 
0.5 2.5 4.5 1 0.02374615971083311 0.1181774357972144 
