0.1284529040981615 -0.3345032668839554 0.08546003162857835 0.3219519992548077 
-0.2378118882357592 -0.1539932792252755 -0.2774337798721891 0.2044646450622742 
0.1591633036040657 -0.06225294318543978 0.1428091433447602 0.2130923626645997 
0.6024991274618737 -0.1311452851294968 0.6009189874024501 0.2915204263651021 
0.1284529040981615 -0.3345032668839554 -0.2378118882357592 -0.1539932792252755 
-0.2378118882357592 -0.1539932792252755 0.1591633036040657 -0.06225294318543978 
0.1591633036040657 -0.06225294318543978 0.6024991274618737 -0.1311452851294968 
0.6024991274618737 -0.1311452851294968 0.1284529040981615 -0.3345032668839554 
0.08546003162857835 0.3219519992548077 0.3937796356936601 0.6092106578675328 
0.3937796356936601 0.6092106578675328 0.6009189874024501 0.2915204263651021 
-0.2774337798721891 0.2044646450622742 -0.0530668706103613 0.3874384563849804 
-0.0530668706103613 0.3874384563849804 0.1428091433447602 0.2130923626645997 
0.3937796356936601 0.6092106578675328 -0.0530668706103613 0.3874384563849804 
0.08546003162857835 0.3219519992548077 -0.2774337798721891 0.2044646450622742 
0.6009189874024501 0.2915204263651021 0.1428091433447602 0.2130923626645997 
0.4597657598028148 -0.1923755368340719 0.536566608135305 -0.1594292443752825 
0.536566608135305 -0.1594292443752825 0.5323741873341576 0.1860151435683735 
0.5323741873341576 0.1860151435683735 0.4515462141855721 0.1813268668450248 
0.4515462141855721 0.1813268668450248 0.4597657598028148 -0.1923755368340719 
0.2502788603467934 -0.06064379658766526 0.3624783146967436 -0.03292338044094299 
0.3624783146967436 -0.03292338044094299 0.35543932231525 0.1757523647691071 
0.35543932231525 0.1757523647691071 0.2392690446280701 0.1690141231974107 
0.2392690446280701 0.1690141231974107 0.2502788603467934 -0.06064379658766526 
