0 0 0 1 0.2809535673698089 -0.2464316918815198 
0 0 6.5 1 0.2515597457140727 0.1022972311128938 
10 0 0 1 0.1082652923383315 -0.5681112713586274 
10 0 6.5 1 0.04421953271238759 0.1096366238098399 
10 10 0 1 -0.5772691574185712 -0.4416801279015549 
10 10 6.5 1 -0.6374392246224 0.02585697438646337 
0 10 0 1 -0.1658528812492906 -0.2297470857969852 
0 10 6.5 1 -0.1960610434472681 0.05347047268099664 
0 5 10 1 -0.01220443407883007 0.2477555397986589 
10 5 10 1 -0.3959232520530322 0.3709947949366202 
0 6 0 1 -0.008665655959173835 -0.2356167569791985 
0 8 0 1 -0.09029411152619284 -0.2325685945575641 
0 8 5 1 -0.1135032933599133 -0.006973764292323614 
0 6 5 1 -0.03185533802897558 -0.0008899214674848157 
0 2 2.5 1 0.1646188073053801 -0.1156241190567996 
0 4 2.5 1 0.06832270247169178 -0.117352567346052 
0 4 5 1 0.05670991641025244 0.005709350805362336 
0 2 5 1 0.1531104157013387 0.01289245151554906 
0.5 0.5 -0.5 1 0.2509440278539051 -0.2804407912188618 
0.5 0.5 6 1 0.2206691852199049 0.07182157701271309 
10.5 0.5 -0.5 1 0.04536187535045167 -0.6422825376150485 
10.5 0.5 6 1 -0.02243232794224072 0.04890348221406827 
10.5 10.5 -0.5 1 -0.631334885978592 -0.4907088153158985 
10.5 10.5 6 1 -0.6937794858382714 -0.01681333040055318 
0.5 10.5 -0.5 1 -0.1944615386200076 -0.257216272821108 
0.5 10.5 6 1 -0.2253707214377808 0.0283268789097494 
0.5 5.5 9.5 1 -0.04290792908228821 0.2218076811094852 
10.5 5.5 9.5 1 -0.4593251274182846 0.3261393777676311 
0.5 6.5 -0.5 1 -0.03798690654224628 -0.2653752367968862 
0.5 8.5 -0.5 1 -0.1192750274536431 -0.2611366784991732 
0.5 8.5 4.5 1 -0.1430468560155397 -0.0336241287295591 
0.5 6.5 4.5 1 -0.06176619098846012 -0.02857152890560154 
0.5 2.5 2 1 0.1344450811936446 -0.1468743047880797 
0.5 4.5 2 1 0.0383991880600901 -0.1472914973265283 
0.5 4.5 4.5 1 0.0264750422575945 -0.023086243574628 
0.5 2.5 4.5 1 0.122610955664486 -0.01711020611241198 
