-0.4091647457623273 -0.3872544683284141 -0.408677348227052 0.2518842442788122 
-0.2520152170907798 -0.1212253281819498 -0.2436679855382295 0.2052509635349542 
0.2283426272917101 -0.1392117976140639 0.2599498792412603 0.1713438720548655 
0.5004005536518809 -0.3990329134518815 0.5881432563670036 0.1815812880410533 
-0.4091647457623273 -0.3872544683284141 -0.2520152170907798 -0.1212253281819498 
-0.2520152170907798 -0.1212253281819498 0.2283426272917101 -0.1392117976140639 
0.2283426272917101 -0.1392117976140639 0.5004005536518809 -0.3990329134518815 
0.5004005536518809 -0.3990329134518815 -0.4091647457623273 -0.3872544683284141 
-0.408677348227052 0.2518842442788122 0.1433080174342742 0.5962723551742577 
0.1433080174342742 0.5962723551742577 0.5881432563670036 0.1815812880410533 
-0.2436679855382295 0.2052509635349542 0.02600714918139024 0.3729561101299127 
0.02600714918139024 0.3729561101299127 0.2599498792412603 0.1713438720548655 
0.1433080174342742 0.5962723551742577 0.02600714918139024 0.3729561101299127 
-0.408677348227052 0.2518842442788122 -0.2436679855382295 0.2052509635349542 
0.5881432563670036 0.1815812880410533 0.2599498792412603 0.1713438720548655 
0.1550665477237502 -0.3945609996258909 0.3306101838524649 -0.39683420759265 
0.3306101838524649 -0.39683420759265 0.3853396898485151 0.04809056500703827 
0.3853396898485151 0.04809056500703827 0.197651372401519 0.05863628298220708 
0.197651372401519 0.05863628298220708 0.1550665477237502 -0.3945609996258909 
-0.2070390321136489 -0.1632262759088327 -0.01230589454887598 -0.1697974950666382 
-0.01230589454887598 -0.1697974950666382 0.003000437408368924 0.0695732123125069 
0.003000437408368924 0.0695732123125069 -0.1990078724486098 0.08092353338400249 
-0.1990078724486098 0.08092353338400249 -0.2070390321136489 -0.1632262759088327 
