-0.2036413541825792 -0.3358756251907179 -0.2264167648553132 0.3371137989490406 
-0.2474246901262054 -0.07530788746148469 -0.2615315128435721 0.2687113049662614 
0.2146038840151863 -0.04538229690417438 0.2306555868945625 0.2556122518731798 
0.5876277009726164 -0.228546982000275 0.6582302528815198 0.2971665799547834 
-0.2036413541825792 -0.3358756251907179 -0.2474246901262054 -0.07530788746148469 
-0.2474246901262054 -0.07530788746148469 0.2146038840151863 -0.04538229690417438 
0.2146038840151863 -0.04538229690417438 0.5876277009726164 -0.228546982000275 
0.5876277009726164 -0.228546982000275 -0.2036413541825792 -0.3358756251907179 
-0.2264167648553132 0.3371137989490406 0.2987454896086681 0.6984671502166183 
0.2987454896086681 0.6984671502166183 0.6582302528815198 0.2971665799547834 
-0.2615315128435721 0.2687113049662614 0.003519518653590369 0.4526668747571542 
0.003519518653590369 0.4526668747571542 0.2306555868945625 0.2556122518731798 
0.2987454896086681 0.6984671502166183 0.003519518653590369 0.4526668747571542 
-0.2264167648553132 0.3371137989490406 -0.2615315128435721 0.2687113049662614 
0.6582302528815198 0.2971665799547834 0.2306555868945625 0.2556122518731798 
0.3153139360662733 -0.265483933747676 0.4575261637426478 -0.2461941038950452 
0.4575261637426478 -0.2461941038950452 0.501662710339224 0.1656080780102093 
0.501662710339224 0.1656080780102093 0.3486276340165362 0.1654735284454802 
0.3486276340165362 0.1654735284454802 0.3153139360662733 -0.265483933747676 
-0.01122837263258178 -0.08398004124020562 0.1687501090618146 -0.07109868794901057 
0.1687501090618146 -0.07109868794901057 0.1792054692301475 0.1653245712320413 
0.1792054692301475 0.1653245712320413 -0.009384788864761663 0.1651587612899774 
-0.009384788864761663 0.1651587612899774 -0.01122837263258178 -0.08398004124020562 
