0 0 0 1 0.2921730566905497 -0.3519654970342112 
0 0 6.5 1 0.2558264155395367 -0.009257333339712702 
10 0 0 1 0.4867755543654961 -0.5869207606188031 
10 0 6.5 1 0.3954681645129814 0.1206019220447632 
10 10 0 1 -0.5608746388596144 -0.6095178815044314 
10 10 6.5 1 -0.5526000665587061 0.03275754103313351 
0 10 0 1 -0.2241687371923448 -0.3756044435560591 
0 10 6.5 1 -0.2351686465763412 -0.04891756328279225 
0 5 10 1 -0.007480548067696186 0.1378897726710698 
10 5 10 1 -0.1191917250982973 0.3886125981315119 
0 6 0 1 -0.02424843971098257 -0.3664517751554344 
0 8 0 1 -0.1252647211092463 -0.3710764607844095 
0 8 5 1 -0.1374433026405204 -0.1146824733714803 
0 6 5 1 -0.04020523766202135 -0.1075861594064564 
0 2 2.5 1 0.1721740267195542 -0.2224406724592738 
0 4 2.5 1 0.06881677560185562 -0.2286027512269771 
0 4 5 1 0.05905523292080236 -0.1003422527766042 
0 2 5 1 0.160401866633696 -0.09294610053638841 
0.5 0.5 -0.5 1 0.2719381102891489 -0.3874559090725042 
0.5 0.5 6 1 0.2356159916820014 -0.03383375442023358 
10.5 0.5 -0.5 1 0.4547128246204912 -0.6783700905113285 
10.5 0.5 6 1 0.3616333936749924 0.07726370615910376 
10.5 10.5 -0.5 1 -0.6464178866635645 -0.6921668352736366 
10.5 10.5 6 1 -0.6299441551160492 -0.01060430183419298 
0.5 10.5 -0.5 1 -0.257063546381531 -0.409819496072167 
0.5 10.5 6 1 -0.2668053122628124 -0.07324315425326042 
0.5 5.5 9.5 1 -0.03334981993819121 0.1182967335062288 
10.5 5.5 9.5 1 -0.1751489261827682 0.362827023828827 
0.5 6.5 -0.5 1 -0.05242594442515396 -0.4011684252162532 
0.5 8.5 -0.5 1 -0.1558548900343162 -0.4055408920965485 
0.5 8.5 4.5 1 -0.1672258761170388 -0.1412350492630513 
0.5 6.5 4.5 1 -0.0677551217259133 -0.1342332841338623 
0.5 2.5 2 1 0.1492792104711806 -0.2533218252300259 
0.5 4.5 2 1 0.04338227888898739 -0.2593142238165494 
0.5 4.5 4.5 1 0.03383924874779322 -0.1270820372688021 
0.5 2.5 4.5 1 0.1376259751712393 -0.1197764700556796 
