0 0 0 1 0.2807418072060498 -0.3508228694756575 
0 0 6.5 1 0.2450819278689094 -0.03045665567970254 
10 0 0 1 0.6646473948315083 -0.601923456118459 
10 0 6.5 1 0.5783739761685408 0.02347041901824202 
10 10 0 1 -0.3362427053640581 -0.7751403472572816 
10 10 6.5 1 -0.3808237300870732 -0.05879621045075508 
0 10 0 1 -0.2227943070286415 -0.4170177402236019 
0 10 6.5 1 -0.2476502755037136 -0.07434472485801782 
0 5 10 1 -0.009476949263724433 0.1197720749168831 
10 5 10 1 0.0941636369967149 0.3176795339891495 
0 6 0 1 -0.01361230260690922 -0.3895186684508894 
0 8 0 1 -0.1168412767496442 -0.4030891520917835 
0 8 5 1 -0.1379363573053847 -0.1415645025432546 
0 6 5 1 -0.03646673015322872 -0.1315562005732751 
0 2 2.5 1 0.1719097071664404 -0.2366249925904577 
0 4 2.5 1 0.07461680571585451 -0.2478001067621763 
0 4 5 1 0.06247712188038832 -0.1217970245812268 
0 2 5 1 0.158988346616787 -0.1122777870737703 
0.5 0.5 -0.5 1 0.269391486862767 -0.3866504680573088 
0.5 0.5 6 1 0.2329599292362406 -0.05588441423516133 
10.5 0.5 -0.5 1 0.6653050884223247 -0.6896944485370174 
10.5 0.5 6 1 0.5739629485071492 -0.02344566288063871 
10.5 10.5 -0.5 1 -0.4060452947749268 -0.8880957549291811 
10.5 10.5 6 1 -0.4496514534192607 -0.1177275694612061 
0.5 10.5 -0.5 1 -0.251275304965517 -0.4574360759916355 
0.5 10.5 6 1 -0.2761529561469758 -0.1028454803705246 
0.5 5.5 9.5 1 -0.02949729646788041 0.09842404145973634 
10.5 5.5 9.5 1 0.06031877092742116 0.2868741450340905 
0.5 6.5 -0.5 1 -0.03472277505742431 -0.4279953612776534 
0.5 8.5 -0.5 1 -0.1415438315126231 -0.4425178803628768 
0.5 8.5 4.5 1 -0.1627949070529924 -0.1719754451533915 
0.5 6.5 4.5 1 -0.05785833752811463 -0.1612619059651485 
0.5 2.5 2 1 0.1572078300931152 -0.269071131970944 
0.5 4.5 2 1 0.05671857303549856 -0.2810118748724185 
0.5 4.5 4.5 1 0.04438626325224899 -0.1508232043551535 
0.5 2.5 4.5 1 0.1440411702446513 -0.1406488985226123 
