0 0 0 1 -0.6662262724266548 -0.3658917244573998 
0 0 6.5 1 -0.5965548045945518 0.1888428827818722 
10 0 0 1 -0.2479238704765023 -0.2307459860372693 
10 0 6.5 1 -0.2152140511942044 0.0727088663853645 
10 10 0 1 0.234098466857329 -0.3057432864273408 
10 10 6.5 1 0.263742390344831 0.0384632823181634 
0 10 0 1 0.215584769948227 -0.5579547424071346 
0 10 6.5 1 0.2764578769124432 0.150018307750966 
0 5 10 1 -0.1765012865933668 0.4927815912443967 
10 5 10 1 0.02617563173020328 0.2265273318541466 
0 6 0 1 -0.1894001064711884 -0.4697469361410323 
0 8 0 1 0.002572187297956866 -0.5115594972592683 
0 8 5 1 0.05218958015560045 0.008049066994062382 
0 6 5 1 -0.1380208038302476 0.02384957849488118 
0 2 2.5 1 -0.4945986835744774 -0.1708240409937573 
0 4 2.5 1 -0.336725459970272 -0.1943841023037918 
0 4 5 1 -0.3106974315029692 0.03819358529562681 
0 2 5 1 -0.4681578989069911 0.05127360686966793 
0.5 0.5 -0.5 1 -0.6005937186630749 -0.4036511943986107 
0.5 0.5 6 1 -0.5344129486885157 0.13661682823578 
10.5 0.5 -0.5 1 -0.2182835119195922 -0.2536766844954547 
10.5 0.5 6 1 -0.1864713797990455 0.04539848372396443 
10.5 10.5 -0.5 1 0.2590768934908335 -0.3303338705831131 
10.5 10.5 6 1 0.2878310940295126 0.008246461085196312 
0.5 10.5 -0.5 1 0.2669275972254433 -0.5988005082903431 
0.5 10.5 6 1 0.3241485152124953 0.0857586474558699 
0.5 5.5 9.5 1 -0.1210476946887028 0.4261985027389332 
10.5 5.5 9.5 1 0.05250108151686587 0.1952903165786754 
0.5 6.5 -0.5 1 -0.1298266837842429 -0.5095504526379958 
0.5 8.5 -0.5 1 0.05859522478957038 -0.5519360465212885 
0.5 8.5 4.5 1 0.1053265540632058 -0.04875098677880355 
0.5 6.5 4.5 1 -0.08132886265800911 -0.03079501103121207 
0.5 2.5 2 1 -0.4317993912644607 -0.2155687670940274 
0.5 4.5 2 1 -0.2759294064499522 -0.2404267676992845 
0.5 4.5 4.5 1 -0.2513002463005524 -0.01444401465467247 
0.5 2.5 4.5 1 -0.4067288324318556 0.0005079860538014478 
