0.2914099268836952 -0.2770485578547214 0.253243020779377 0.06932969842450315 
0.288327688122893 -0.5496795874987696 0.2109946102087945 0.1625338133105744 
-0.5897087626140217 -0.5102143324577838 -0.6258848595541897 0.03704527419511475 
-0.1930722642162263 -0.2908266362551705 -0.2191459803627528 0.01127767632399394 
0.2914099268836952 -0.2770485578547214 0.288327688122893 -0.5496795874987696 
0.288327688122893 -0.5496795874987696 -0.5897087626140217 -0.5102143324577838 
-0.5897087626140217 -0.5102143324577838 -0.1930722642162263 -0.2908266362551705 
-0.1930722642162263 -0.2908266362551705 0.2914099268836952 -0.2770485578547214 
0.253243020779377 0.06932969842450315 -0.01567510418206789 0.2078847265614954 
-0.01567510418206789 0.2078847265614954 -0.2191459803627528 0.01127767632399394 
0.2109946102087945 0.1625338133105744 -0.2887387496901228 0.4097332561268618 
-0.2887387496901228 0.4097332561268618 -0.6258848595541897 0.03704527419511475 
-0.01567510418206789 0.2078847265614954 -0.2887387496901228 0.4097332561268618 
0.253243020779377 0.06932969842450315 0.2109946102087945 0.1625338133105744 
-0.2191459803627528 0.01127767632399394 -0.6258848595541897 0.03704527419511475 
-0.0152690302211914 -0.2857701306852233 -0.1065502598224501 -0.2883660567296465 
-0.1065502598224501 -0.2883660567296465 -0.1282259148912355 -0.04903996275253553 
-0.1282259148912355 -0.04903996275253553 -0.03863641609751561 -0.03997273955560431 
-0.03863641609751561 -0.03997273955560431 -0.0152690302211914 -0.2857701306852233 
0.1695226032004875 -0.1493648119893895 0.06848756034853445 -0.1559239766093521 
0.06848756034853445 -0.1559239766093521 0.05595747556331172 -0.0303990290169404 
0.05595747556331172 -0.0303990290169404 0.1559871194391017 -0.02027517388276128 
0.1559871194391017 -0.02027517388276128 0.1695226032004875 -0.1493648119893895 
