-0.364762264484625 -0.3979810101260759 -0.3709980582126334 0.2440522141930493 
-0.2508097440119534 -0.1187825262304049 -0.247302176928795 0.2102011906352537 
0.225848829007736 -0.1253321194936796 0.2547154390290628 0.1817149378776536 
0.5221164978925709 -0.3781157185424358 0.6080413744248682 0.185119360719728 
-0.364762264484625 -0.3979810101260759 -0.2508097440119534 -0.1187825262304049 
-0.2508097440119534 -0.1187825262304049 0.225848829007736 -0.1253321194936796 
0.225848829007736 -0.1253321194936796 0.5221164978925709 -0.3781157185424358 
0.5221164978925709 -0.3781157185424358 -0.364762264484625 -0.3979810101260759 
-0.3709980582126334 0.2440522141930493 0.1805670096160283 0.593807022351665 
0.1805670096160283 0.593807022351665 0.6080413744248682 0.185119360719728 
-0.247302176928795 0.2102011906352537 0.02220479471241637 0.3815657369433529 
0.02220479471241637 0.3815657369433529 0.2547154390290628 0.1817149378776536 
0.1805670096160283 0.593807022351665 0.02220479471241637 0.3815657369433529 
-0.3709980582126334 0.2440522141930493 -0.247302176928795 0.2102011906352537 
0.6080413744248682 0.185119360719728 0.2547154390290628 0.1817149378776536 
0.1928263407780792 -0.3854915237417489 0.3613183722505104 -0.3817174528352046 
0.3613183722505104 -0.3817174528352046 0.4147457274337557 0.05186523423580438 
0.4147457274337557 0.05186523423580438 0.2339174780129368 0.05900153195336307 
0.2339174780129368 0.05900153195336307 0.1928263407780792 -0.3854915237417489 
-0.163701652510012 -0.1692165255122492 0.0292295479610764 -0.1706122865523133 
0.0292295479610764 -0.1706122865523133 0.04348394436797304 0.06651689747755493 
0.04348394436797304 0.06651689747755493 -0.1573410785860424 0.07444235800446757 
-0.1573410785860424 0.07444235800446757 -0.163701652510012 -0.1692165255122492 
