0.2346857454636472 -0.3965465183755044 0.2107455457632522 -0.08691445799948393 
0.7159086631650419 -0.5487803788146207 0.6309119732099564 -0.006020313745260773 
-0.1117393533541659 -0.7481467689570536 -0.1242783933885499 0.02220793056494337 
-0.2544682397255759 -0.4601815083879358 -0.2517170863017583 -0.08790489200068904 
0.2346857454636472 -0.3965465183755044 0.7159086631650419 -0.5487803788146207 
0.7159086631650419 -0.5487803788146207 -0.1117393533541659 -0.7481467689570536 
-0.1117393533541659 -0.7481467689570536 -0.2544682397255759 -0.4601815083879358 
-0.2544682397255759 -0.4601815083879358 0.2346857454636472 -0.3965465183755044 
0.2107455457632522 -0.08691445799948393 -0.006920666307402711 0.0788411903497749 
-0.006920666307402711 0.0788411903497749 -0.2517170863017583 -0.08790489200068904 
0.6309119732099564 -0.006020313745260773 0.2843673721915965 0.2958365046863743 
0.2843673721915965 0.2958365046863743 -0.1242783933885499 0.02220793056494337 
-0.006920666307402711 0.0788411903497749 0.2843673721915965 0.2958365046863743 
0.2107455457632522 -0.08691445799948393 0.6309119732099564 -0.006020313745260773 
-0.2517170863017583 -0.08790489200068904 -0.1242783933885499 0.02220793056494337 
-0.03685514307153045 -0.4318717988661017 -0.1414345647634147 -0.4454767385300288 
-0.1414345647634147 -0.4454767385300288 -0.1447903670302454 -0.1662845487820982 
-0.1447903670302454 -0.1662845487820982 -0.04493082725674664 -0.163266992670821 
-0.04493082725674664 -0.163266992670821 -0.03685514307153045 -0.4318717988661017 
0.1424835956124392 -0.2799127848966632 0.05397890203562332 -0.2868955750966604 
0.05397890203562332 -0.2868955750966604 0.04805075427559106 -0.1604572747387584 
0.04805075427559106 -0.1604572747387584 0.1348413134987677 -0.1578346371522135 
0.1348413134987677 -0.1578346371522135 0.1424835956124392 -0.2799127848966632 
