0.07671866498551767 -0.383189505005441 0.09536461512234509 -0.1085427523187006 
0.5348469325494725 -0.5276934446139102 0.540642830950042 -0.1363541779729232 
0.201859133223993 -0.7648076601901559 0.2362426373963794 -0.09332503486780032 
-0.3088503124361099 -0.4599561603477622 -0.2656016511118562 -0.07162392282222332 
0.07671866498551767 -0.383189505005441 0.5348469325494725 -0.5276934446139102 
0.5348469325494725 -0.5276934446139102 0.201859133223993 -0.7648076601901559 
0.201859133223993 -0.7648076601901559 -0.3088503124361099 -0.4599561603477622 
-0.3088503124361099 -0.4599561603477622 0.07671866498551767 -0.383189505005441 
0.09536461512234509 -0.1085427523187006 -0.04088262132396901 0.07041346813608182 
-0.04088262132396901 0.07041346813608182 -0.2656016511118562 -0.07162392282222332 
0.540642830950042 -0.1363541779729232 0.4336069697899534 0.123920938077275 
0.4336069697899534 0.123920938077275 0.2362426373963794 -0.09332503486780032 
-0.04088262132396901 0.07041346813608182 0.4336069697899534 0.123920938077275 
0.09536461512234509 -0.1085427523187006 0.540642830950042 -0.1363541779729232 
-0.2656016511118562 -0.07162392282222332 0.2362426373963794 -0.09332503486780032 
-0.1213355259609654 -0.422622028641452 -0.2078247477427918 -0.4398420039718081 
-0.2078247477427918 -0.4398420039718081 -0.179958607001701 -0.1613249235685242 
-0.179958607001701 -0.1613249235685242 -0.09798199256801648 -0.1640589111275571 
-0.09798199256801648 -0.1640589111275571 -0.1213355259609654 -0.422622028641452 
0.02753448486543772 -0.2801090484898389 -0.03644088366760157 -0.2853775884958838 
-0.03644088366760157 -0.2853775884958838 -0.02670383678130732 -0.1664360962857624 
-0.02670383678130732 -0.1664360962857624 0.03584189376554671 -0.1685220478753349 
0.03584189376554671 -0.1685220478753349 0.02753448486543772 -0.2801090484898389 
