0.2872080456477767 -0.5260982617337173 0.2287882891098606 0.0882628163901141 
-0.2232016521195885 -0.3449296143485999 -0.261613824035927 0.02082460146390707 
0.127520726725195 -0.2128064842711798 0.1018995589764128 0.04943911396821195 
0.5771979344353216 -0.2679107242210922 0.5444049676556838 0.1015211302302866 
0.2872080456477767 -0.5260982617337173 -0.2232016521195885 -0.3449296143485999 
-0.2232016521195885 -0.3449296143485999 0.127520726725195 -0.2128064842711798 
0.127520726725195 -0.2128064842711798 0.5771979344353216 -0.2679107242210922 
0.5771979344353216 -0.2679107242210922 0.2872080456477767 -0.5260982617337173 
0.2287882891098606 0.0882628163901141 0.4033028703542302 0.3485795227276921 
0.4033028703542302 0.3485795227276921 0.5444049676556838 0.1015211302302866 
-0.261613824035927 0.02082460146390707 -0.0663936922021181 0.2035515947882374 
-0.0663936922021181 0.2035515947882374 0.1018995589764128 0.04943911396821195 
0.4033028703542302 0.3485795227276921 -0.0663936922021181 0.2035515947882374 
0.2287882891098606 0.0882628163901141 -0.261613824035927 0.02082460146390707 
0.5444049676556838 0.1015211302302866 0.1018995589764128 0.04943911396821195 
0.494228557326209 -0.3417810900270266 0.5393091655036236 -0.3016443415922374 
0.5393091655036236 -0.3016443415922374 0.5116956577020042 0.006581627446400187 
0.5116956577020042 0.006581627446400187 0.4636702380929813 -0.004376182048593747 
0.4636702380929813 -0.004376182048593747 0.494228557326209 -0.3417810900270266 
0.3530626864615385 -0.2430318957943666 0.4226595136865269 -0.2046895553738469 
0.4226595136865269 -0.2046895553738469 0.4054973490011088 -0.01764930785637723 
0.4054973490011088 -0.01764930785637723 0.3335809334653113 -0.03405825102479955 
0.3335809334653113 -0.03405825102479955 0.3530626864615385 -0.2430318957943666 
