-0.2821011351639733 -0.08210553146184782 -0.3138277607508012 0.1919753412122922 
0.1134579345217752 -0.03585052135697999 0.09603601812390057 0.2172446248865284 
0.3132067803161306 -0.1155743118524345 0.2945373850021895 0.2912910804981985 
-0.3224682637212206 -0.204807072833307 -0.3792011133968061 0.2591819650087009 
-0.2821011351639733 -0.08210553146184782 0.1134579345217752 -0.03585052135697999 
0.1134579345217752 -0.03585052135697999 0.3132067803161306 -0.1155743118524345 
0.3132067803161306 -0.1155743118524345 -0.3224682637212206 -0.204807072833307 
-0.3224682637212206 -0.204807072833307 -0.2821011351639733 -0.08210553146184782 
-0.3138277607508012 0.1919753412122922 -0.3612142380800961 0.4141544298278281 
-0.3612142380800961 0.4141544298278281 -0.3792011133968061 0.2591819650087009 
0.09603601812390057 0.2172446248865284 0.1610529390681713 0.4231762426100509 
0.1610529390681713 0.4231762426100509 0.2945373850021895 0.2912910804981985 
-0.3612142380800961 0.4141544298278281 0.1610529390681713 0.4231762426100509 
-0.3138277607508012 0.1919753412122922 0.09603601812390057 0.2172446248865284 
-0.3792011133968061 0.2591819650087009 0.2945373850021895 0.2912910804981985 
-0.301142114367248 -0.1399832547720497 -0.3105285908756007 -0.1685147648592364 
-0.3105285908756007 -0.1685147648592364 -0.3478294711406031 0.1414862604623721 
-0.3478294711406031 0.1414862604623721 -0.3340162860149525 0.1367209797015448 
-0.3340162860149525 0.1367209797015448 -0.301142114367248 -0.1399832547720497 
-0.3004322359843685 0.01437972734431811 -0.3080459781729115 0.00615250600959629 
-0.3080459781729115 0.00615250600959629 -0.322950396449438 0.1329034625852308 
-0.322950396449438 0.1329034625852308 -0.3138863244755853 0.1297765336836882 
-0.3138863244755853 0.1297765336836882 -0.3004322359843685 0.01437972734431811 
