0 0 0 1 0.2683718954937466 -0.2722867349254761 
0 0 6.5 1 0.3127375734347894 0.1189727918384436 
10 0 0 1 -0.3710092409569994 -0.2802520424104498 
10 0 6.5 1 -0.3344200289409088 0.202485343505562 
10 10 0 1 -0.3493589712474677 -0.1282329170160719 
10 10 6.5 1 -0.327744420208159 0.1547305587439169 
0 10 0 1 0.05502945012079277 -0.1411214363842771 
0 10 6.5 1 0.07993140499538616 0.1077420490791774 
0 5 10 1 0.1877293474393895 0.2804351083505786 
10 5 10 1 -0.3150885885105714 0.3706406521353988 
0 6 0 1 0.1185856201652723 -0.1801964737189537 
0 8 0 1 0.08431591186638263 -0.1591270774622184 
0 8 5 1 0.1052743717676062 0.04658929854922406 
0 6 5 1 0.1417981867070718 0.04297515983081077 
0 2 2.5 1 0.2228211558037431 -0.1019560025721172 
0 4 2.5 1 0.1721280262880734 -0.08411794758021428 
0 4 5 1 0.1852117342258401 0.03867926184613131 
0 2 5 1 0.2376675199333015 0.03348860784560212 
0.5 0.5 -0.5 1 0.2231899080068319 -0.2913263197970491 
0.5 0.5 6 1 0.2656034921811605 0.09127133673771028 
10.5 0.5 -0.5 1 -0.4101494630661047 -0.3033213731963647 
10.5 0.5 6 1 -0.3755897638594831 0.1663005320304912 
10.5 10.5 -0.5 1 -0.3729288696909321 -0.1442051492289568 
10.5 10.5 6 1 -0.3520257577577273 0.134203231956707 
0.5 10.5 -0.5 1 0.02887098578658413 -0.1550616766999816 
0.5 10.5 6 1 0.05306450176957905 0.09027089091414613 
0.5 5.5 9.5 1 0.1527936272135353 0.2560223122660508 
10.5 5.5 9.5 1 -0.3462687333585374 0.3403123984876809 
0.5 6.5 -0.5 1 0.08706555952003207 -0.1958701719786158 
0.5 8.5 -0.5 1 0.05571927443400317 -0.1738888317114785 
0.5 8.5 4.5 1 0.07603725930579398 0.02869350581863648 
0.5 6.5 4.5 1 0.1095105393158037 0.02361740960587768 
0.5 2.5 2 1 0.1827228055323026 -0.1223878393855548 
0.5 4.5 2 1 0.1365796067629217 -0.1029708009174041 
0.5 4.5 4.5 1 0.1491904429087527 0.0176001024196512 
0.5 2.5 4.5 1 0.1969796149617987 0.01035305536609677 
