0 0 0 1 -0.6714042694836229 -0.3783537645999357 
0 0 6.5 1 -0.600244956666124 0.1734784765372563 
10 0 0 1 -0.2476459692186556 -0.2414466250922639 
10 0 6.5 1 -0.2148043861900245 0.06163322846490724 
10 10 0 1 0.2337991132901736 -0.3177937362706647 
10 10 6.5 1 0.2627036843266215 0.02785494440966648 
0 10 0 1 0.2035198107542533 -0.5755901942053283 
0 10 6.5 1 0.2633160261616608 0.1357700544360338 
0 5 10 1 -0.1860675190512893 0.4758017526557706 
10 5 10 1 0.02515134859550728 0.2153904622988763 
0 6 0 1 -0.2004368315701038 -0.4845251890842249 
0 8 0 1 -0.009407366782434857 -0.5275894622425371 
0 8 5 1 0.04006893168720059 -0.006252355772738336 
0 6 5 1 -0.1487137586920183 0.009602068874782595 
0 2 2.5 1 -0.5015450977523803 -0.1841897009596886 
0 4 2.5 1 -0.3458060390531926 -0.2080654669445525 
0 4 5 1 -0.3194664615954249 0.02394229178454465 
0 2 5 1 -0.4746544266782085 0.03697535055526528 
0.5 0.5 -0.5 1 -0.6060752809109501 -0.4160799846468946 
0.5 0.5 6 1 -0.5385835977854283 0.1220322803284559 
10.5 0.5 -0.5 1 -0.217955132592476 -0.2643857898135957 
10.5 0.5 6 1 -0.186054020246385 0.03450997076737327 
10.5 10.5 -0.5 1 0.259227115813341 -0.3425378571650776 
10.5 10.5 6 1 0.2872053244549699 -0.002323485103699698 
0.5 10.5 -0.5 1 0.2562517596043255 -0.6168365665174638 
0.5 10.5 6 1 0.3122171457062592 0.07186110925685381 
0.5 5.5 9.5 1 -0.1304150527860301 0.4103341760438105 
10.5 5.5 9.5 1 0.05166178413263663 0.1843926218105852 
0.5 6.5 -0.5 1 -0.1402097076035275 -0.5245371890649375 
0.5 8.5 -0.5 1 0.04763217658519315 -0.5682682711603352 
0.5 8.5 4.5 1 0.0940686998792581 -0.06278226339224145 
0.5 6.5 4.5 1 -0.09152432538918949 -0.04466857997608023 
0.5 2.5 2 1 -0.4388328693920604 -0.2286990422119752 
0.5 4.5 2 1 -0.2847805696169473 -0.2539523473811593 
0.5 4.5 4.5 1 -0.2599126097942048 -0.0282340611126092 
0.5 2.5 4.5 1 -0.4133825343319281 -0.01325555842934545 
