-0.3672687419195085 -0.3411738719251713 -0.3945917643562776 -0.03865989802702599 
0.04506964889702138 -0.2534308486915872 0.01983313595663406 -0.001337803136938831 
0.3235132730588636 -0.3534279929669536 0.2821357820468652 0.03565825652122709 
-0.2949001334938461 -0.5399167626854016 -0.3428730378518278 -0.01607434204695828 
-0.3672687419195085 -0.3411738719251713 0.04506964889702138 -0.2534308486915872 
0.04506964889702138 -0.2534308486915872 0.3235132730588636 -0.3534279929669536 
0.3235132730588636 -0.3534279929669536 -0.2949001334938461 -0.5399167626854016 
-0.2949001334938461 -0.5399167626854016 -0.3672687419195085 -0.3411738719251713 
-0.3945917643562776 -0.03865989802702599 -0.3940960030743433 0.1733388394565621 
-0.3940960030743433 0.1733388394565621 -0.3428730378518278 -0.01607434204695828 
0.01983313595663406 -0.001337803136938831 0.106396249678568 0.1761758048374303 
0.106396249678568 0.1761758048374303 0.2821357820468652 0.03565825652122709 
-0.3940960030743433 0.1733388394565621 0.106396249678568 0.1761758048374303 
-0.3945917643562776 -0.03865989802702599 0.01983313595663406 -0.001337803136938831 
-0.3428730378518278 -0.01607434204695828 0.2821357820468652 0.03565825652122709 
-0.3336875034450134 -0.4333966264442864 -0.3167720844396447 -0.4798507361015255 
-0.3167720844396447 -0.4798507361015255 -0.3489089998495835 -0.127470711767088 
-0.3489089998495835 -0.127470711767088 -0.3620868717308537 -0.1209913508199573 
-0.3620868717308537 -0.1209913508199573 -0.3336875034450134 -0.4333966264442864 
-0.3696966965214146 -0.238541344415605 -0.3599213537934158 -0.2556519699576023 
-0.3599213537934158 -0.2556519699576023 -0.3725998336656151 -0.1158222859199124 
-0.3725998336656151 -0.1158222859199124 -0.3811820260796004 -0.1116025512868134 
-0.3811820260796004 -0.1116025512868134 -0.3696966965214146 -0.238541344415605 
