0.138876266237823 -0.3472295193669579 0.09514226461382534 0.3053736525122479 
-0.2366631304324691 -0.1655474191663684 -0.2765071018319492 0.1926967036776883 
0.1573565629109785 -0.07107375249877597 0.1402062517606228 0.2030410985727184 
0.6011705510470259 -0.1394396743291181 0.597293974445505 0.2790563877478071 
0.138876266237823 -0.3472295193669579 -0.2366631304324691 -0.1655474191663684 
-0.2366631304324691 -0.1655474191663684 0.1573565629109785 -0.07107375249877597 
0.1573565629109785 -0.07107375249877597 0.6011705510470259 -0.1394396743291181 
0.6011705510470259 -0.1394396743291181 0.138876266237823 -0.3472295193669579 
0.09514226461382534 0.3053736525122479 0.3946217891312473 0.5910753313369269 
0.3946217891312473 0.5910753313369269 0.597293974445505 0.2790563877478071 
-0.2765071018319492 0.1926967036776883 -0.05405054106141204 0.3756815544369206 
-0.05405054106141204 0.3756815544369206 0.1402062517606228 0.2030410985727184 
0.3946217891312473 0.5910753313369269 -0.05405054106141204 0.3756815544369206 
0.09514226461382534 0.3053736525122479 -0.2765071018319492 0.1926967036776883 
0.597293974445505 0.2790563877478071 0.1402062517606228 0.2030410985727184 
0.4624275291442737 -0.2018012305251955 0.537129477417871 -0.1682245527122698 
0.537129477417871 -0.1682245527122698 0.5312771060156448 0.1742378424905594 
0.5312771060156448 0.1742378424905594 0.4526818004194219 0.1689361372024231 
0.4526818004194219 0.1689361372024231 0.4624275291442737 -0.2018012305251955 
0.2573417836803545 -0.07297113114483153 0.366816072503469 -0.04431689180234663 
0.366816072503469 -0.04431689180234663 0.3591067461507162 0.1626239617322653 
0.3591067461507162 0.1626239617322653 0.2458182780102344 0.1549820031436582 
0.2458182780102344 0.1549820031436582 0.2573417836803545 -0.07297113114483153 
