-0.266192103191139 -0.05024967977990254 -0.2963015797595588 0.2217846643242067 
0.1285834985349031 -0.01060880734779771 0.1143490607150252 0.2449125692031853 
0.3146851838654015 -0.0918984437321695 0.3021028116842867 0.3217654869170122 
-0.3238219391457335 -0.1673577352459114 -0.3791574340468917 0.2914031564430686 
-0.266192103191139 -0.05024967977990254 0.1285834985349031 -0.01060880734779771 
0.1285834985349031 -0.01060880734779771 0.3146851838654015 -0.0918984437321695 
0.3146851838654015 -0.0918984437321695 -0.3238219391457335 -0.1673577352459114 
-0.3238219391457335 -0.1673577352459114 -0.266192103191139 -0.05024967977990254 
-0.2963015797595588 0.2217846643242067 -0.3494403065543685 0.4451521028087566 
-0.3494403065543685 0.4451521028087566 -0.3791574340468917 0.2914031564430686 
0.1143490607150252 0.2449125692031853 0.177168989480661 0.4558631464947634 
0.177168989480661 0.4558631464947634 0.3021028116842867 0.3217654869170122 
-0.3494403065543685 0.4451521028087566 0.177168989480661 0.4558631464947634 
-0.2963015797595588 0.2217846643242067 0.1143490607150252 0.2449125692031853 
-0.3791574340468917 0.2914031564430686 0.3021028116842867 0.3217654869170122 
-0.2934541396849097 -0.1056481383898534 -0.3068417348704975 -0.1328527141721882 
-0.3068417348704975 -0.1328527141721882 -0.3428792962108624 0.1734386617190861 
-0.3428792962108624 0.1734386617190861 -0.3250224134913838 0.1680427246555083 
-0.3250224134913838 0.1680427246555083 -0.2934541396849097 -0.1056481383898534 
-0.286129822816064 0.04559814964106294 -0.2964264812905477 0.03794076802499568 
-0.2964264812905477 0.03794076802499568 -0.3106997656980262 0.1637147516665583 
-0.3106997656980262 0.1637147516665583 -0.2989565920992752 0.1601662361355463 
-0.2989565920992752 0.1601662361355463 -0.286129822816064 0.04559814964106294 
