0 0 0 1 0.3336861219917936 -0.545123878057452 
0 0 6.5 1 0.2689291118155785 0.06113272368614651 
10 0 0 1 -0.2256306980589081 -0.3894884467578213 
10 0 6.5 1 -0.260270559438369 -0.01469183244632868 
10 10 0 1 0.1093158327945311 -0.2531234112400058 
10 10 6.5 1 0.08276733326102757 0.007992941511391847 
0 10 0 1 0.5595266026380049 -0.2947680829321993 
0 10 6.5 1 0.5191402067647871 0.06096671236226278 
0 5 10 1 0.3999070579424608 0.2980725704851463 
10 5 10 1 -0.07440714309205787 0.162317837860065 
0 6 0 1 0.4960234732680478 -0.3651645698723015 
0 8 0 1 0.5306355907386019 -0.3267952564280752 
0 8 5 1 0.496947972844917 -0.02778963408689921 
0 6 5 1 0.4593313582890237 -0.03647740421125999 
0 2 2.5 1 0.3787261108589773 -0.2641534204467363 
0 4 2.5 1 0.4335677763575214 -0.2286249539192705 
0 4 5 1 0.4135271313553645 -0.04705614977413897 
0 2 5 1 0.3565356777642548 -0.060218648677836 
0.5 0.5 -0.5 1 0.313947412373466 -0.5577505554222272 
0.5 0.5 6 1 0.2533804529669294 0.01224957271777313 
10.5 0.5 -0.5 1 -0.2165340558799622 -0.4034660674411453 
10.5 0.5 6 1 -0.2499380006831201 -0.042849096470663 
10.5 10.5 -0.5 1 0.1066226477827907 -0.266691217739168 
10.5 10.5 6 1 0.08080951277039809 -0.01253664823725297 
0.5 10.5 -0.5 1 0.5393473215286055 -0.3115669671610423 
0.5 10.5 6 1 0.5006151189985436 0.03137010817074277 
0.5 5.5 9.5 1 0.3823456313520924 0.2507421529522265 
10.5 5.5 9.5 1 -0.07173841997888765 0.1335087609648177 
0.5 6.5 -0.5 1 0.474797805432167 -0.3820684662641622 
0.5 8.5 -0.5 1 0.5098641810749683 -0.3437686895898175 
0.5 8.5 4.5 1 0.4776695047720342 -0.05647841228325402 
0.5 6.5 4.5 1 0.4398727979949906 -0.06748344778687543 
0.5 2.5 2 1 0.358967569268363 -0.2903155987259168 
0.5 4.5 2 1 0.4132313043792267 -0.2537705085281938 
0.5 4.5 4.5 1 0.394242719323855 -0.08076927818397976 
0.5 2.5 4.5 1 0.3380625474995533 -0.09712691455619159 
