0.1648914950983885 -0.4055679862106057 0.1622121997668789 -0.1106681285621035 
0.6544735890169981 -0.539380226093747 0.6094396471663306 -0.07115874496411345 
0.07240576482643023 -0.7273103998147566 0.07788963815698144 0.01596015616586783 
-0.2836428832773987 -0.4592362868675153 -0.2559125580594563 -0.07491722655345709 
0.1648914950983885 -0.4055679862106057 0.6544735890169981 -0.539380226093747 
0.6544735890169981 -0.539380226093747 0.07240576482643023 -0.7273103998147566 
0.07240576482643023 -0.7273103998147566 -0.2836428832773987 -0.4592362868675153 
-0.2836428832773987 -0.4592362868675153 0.1648914950983885 -0.4055679862106057 
0.1622121997668789 -0.1106681285621035 -0.01604077268462062 0.06838110824735309 
-0.01604077268462062 0.06838110824735309 -0.2559125580594563 -0.07491722655345709 
0.6094396471663306 -0.07115874496411345 0.3851302703024043 0.2268635787365002 
0.3851302703024043 0.2268635787365002 0.07788963815698144 0.01596015616586783 
-0.01604077268462062 0.06838110824735309 0.3851302703024043 0.2268635787365002 
0.1622121997668789 -0.1106681285621035 0.6094396471663306 -0.07115874496411345 
-0.2559125580594563 -0.07491722655345709 0.07788963815698144 0.01596015616586783 
-0.0743456902374993 -0.4341933353698227 -0.1728425956533536 -0.4459787453372264 
-0.1728425956533536 -0.4459787453372264 -0.1580598408702456 -0.1629633459221003 
-0.1580598408702456 -0.1629633459221003 -0.06513238688598594 -0.1667001469387138 
-0.06513238688598594 -0.1667001469387138 -0.0743456902374993 -0.4341933353698227 
0.09361143226634509 -0.2909199275430105 0.01618522716017348 -0.2938581815937868 
0.01618522716017348 -0.2938581815937868 0.01847050450384453 -0.1700619884198143 
0.01847050450384453 -0.1700619884198143 0.09408525665350506 -0.1731026106534945 
0.09408525665350506 -0.1731026106534945 0.09361143226634509 -0.2909199275430105 
