0 0 0 1 0.3204453308522248 -0.540184381895512 
0 0 6.5 1 0.3317444372075279 -0.07889844531964686 
10 0 0 1 -0.3826921365865361 -0.4843880036636888 
10 0 6.5 1 -0.3295868538557914 -0.0327228252672894 
10 10 0 1 -0.2214936777623485 -0.3441806002323253 
10 10 6.5 1 -0.1951693858860614 -0.07582738838689888 
0 10 0 1 0.1926602552955606 -0.3757233309382451 
0 10 6.5 1 0.2041177920500371 -0.1039872066292085 
0 5 10 1 0.2581784617556248 0.07701856272944411 
10 5 10 1 -0.2280384588669631 0.1094531563842659 
0 6 0 1 0.2286029474564887 -0.421982042303944 
0 8 0 1 0.2090136331887624 -0.3967703405620308 
0 8 5 1 0.2181750317460548 -0.1669286289671451 
0 6 5 1 0.2379808562279416 -0.1693170865180849 
0 2 2.5 1 0.287059049425248 -0.3300758890221211 
0 4 2.5 1 0.257324053548605 -0.3098107534649934 
0 4 5 1 0.2619742130336554 -0.1722105340636495 
0 2 5 1 0.2916401435948284 -0.1757880582368688 
0.5 0.5 -0.5 1 0.274387656272946 -0.5604856600185829 
0.5 0.5 6 1 0.2880752026000069 -0.1110431284950021 
10.5 0.5 -0.5 1 -0.407285273649895 -0.506055402598995 
10.5 0.5 6 1 -0.3542342762947855 -0.06572906268147449 
10.5 10.5 -0.5 1 -0.2390486473131742 -0.3596150276598687 
10.5 10.5 6 1 -0.2125503537746092 -0.09529447440219956 
0.5 10.5 -0.5 1 0.1675643804631245 -0.3907257370032822 
0.5 10.5 6 1 0.1797231463285633 -0.1231289476478278 
0.5 5.5 9.5 1 0.227434385432579 0.04999929796413405 
10.5 5.5 9.5 1 -0.2484221141907696 0.08202865420070048 
0.5 6.5 -0.5 1 0.1978812527341176 -0.4389042810871671 
0.5 8.5 -0.5 1 0.1813846042538288 -0.4126883674223399 
0.5 8.5 4.5 1 0.1912062786840884 -0.1866966805769883 
0.5 6.5 4.5 1 0.2080787598513956 -0.1908869668409482 
0.5 2.5 2 1 0.2482350826068372 -0.353005953518506 
0.5 4.5 2 1 0.2232737767578834 -0.3307971718852107 
0.5 4.5 4.5 1 0.2284374896023862 -0.1959430640907436 
0.5 2.5 4.5 1 0.253487469176103 -0.2021642347816085 
