0.2890944120635149 -0.4161788144009742 0.2568178750844742 -0.07154616128315044 
0.5627059458950412 -0.6833548704480997 0.4683478301466562 0.0281753347798099 
-0.5348223299242073 -0.7200516731332217 -0.507632122857572 -0.02576319171953355 
-0.2381921955729767 -0.4382840923251877 -0.2407065794281784 -0.09769585287307862 
0.2890944120635149 -0.4161788144009742 0.5627059458950412 -0.6833548704480997 
0.5627059458950412 -0.6833548704480997 -0.5348223299242073 -0.7200516731332217 
-0.5348223299242073 -0.7200516731332217 -0.2381921955729767 -0.4382840923251877 
-0.2381921955729767 -0.4382840923251877 0.2890944120635149 -0.4161788144009742 
0.2568178750844742 -0.07154616128315044 -0.002329816975031089 0.08434418545063287 
-0.002329816975031089 0.08434418545063287 -0.2407065794281784 -0.09769585287307862 
0.4683478301466562 0.0281753347798099 -0.04134518439800039 0.3188664684080781 
-0.04134518439800039 0.3188664684080781 -0.507632122857572 -0.02576319171953355 
-0.002329816975031089 0.08434418545063287 -0.04134518439800039 0.3188664684080781 
0.2568178750844742 -0.07154616128315044 0.4683478301466562 0.0281753347798099 
-0.2407065794281784 -0.09769585287307862 -0.507632122857572 -0.02576319171953355 
-0.02934033646230958 -0.4295284586266115 -0.1341055947083593 -0.433920501050582 
-0.1341055947083593 -0.433920501050582 -0.1405868978801178 -0.1678943974787814 
-0.1405868978801178 -0.1678943974787814 -0.04040144230266986 -0.1628639890543965 
-0.04040144230266986 -0.1628639890543965 -0.02934033646230958 -0.4295284586266115 
0.1718259167032665 -0.2836837851522317 0.0680853224988725 -0.2884722754680604 
0.0680853224988725 -0.2884722754680604 0.06041075951825223 -0.157802111096186 
0.06041075951825223 -0.157802111096186 0.1618556072922178 -0.152708467374038 
0.1618556072922178 -0.152708467374038 0.1718259167032665 -0.2836837851522317 
