0.3524225755657983 -0.6605175409805009 0.3438480319169293 -0.15859219803184 
-0.3702807119389139 -0.5883204728547983 -0.3241791033377603 -0.1317539727941677 
-0.1715446405645622 -0.4254655696258685 -0.152375297272947 -0.1528970424024093 
0.2532221088784564 -0.4580434546784498 0.2529122618871812 -0.1699107877378287 
0.3524225755657983 -0.6605175409805009 -0.3702807119389139 -0.5883204728547983 
-0.3702807119389139 -0.5883204728547983 -0.1715446405645622 -0.4254655696258685 
-0.1715446405645622 -0.4254655696258685 0.2532221088784564 -0.4580434546784498 
0.2532221088784564 -0.4580434546784498 0.3524225755657983 -0.6605175409805009 
0.3438480319169293 -0.15859219803184 0.2855199651121122 0.01367430583118491 
0.2855199651121122 0.01367430583118491 0.2529122618871812 -0.1699107877378287 
-0.3241791033377603 -0.1317539727941677 -0.2039041175614658 0.02335517109438339 
-0.2039041175614658 0.02335517109438339 -0.152375297272947 -0.1528970424024093 
0.2855199651121122 0.01367430583118491 -0.2039041175614658 0.02335517109438339 
0.3438480319169293 -0.15859219803184 -0.3241791033377603 -0.1317539727941677 
0.2529122618871812 -0.1699107877378287 -0.152375297272947 -0.1528970424024093 
0.2806392124363928 -0.5140034030266589 0.2656503526183123 -0.4834102435615873 
0.2656503526183123 -0.4834102435615873 0.2648802696444006 -0.2381641006476834 
0.2648802696444006 -0.2381641006476834 0.2791211129595819 -0.2432539839248427 
0.2791211129595819 -0.2432539839248427 0.2806392124363928 -0.5140034030266589 
0.32011732365943 -0.4231817100409966 0.2977374365643838 -0.3966855988214315 
0.2977374365643838 -0.3966855988214315 0.2964702801676013 -0.2494548270975642 
0.2964702801676013 -0.2494548270975642 0.3180701122568493 -0.2571749193496369 
0.3180701122568493 -0.2571749193496369 0.32011732365943 -0.4231817100409966 
