0 0 0 1 0.1566410721764349 -0.409921844704536 
0 0 6.5 1 0.1563185842051903 -0.1162697668041611 
10 0 0 1 0.6453534092210658 -0.5474642916696526 
10 0 6.5 1 0.6053022791618692 -0.08542590820614335 
10 10 0 1 0.08858657432856755 -0.7427558870203864 
10 10 6.5 1 0.09636836024576702 -0.0009997628006679642 
0 10 0 1 -0.287023492722136 -0.4654972762950487 
0 10 6.5 1 -0.2570039214986802 -0.07946946940648215 
0 5 10 1 -0.01785724241591832 0.06336544794866883 
10 5 10 1 0.3930429144007126 0.2101164718010156 
0 6 0 1 -0.07903257456192392 -0.4394433924418196 
0 8 0 1 -0.1767027783231949 -0.4516780042567319 
0 8 5 1 -0.160168619078159 -0.1680788692567237 
0 6 5 1 -0.06806678738862269 -0.171912157113606 
0 2 2.5 1 0.0875810943163817 -0.2959541119521027 
0 4 2.5 1 0.0113467433328368 -0.2990085305818603 
0 4 5 1 0.01449885074705247 -0.1753485475985215 
0 2 5 1 0.08893645659629495 -0.1784466485305327 
0.5 0.5 -0.5 1 0.155302858657563 -0.4413076824424084 
0.5 0.5 6 1 0.155042290994152 -0.1358989789414242 
10.5 0.5 -0.5 1 0.6717780745596491 -0.606253355848987 
10.5 0.5 6 1 0.6273306149182234 -0.1144788112183712 
10.5 10.5 -0.5 1 0.07817611161017504 -0.8617149771878517 
10.5 10.5 6 1 0.08804388565123709 -0.04024565384519899 
0.5 10.5 -0.5 1 -0.3103184363677593 -0.5102321025254907 
0.5 10.5 6 1 -0.2772781183514444 -0.1036293445674763 
0.5 5.5 9.5 1 -0.02581154726046267 0.04854029052404456 
10.5 5.5 9.5 1 0.4054722153474267 0.1946957000614249 
0.5 6.5 -0.5 1 -0.09066716462214247 -0.4777178324795839 
0.5 8.5 -0.5 1 -0.1935097816606898 -0.492941293723604 
0.5 8.5 4.5 1 -0.1753790446028313 -0.1949750275138001 
0.5 6.5 4.5 1 -0.07867840092082562 -0.1974357796389626 
0.5 2.5 2 1 0.08363155120882121 -0.3240165837524392 
0.5 4.5 2 1 0.004184219431178514 -0.3287358868805546 
0.5 4.5 4.5 1 0.007625716323590987 -0.1996319701898533 
0.5 2.5 4.5 1 0.08512440999778358 -0.201604088139587 
