0.2790536923838017 -0.2821282531177815 0.2446507946508734 0.0386938013315107 
0.6017412491400621 -0.5221364500530405 0.5274775062491162 0.1127679942292736 
-0.3986421348247754 -0.6509201783392103 -0.4549259281192447 0.02056875024130319 
-0.2205687873590362 -0.3389337526858896 -0.2504435525543533 -0.009025694479863415 
0.2790536923838017 -0.2821282531177815 0.6017412491400621 -0.5221364500530405 
0.6017412491400621 -0.5221364500530405 -0.3986421348247754 -0.6509201783392103 
-0.3986421348247754 -0.6509201783392103 -0.2205687873590362 -0.3389337526858896 
-0.2205687873590362 -0.3389337526858896 0.2790536923838017 -0.2821282531177815 
0.2446507946508734 0.0386938013315107 -0.01672757819976072 0.1874301015400581 
-0.01672757819976072 0.1874301015400581 -0.2504435525543533 -0.009025694479863415 
0.5274775062491162 0.1127679942292736 0.01472305479408723 0.4078949451450873 
0.01472305479408723 0.4078949451450873 -0.4549259281192447 0.02056875024130319 
-0.01672757819976072 0.1874301015400581 0.01472305479408723 0.4078949451450873 
0.2446507946508734 0.0386938013315107 0.5274775062491162 0.1127679942292736 
-0.2504435525543533 -0.009025694479863415 -0.4549259281192447 0.02056875024130319 
-0.01755382886348162 -0.3158515924454725 -0.1185224423796405 -0.3273314052321927 
-0.1185224423796405 -0.3273314052321927 -0.1422913332533983 -0.07435332502253914 
-0.1422913332533983 -0.07435332502253914 -0.04203657607949411 -0.06429361147813722 
-0.04203657607949411 -0.06429361147813722 -0.01755382886348162 -0.3158515924454725 
0.1682333117523418 -0.1683563175322817 0.06971162374999906 -0.1788968617137449 
0.06971162374999906 -0.1788968617137449 0.05717363213885338 -0.05433870955138038 
0.05717363213885338 -0.05433870955138038 0.1553555314491432 -0.04448698969140834 
0.1553555314491432 -0.04448698969140834 0.1682333117523418 -0.1683563175322817 
