0.2906476128304951 -0.3375058503396662 0.3247155246371775 0.07735803985362896 
-0.3790461295150344 -0.2993807174138052 -0.327050826115271 0.1567963486179078 
-0.2852516561824852 -0.1895344072806134 -0.2556434246296738 0.07935855476884632 
0.1185178210382436 -0.2191392089726138 0.1415703480374144 0.03484728250825767 
0.2906476128304951 -0.3375058503396662 -0.3790461295150344 -0.2993807174138052 
-0.3790461295150344 -0.2993807174138052 -0.2852516561824852 -0.1895344072806134 
-0.2852516561824852 -0.1895344072806134 0.1185178210382436 -0.2191392089726138 
0.1185178210382436 -0.2191392089726138 0.2906476128304951 -0.3375058503396662 
0.3247155246371775 0.07735803985362896 0.2258611998537312 0.2168331170283948 
0.2258611998537312 0.2168331170283948 0.1415703480374144 0.03484728250825767 
-0.327050826115271 0.1567963486179078 -0.2623877105060437 0.2858899561848142 
-0.2623877105060437 0.2858899561848142 -0.2556434246296738 0.07935855476884632 
0.2258611998537312 0.2168331170283948 -0.2623877105060437 0.2858899561848142 
0.3247155246371775 0.07735803985362896 -0.327050826115271 0.1567963486179078 
0.1415703480374144 0.03484728250825767 -0.2556434246296738 0.07935855476884632 
0.1683363508294216 -0.2533973811799169 0.1413254436165767 -0.2348230813229792 
0.1413254436165767 -0.2348230813229792 0.1603627281934519 -0.02238136556548495 
0.1603627281934519 -0.02238136556548495 0.1888111254751149 -0.02139093435587341 
0.1888111254751149 -0.02139093435587341 0.1683363508294216 -0.2533973811799169 
0.252779692260285 -0.1599778277766622 0.2119649355435848 -0.147193380786763 
0.2119649355435848 -0.147193380786763 0.2229645436103213 -0.02020188279345639 
0.2229645436103213 -0.02020188279345639 0.2647303552439739 -0.01874780568228681 
0.2647303552439739 -0.01874780568228681 0.252779692260285 -0.1599778277766622 
