0.3019552290459539 -0.5362634413655413 0.2415834301769545 0.07584799671076128 
-0.2232429220655761 -0.3606601288358375 -0.2607971795665053 0.007506608115297741 
0.1228178637458329 -0.2262402500855194 0.09674142975901347 0.03553189779561388 
0.5728731777882657 -0.277938013520469 0.5375653130371294 0.08733931526435318 
0.3019552290459539 -0.5362634413655413 -0.2232429220655761 -0.3606601288358375 
-0.2232429220655761 -0.3606601288358375 0.1228178637458329 -0.2262402500855194 
0.1228178637458329 -0.2262402500855194 0.5728731777882657 -0.277938013520469 
0.5728731777882657 -0.277938013520469 0.3019552290459539 -0.5362634413655413 
0.2415834301769545 0.07584799671076128 0.4029608578115123 0.3305637419179474 
0.4029608578115123 0.3305637419179474 0.5375653130371294 0.08733931526435318 
-0.2607971795665053 0.007506608115297741 -0.06838477740787222 0.1891686109496881 
-0.06838477740787222 0.1891686109496881 0.09674142975901347 0.03553189779561388 
0.4029608578115123 0.3305637419179474 -0.06838477740787222 0.1891686109496881 
0.2415834301769545 0.07584799671076128 -0.2607971795665053 0.007506608115297741 
0.5375653130371294 0.08733931526435318 0.09674142975901347 0.03553189779561388 
0.4957722232157199 -0.351455243256181 0.5377049589931195 -0.3114715804508995 
0.5377049589931195 -0.3114715804508995 0.5081025111046497 -0.006025822716823921 
0.5081025111046497 -0.006025822716823921 0.4632231876726797 -0.01665722668602264 
0.4632231876726797 -0.01665722668602264 0.4957722232157199 -0.351455243256181 
0.3616571803778751 -0.2530483347241053 0.4268647004825117 -0.2149800365116638 
0.4268647004825117 -0.2149800365116638 0.4087693763044348 -0.0295567185243056 
0.4087693763044348 -0.0295567185243056 0.3413113165409479 -0.04553676968107268 
0.3413113165409479 -0.04553676968107268 0.3616571803778751 -0.2530483347241053 
