0.3981744494322128 -0.6400749792350912 0.3565256541665731 -0.1027761486546446 
-0.3179870382971051 -0.5615380450491378 -0.295502947677143 -0.1242852254581215 
-0.0759147021201914 -0.422053467258881 -0.07384655174515535 -0.1520367767420645 
0.359414025185418 -0.4479043833005457 0.3371167903954765 -0.1428411151281227 
0.3981744494322128 -0.6400749792350912 -0.3179870382971051 -0.5615380450491378 
-0.3179870382971051 -0.5615380450491378 -0.0759147021201914 -0.422053467258881 
-0.0759147021201914 -0.422053467258881 0.359414025185418 -0.4479043833005457 
0.359414025185418 -0.4479043833005457 0.3981744494322128 -0.6400749792350912 
0.3565256541665731 -0.1027761486546446 0.3302990911236963 0.05941690276395199 
0.3302990911236963 0.05941690276395199 0.3371167903954765 -0.1428411151281227 
-0.295502947677143 -0.1242852254581215 -0.15580249320527 0.02200677113757612 
-0.15580249320527 0.02200677113757612 -0.07384655174515535 -0.1520367767420645 
0.3302990911236963 0.05941690276395199 -0.15580249320527 0.02200677113757612 
0.3565256541665731 -0.1027761486546446 -0.295502947677143 -0.1242852254581215 
0.3371167903954765 -0.1428411151281227 -0.07384655174515535 -0.1520367767420645 
0.3699960018030203 -0.5003688439530429 0.3641986770143055 -0.471626244223486 
0.3641986770143055 -0.471626244223486 0.3450068866792815 -0.2110583093615892 
0.3450068866792815 -0.2110583093615892 0.3485739204841241 -0.2121644602975405 
0.3485739204841241 -0.2121644602975405 0.3699960018030203 -0.5003688439530429 
0.3718484206554011 -0.3918463198918224 0.364683511721766 -0.369831811718735 
0.364683511721766 -0.369831811718735 0.3529356091715709 -0.2135170367764619 
0.3529356091715709 -0.2135170367764619 0.3583907862817144 -0.2152087082313198 
0.3583907862817144 -0.2152087082313198 0.3718484206554011 -0.3918463198918224 
