0 0 0 1 0.1524516383222786 -0.4119967914872649 
0 0 6.5 1 0.1532995684289628 -0.1189902536011347 
10 0 0 1 0.6405561781707971 -0.5514470716572473 
10 0 6.5 1 0.603024543006436 -0.09251880609488659 
10 10 0 1 0.09634912881379752 -0.750767307888243 
10 10 6.5 1 0.1053347810776111 -0.009948249611242422 
0 10 0 1 -0.2887199505708695 -0.4687149415474579 
0 10 6.5 1 -0.2575987109448094 -0.08186346545229833 
0 5 10 1 -0.0188440860451908 0.06086115649026558 
10 5 10 1 0.3967365475504051 0.2016123169710286 
0 6 0 1 -0.08142356595825842 -0.4420643871024362 
0 8 0 1 -0.1786630530021127 -0.4545657447527932 
0 8 5 1 -0.161277909841905 -0.1707071518792463 
0 6 5 1 -0.06959907912300264 -0.174544730463111 
0 2 2.5 1 0.08449712158046524 -0.298414771125841 
0 4 2.5 1 0.008862134905197775 -0.3015619926812876 
0 4 5 1 0.01244203350176794 -0.1779788843930469 
0 2 5 1 0.08628928037157507 -0.1810700517960634 
0.5 0.5 -0.5 1 0.1512542968442303 -0.4434313561558061 
0.5 0.5 6 1 0.1521956436350014 -0.1387218840450932 
10.5 0.5 -0.5 1 0.6669628068126155 -0.610069235152904 
10.5 0.5 6 1 0.6252229174687971 -0.1218236254824153 
10.5 10.5 -0.5 1 0.08752606605071429 -0.8703010453408577 
10.5 10.5 6 1 0.09846903082550368 -0.05001573464023198 
0.5 10.5 -0.5 1 -0.3117665076530785 -0.5137673074193909 
0.5 10.5 6 1 -0.2776020529715392 -0.106252810719423 
0.5 5.5 9.5 1 -0.02654164625908598 0.04588938051775743 
10.5 5.5 9.5 1 0.4098530803719511 0.1856513078194764 
0.5 6.5 -0.5 1 -0.09282254660815976 -0.4805082580982041 
0.5 8.5 -0.5 1 -0.1952181087074085 -0.496062827559158 
0.5 8.5 4.5 1 -0.1762199630712324 -0.1978110618059212 
0.5 6.5 4.5 1 -0.07995747216317832 -0.2002396846253469 
0.5 2.5 2 1 0.08073502542230397 -0.3265781950336761 
0.5 4.5 2 1 0.001918418195405193 -0.3314227894971868 
0.5 4.5 4.5 1 0.005797129471867685 -0.2024032021121379 
0.5 2.5 4.5 1 0.08267533731118736 -0.2043427755442596 
