0 0 0 1 -0.716933026280491 -0.536480771128273 
0 0 6.5 1 -0.6341510802887401 -0.01017622941978202 
10 0 0 1 -0.2377821726021654 -0.3728746139495873 
10 0 6.5 1 -0.2063447696112007 -0.0700975648744217 
10 10 0 1 0.236038442094335 -0.4673893593429672 
10 10 6.5 1 0.2535105295182349 -0.09906862011984359 
0 10 0 1 0.05828426953026802 -0.8056718961796203 
0 10 6.5 1 0.1082573011979377 -0.04362193123646935 
0 5 10 1 -0.2896474699158206 0.275847037727016 
10 5 10 1 0.0155587767671858 0.08519694347698235 
0 6 0 1 -0.3216809472391433 -0.673730484738891 
0 8 0 1 -0.1471282924842016 -0.734343200384044 
0 8 5 1 -0.0981718959692344 -0.1863320232681286 
0 6 5 1 -0.2661388691402809 -0.1680040807708318 
0 2 2.5 1 -0.5701713465450227 -0.3515439055585954 
0 4 2.5 1 -0.4410412803070541 -0.380357277480646 
0 4 5 1 -0.4118968184821525 -0.152099505820009 
0 2 5 1 -0.5395773962722262 -0.1381674676128605 
0.5 0.5 -0.5 1 -0.6559334901451653 -0.5739536494874083 
0.5 0.5 6 1 -0.5781249995448806 -0.05379061083404903 
10.5 0.5 -0.5 1 -0.20736381610432 -0.3960263755457794 
10.5 0.5 6 1 -0.1772977689528187 -0.09527848407089175 
10.5 10.5 -0.5 1 0.2672461249354031 -0.494280741136906 
10.5 10.5 6 1 0.2831957333507157 -0.1289780376981477 
0.5 10.5 -0.5 1 0.1267839574463661 -0.8527748936267935 
0.5 10.5 6 1 0.1699204590391179 -0.1037298503815592 
0.5 5.5 9.5 1 -0.2329046930488704 0.2217591738516992 
10.5 5.5 9.5 1 0.04437928357072312 0.05671663711211686 
0.5 6.5 -0.5 1 -0.2553975695165174 -0.7166333917824516 
0.5 8.5 -0.5 1 -0.07948014538690257 -0.7792990640662922 
0.5 8.5 4.5 1 -0.03565503481171541 -0.2400568896532365 
0.5 6.5 4.5 1 -0.2046821327317994 -0.2183577449210699 
0.5 2.5 2 1 -0.5094898505293723 -0.3936571551613798 
0.5 4.5 2 1 -0.3787357362453401 -0.4247377109607255 
0.5 4.5 4.5 1 -0.3517680275007251 -0.1994753399225521 
0.5 2.5 4.5 1 -0.4809245736899894 -0.182894645919318 
