0 0 0 1 0.1093443665108833 -0.4170590950618052 
0 0 6.5 1 0.121131201157326 -0.132478172136014 
10 0 0 1 0.5845906660763959 -0.5689112504215107 
10 0 6.5 1 0.5723185866295325 -0.1445590297457877 
10 10 0 1 0.1618919714849395 -0.8053874015315819 
10 10 6.5 1 0.1846182349007871 -0.0891023696624073 
0 10 0 1 -0.3037820709002419 -0.4879181278830224 
0 10 6.5 1 -0.2638242321964527 -0.09637465708059847 
0 5 10 1 -0.03086642464218735 0.04724591834591189 
10 5 10 1 0.4234675320765245 0.1308892485906236 
0 6 0 1 -0.1055530324679579 -0.4539180817266606 
0 8 0 1 -0.1976043852837059 -0.469706637577221 
0 8 5 1 -0.1730422583890221 -0.1860471729389608 
0 6 5 1 -0.08618334909382355 -0.1890069898654559 
0 2 2.5 1 0.05216945213071158 -0.3088340116808901 
0 4 2.5 1 -0.01722834450543367 -0.3135138040249403 
0 4 5 1 -0.00975890778316774 -0.1916112403312363 
0 2 5 1 0.0580047843081937 -0.1939203658369707 
0.5 0.5 -0.5 1 0.1094373609513593 -0.4486478883963175 
0.5 0.5 6 1 0.1216129374097693 -0.1531949209621621 
10.5 0.5 -0.5 1 0.6098151912618115 -0.6247552234933126 
10.5 0.5 6 1 0.5952968174026498 -0.1758300101513179 
10.5 10.5 -0.5 1 0.1670451102010829 -0.9262022599057478 
10.5 10.5 6 1 0.1910955698682261 -0.1371564540996335 
0.5 10.5 -0.5 1 -0.3238479315660267 -0.5356825825642892 
0.5 10.5 6 1 -0.2808402497007405 -0.1232652238313421 
0.5 5.5 9.5 1 -0.03603738291353862 0.03063315329391885 
10.5 5.5 9.5 1 0.4422587407404599 0.1096392715159488 
0.5 6.5 -0.5 1 -0.1144897040186669 -0.4936284680563477 
0.5 8.5 -0.5 1 -0.211371588473257 -0.5130892836656928 
0.5 8.5 4.5 1 -0.1851430335169336 -0.2152557184032687 
0.5 6.5 4.5 1 -0.09397186866217552 -0.2163931419442179 
0.5 2.5 2 1 0.05019080751656548 -0.3378006492418865 
0.5 4.5 2 1 -0.02201205571604299 -0.3445022453853478 
0.5 4.5 4.5 1 -0.01416794423567443 -0.2173887512736308 
0.5 2.5 4.5 1 0.05626989264616593 -0.2182675121622362 
