0 0 0 1 0.2603718341931711 -0.2582355114850265 
0 0 6.5 1 0.3046992594602077 0.1236951213187894 
10 0 0 1 -0.3610317525818403 -0.2993711942337398 
10 0 6.5 1 -0.3354794003154269 0.1937792492239234 
10 10 0 1 -0.3769460810844383 -0.121493773898974 
10 10 6.5 1 -0.3626243584211749 0.1693395123166712 
0 10 0 1 0.02901582454634612 -0.1202057985516315 
0 10 6.5 1 0.05154442893173412 0.1280171808040153 
0 5 10 1 0.1675009649547504 0.2961928451862986 
10 5 10 1 -0.3421976742967991 0.3869733000719743 
0 6 0 1 0.09893334787852891 -0.1619194142441192 
0 8 0 1 0.06134034043412426 -0.1394909844238811 
0 8 5 1 0.08057036815971179 0.06453757417628574 
0 6 5 1 0.1206175629395419 0.05860478161580077 
0 2 2.5 1 0.2102192195931968 -0.09011331455829207 
0 4 2.5 1 0.1554208925664643 -0.06983137875338045 
0 4 5 1 0.1679466774359108 0.05159320889710883 
0 2 5 1 0.2247424894020947 0.04317919207140619 
0.5 0.5 -0.5 1 0.2158944515403533 -0.2771187384187064 
0.5 0.5 6 1 0.2576396039197267 0.09672111343632726 
10.5 0.5 -0.5 1 -0.4030682528831221 -0.3224849850494344 
10.5 0.5 6 1 -0.3802567916066718 0.1572591699699814 
10.5 10.5 -0.5 1 -0.4018150554504516 -0.1378029439303376 
10.5 10.5 6 1 -0.388430582986352 0.1483255965052377 
0.5 10.5 -0.5 1 0.002737808428370508 -0.1342267599382031 
0.5 10.5 6 1 0.02432755084971285 0.1105596740642472 
0.5 5.5 9.5 1 0.1320814259715072 0.2720331636860719 
10.5 5.5 9.5 1 -0.3758019059556953 0.3558490004814038 
0.5 6.5 -0.5 1 0.06744869249378135 -0.1776064365850682 
0.5 8.5 -0.5 1 0.032686931001013 -0.1543034946609944 
0.5 8.5 4.5 1 0.05107013542526481 0.04670694214412794 
0.5 6.5 4.5 1 0.08811800649691978 0.03939488212128123 
0.5 2.5 2 1 0.1703215051883555 -0.1102699890520117 
0.5 4.5 2 1 0.1198993944323546 -0.08851995984431045 
0.5 4.5 4.5 1 0.13179682907218 0.03077408521287443 
0.5 2.5 4.5 1 0.1840618238265823 0.02045865364600233 
