-0.1194397643379924 -0.03448468092016252 -0.1183503283166518 0.2176310173712048 
0.2711760199003416 -0.06165576810379532 0.2930892198290905 0.207753789355505 
0.3244640570211141 -0.2237585423109854 0.3666184382670841 0.2205670423580992 
-0.2975410256789315 -0.1640139609234833 -0.3100732379937651 0.2351736469343892 
-0.1194397643379924 -0.03448468092016252 0.2711760199003416 -0.06165576810379532 
0.2711760199003416 -0.06165576810379532 0.3244640570211141 -0.2237585423109854 
0.3244640570211141 -0.2237585423109854 -0.2975410256789315 -0.1640139609234833 
-0.2975410256789315 -0.1640139609234833 -0.1194397643379924 -0.03448468092016252 
-0.1183503283166518 0.2176310173712048 -0.1930993797260009 0.4069208657973407 
-0.1930993797260009 0.4069208657973407 -0.3100732379937651 0.2351736469343892 
0.2930892198290905 0.207753789355505 0.3375472803008612 0.4123993330296088 
0.3375472803008612 0.4123993330296088 0.3666184382670841 0.2205670423580992 
-0.1930993797260009 0.4069208657973407 0.3375472803008612 0.4123993330296088 
-0.1183503283166518 0.2176310173712048 0.2930892198290905 0.207753789355505 
-0.3100732379937651 0.2351736469343892 0.3666184382670841 0.2205670423580992 
-0.2062287161483473 -0.09760444972807776 -0.2471526074788586 -0.1273675302310724 
-0.2471526074788586 -0.1273675302310724 -0.252861264130642 0.1431561013442262 
-0.252861264130642 0.1431561013442262 -0.2093820745555384 0.1477249424965096 
-0.2093820745555384 0.1477249424965096 -0.2062287161483473 -0.09760444972807776 
-0.1438409297080215 0.04914310684749919 -0.1730007559129252 0.03682778713793956 
-0.1730007559129252 0.03682778713793956 -0.1736994910916282 0.1514745076871877 
-0.1736994910916282 0.1514745076871877 -0.1438889585289009 0.1546070312984847 
-0.1438889585289009 0.1546070312984847 -0.1438409297080215 0.04914310684749919 
