0.282093586568125 -0.2506041019199651 0.2518497878217766 0.09800394532513812 
0.1203329249059296 -0.5726638050893791 0.05553264653819891 0.1084074461320279 
-0.5783549899903454 -0.4505125509765052 -0.6375836975471512 0.0219410735135379 
-0.1674725096415908 -0.2359751594457434 -0.197695666258083 0.04837331523416035 
0.282093586568125 -0.2506041019199651 0.1203329249059296 -0.5726638050893791 
0.1203329249059296 -0.5726638050893791 -0.5783549899903454 -0.4505125509765052 
-0.5783549899903454 -0.4505125509765052 -0.1674725096415908 -0.2359751594457434 
-0.1674725096415908 -0.2359751594457434 0.282093586568125 -0.2506041019199651 
0.2518497878217766 0.09800394532513812 -0.01260637545824357 0.2428847321155065 
-0.01260637545824357 0.2428847321155065 -0.197695666258083 0.04837331523416035 
0.05553264653819891 0.1084074461320279 -0.3898509380298797 0.3691661330356709 
-0.3898509380298797 0.3691661330356709 -0.6375836975471512 0.0219410735135379 
-0.01260637545824357 0.2428847321155065 -0.3898509380298797 0.3691661330356709 
0.2518497878217766 0.09800394532513812 0.05553264653819891 0.1084074461320279 
-0.197695666258083 0.04837331523416035 -0.6375836975471512 0.0219410735135379 
-0.00889895107804135 -0.2411351648058377 -0.09119085903488337 -0.2384573748262459 
-0.09119085903488337 -0.2384573748262459 -0.1145078063595669 -0.01202764561620512 
-0.1145078063595669 -0.01202764561620512 -0.03229959921028141 -0.005721151395721464 
-0.03229959921028141 -0.005721151395721464 -0.00889895107804135 -0.2411351648058377 
0.1651874783555203 -0.1200335394512869 0.06849531371438115 -0.1221135824241329 
0.06849531371438115 -0.1221135824241329 0.05672350412152263 0.001108138600008812 
0.05672350412152263 0.001108138600008812 0.1534455587617159 0.008528043494346174 
0.1534455587617159 0.008528043494346174 0.1651874783555203 -0.1200335394512869 
