0.2106400884632881 -0.3902460038950285 0.1940222479409921 -0.08697294048878455 
0.6980632530606956 -0.5196784138858336 0.6257218831259954 -0.009162959595050405 
-0.03968216063016026 -0.6985201012645983 -0.04570314735880701 0.05763923366349184 
-0.2649114048862108 -0.4454394875761583 -0.2525261480419495 -0.06983310931112013 
0.2106400884632881 -0.3902460038950285 0.6980632530606956 -0.5196784138858336 
0.6980632530606956 -0.5196784138858336 -0.03968216063016026 -0.6985201012645983 
-0.03968216063016026 -0.6985201012645983 -0.2649114048862108 -0.4454394875761583 
-0.2649114048862108 -0.4454394875761583 0.2106400884632881 -0.3902460038950285 
0.1940222479409921 -0.08697294048878455 -0.009118668769657281 0.08477482934682283 
-0.009118668769657281 0.08477482934682283 -0.2525261480419495 -0.06983310931112013 
0.6257218831259954 -0.009162959595050405 0.3258627592251342 0.2945243173014635 
0.3258627592251342 0.2945243173014635 -0.04570314735880701 0.05763923366349184 
-0.009118668769657281 0.08477482934682283 0.3258627592251342 0.2945243173014635 
0.1940222479409921 -0.08697294048878455 0.6257218831259954 -0.009162959595050405 
-0.2525261480419495 -0.06983310931112013 -0.04570314735880701 0.05763923366349184 
-0.04944298441977817 -0.4204317798617958 -0.1521900574695123 -0.4323568163277975 
-0.1521900574695123 -0.4323568163277975 -0.1487370173629831 -0.152326386188124 
-0.1487370173629831 -0.152326386188124 -0.05120212787761119 -0.152767852364291 
-0.05120212787761119 -0.152767852364291 -0.04944298441977817 -0.4204317798617958 
0.12596378768898 -0.2736570383898126 0.04145394752026087 -0.2782391416829144 
0.04145394752026087 -0.2782391416829144 0.03845906524251533 -0.1531736803124864 
0.03845906524251533 -0.1531736803124864 0.1211630008385483 -0.1535480180535161 
0.1211630008385483 -0.1535480180535161 0.12596378768898 -0.2736570383898126 
