0 0 0 1 0.04046184077075377 -0.2786719206146298 
0 0 6.5 1 0.06467689132028916 -0.01806984071318599 
10 0 0 1 0.4747977005698039 -0.3939707567373514 
10 0 6.5 1 0.4988534660538276 -0.0459971151003306 
10 10 0 1 0.2498605671617024 -0.5851960302209707 
10 10 6.5 1 0.2979377098732121 0.01327594316056712 
0 10 0 1 -0.3024148681111121 -0.3469786937696709 
0 10 6.5 1 -0.2602987780682285 0.03260623476537491 
0 5 10 1 -0.05163709635381467 0.1647966859321505 
10 5 10 1 0.441251803582348 0.2044594896627032 
0 6 0 1 -0.1332576493420693 -0.3132797475575628 
0 8 0 1 -0.2107019848199453 -0.3287079540195326 
0 8 5 1 -0.1821801304513785 -0.05999478582645622 
0 6 5 1 -0.107955527472057 -0.06539671406164239 
0 2 2.5 1 0.0006654071978220161 -0.1807267903642804 
0 4 2.5 1 -0.05558208033291646 -0.1843383618274707 
0 4 5 1 -0.04431280288700527 -0.07002851291405177 
0 2 5 1 0.01086038789615744 -0.07404391488528106 
0.5 0.5 -0.5 1 0.04320447944485403 -0.3064819769937951 
0.5 0.5 6 1 0.06810178992300457 -0.03770998691965597 
10.5 0.5 -0.5 1 0.4961847199021152 -0.4361225102699332 
10.5 0.5 6 1 0.5207877865858078 -0.0734325916262962 
10.5 10.5 -0.5 1 0.2715946029513377 -0.6739916400111848 
10.5 10.5 6 1 0.3222995451904241 -0.03063328481943425 
0.5 10.5 -0.5 1 -0.313714009509866 -0.3912324377509975 
0.5 10.5 6 1 -0.2695111775340225 0.005937289514883245 
0.5 5.5 9.5 1 -0.05168711832780489 0.1480579716013361 
10.5 5.5 9.5 1 0.4659208987840986 0.1825585381479842 
0.5 6.5 -0.5 1 -0.1363775846718675 -0.3491238214165771 
0.5 8.5 -0.5 1 -0.2172608951315221 -0.368329601002552 
0.5 8.5 4.5 1 -0.1874925244200402 -0.08820505650344793 
0.5 6.5 4.5 1 -0.1100949215805812 -0.09156165583915307 
0.5 2.5 2 1 0.002301437799535461 -0.2071419806210295 
0.5 4.5 2 1 -0.05576747391259402 -0.2128383976154092 
0.5 4.5 4.5 1 -0.04411025148680646 -0.09442329614425264 
0.5 2.5 4.5 1 0.01281254463178945 -0.09689193874594247 
