0 0 0 1 0.2925949902870846 -0.3225218138405827 
0 0 6.5 1 0.2547613476684253 0.02012870535301457 
10 0 0 1 0.4407575978536347 -0.5512177824051481 
10 0 6.5 1 0.352234722440066 0.1566973676029714 
10 10 0 1 -0.5726139914581835 -0.5657949891212486 
10 10 6.5 1 -0.5753277571286821 0.0513390831196309 
0 10 0 1 -0.2168920758836987 -0.3464394877829474 
0 10 6.5 1 -0.2322233429708321 -0.02651907007915039 
0 5 10 1 -0.01048419455041984 0.1632983559537129 
10 5 10 1 -0.1625993974352427 0.4143273565666223 
0 6 0 1 -0.02214496778178664 -0.3372971598573183 
0 8 0 1 -0.1209385134072504 -0.3419349847772701 
0 8 5 1 -0.1359559485670192 -0.09023352810936505 
0 6 5 1 -0.04045725021450276 -0.08213151635874164 
0 2 2.5 1 0.1715320639969642 -0.194264106776595 
0 4 2.5 1 0.06854301786556111 -0.2010784943424264 
0 4 5 1 0.05781969473132356 -0.07379380101284998 
0 2 5 1 0.1589979128720887 -0.0652099446208218 
0.5 0.5 -0.5 1 0.2711576874875024 -0.357663619431441 
0.5 0.5 6 1 0.233290030857677 -0.004846831681080163 
10.5 0.5 -0.5 1 0.4028001062357168 -0.6403979720590252 
10.5 0.5 6 1 0.3130312272597778 0.1123036182649471 
10.5 10.5 -0.5 1 -0.6544193360622416 -0.6425904153811756 
10.5 10.5 6 1 -0.6509852934629944 0.008220236844912141 
0.5 10.5 -0.5 1 -0.2492088747525248 -0.3795788438423787 
0.5 10.5 6 1 -0.2636088277463146 -0.05082432154265432 
0.5 5.5 9.5 1 -0.03703149395912154 0.1431707022035905 
10.5 5.5 9.5 1 -0.2212261442735638 0.3868249792026356 
0.5 6.5 -0.5 1 -0.05053598346778854 -0.3712117401258518 
0.5 8.5 -0.5 1 -0.1513569957949316 -0.3754578144719358 
0.5 8.5 4.5 1 -0.1657781376624288 -0.1166514947042213 
0.5 6.5 4.5 1 -0.06838831354965257 -0.1087398859074384 
0.5 2.5 2 1 0.1476902402913028 -0.225000898020567 
0.5 4.5 2 1 0.04247119514660335 -0.2315210276753578 
0.5 4.5 4.5 1 0.03190490452769607 -0.100592415536411 
0.5 2.5 4.5 1 0.1352333155232602 -0.09219837670496747 
