0 0 0 1 -0.7026229658439079 -0.4735752863011036 
0 0 6.5 1 -0.623114225501514 0.06190133840998369 
10 0 0 1 -0.2438493027867925 -0.320250555335337 
10 0 6.5 1 -0.2111324522718722 -0.01807887063277006 
10 10 0 1 0.2334188608123078 -0.4070896704709732 
10 10 6.5 1 0.2562338330659481 -0.04919046334958115 
0 10 0 1 0.1180414379406722 -0.7120807957642941 
0 10 6.5 1 0.1715023343162285 0.02749632089536644 
0 5 10 1 -0.2496793731452244 0.3538014856125649 
10 5 10 1 0.01852773855441781 0.1360198079347354 
0 6 0 1 -0.2746927288547222 -0.5979424682053412 
0 8 0 1 -0.09208102464997292 -0.6510139762961538 
0 8 5 1 -0.04302423320306289 -0.1147877745786179 
0 6 5 1 -0.2204875203148493 -0.09762793739587246 
0 2 2.5 1 -0.5457541099841839 -0.2851299965946069 
0 4 2.5 1 -0.4053407249417275 -0.3118691607214847 
0 4 5 1 -0.3770669454704617 -0.08248746814407919 
0 2 5 1 -0.5162440699695648 -0.06902971677005608 
0.5 0.5 -0.5 1 -0.6396491197285813 -0.5110361256242064 
0.5 0.5 6 1 -0.5647505426859657 0.01541434866462755 
10.5 0.5 -0.5 1 -0.2137499771592692 -0.3432650414280925 
10.5 0.5 6 1 -0.1822435231262919 -0.04398202897042103 
10.5 10.5 -0.5 1 0.2621454955175635 -0.4329828408946262 
10.5 10.5 6 1 0.2837208208908335 -0.07913975984603662 
0.5 10.5 -0.5 1 0.1802787064514011 -0.756334452199267 
0.5 10.5 6 1 0.2283046201147885 -0.0339705528457676 
0.5 5.5 9.5 1 -0.1930958477778576 0.2954820961403994 
10.5 5.5 9.5 1 0.0463761955588578 0.1065905741889506 
0.5 6.5 -0.5 1 -0.2104756189059836 -0.639432233428742 
0.5 8.5 -0.5 1 -0.0284151431916446 -0.693899381148624 
0.5 8.5 4.5 1 0.01640301080231093 -0.1694628223287445 
0.5 6.5 4.5 1 -0.1603990207910281 -0.149381865387313 
0.5 2.5 2 1 -0.4839890329492774 -0.3280588944943962 
0.5 4.5 2 1 -0.3432134435014859 -0.3566969985466438 
0.5 4.5 4.5 1 -0.3168686996718509 -0.1316102320190242 
0.5 2.5 4.5 1 -0.4563226691189253 -0.1157712219661334 
