0.2899930398867538 -0.2725535764666031 0.2532412725043722 0.07488430775295263 
0.2407844600784047 -0.566763142373599 0.1672152626723582 0.1412014294265057 
-0.5883396586460358 -0.5022292136170066 -0.6329330444110565 0.02353954427245414 
-0.1854213203246315 -0.2792090348451209 -0.2135309733902492 0.01773285016429279 
0.2899930398867538 -0.2725535764666031 0.2407844600784047 -0.566763142373599 
0.2407844600784047 -0.566763142373599 -0.5883396586460358 -0.5022292136170066 
-0.5883396586460358 -0.5022292136170066 -0.1854213203246315 -0.2792090348451209 
-0.1854213203246315 -0.2792090348451209 0.2899930398867538 -0.2725535764666031 
0.2532412725043722 0.07488430775295263 -0.01545933740159296 0.2145133498546291 
-0.01545933740159296 0.2145133498546291 -0.2135309733902492 0.01773285016429279 
0.1672152626723582 0.1412014294265057 -0.3212029779609475 0.3916916225360534 
-0.3212029779609475 0.3916916225360534 -0.6329330444110565 0.02353954427245414 
-0.01545933740159296 0.2145133498546291 -0.3212029779609475 0.3916916225360534 
0.2532412725043722 0.07488430775295263 0.1672152626723582 0.1412014294265057 
-0.2135309733902492 0.01773285016429279 -0.6329330444110565 0.02353954427245414 
-0.01300991544530002 -0.2767953994457906 -0.1018174388690433 -0.2780386407639181 
-0.1018174388690433 -0.2780386407639181 -0.1245849057253889 -0.0423952073016477 
-0.1245849057253889 -0.0423952073016477 -0.03698560229554834 -0.03386719502146435 
-0.03698560229554834 -0.03386719502146435 -0.01300991544530002 -0.2767953994457906 
0.1688787200290015 -0.1441997904587582 0.0688183291219118 -0.1497655428315699 
0.0688183291219118 -0.1497655428315699 0.05620821877788981 -0.02479454239257642 
0.05620821877788981 -0.02479454239257642 0.1555501755322475 -0.01512335330809779 
0.1555501755322475 -0.01512335330809779 0.1688787200290015 -0.1441997904587582 
