0 0 0 1 -0.4306234977535777 -0.3775537612997802 
0 0 6.5 1 -0.4263830499483583 0.2604411610441589 
10 0 0 1 -0.2524629803484822 -0.1209765817886599 
10 0 6.5 1 -0.2417652574523863 0.2044085592463644 
10 10 0 1 0.2295965427231839 -0.1445148374630791 
10 10 6.5 1 0.2623844778296811 0.1680377041601248 
0 10 0 1 0.489102353468778 -0.405241571494704 
0 10 6.5 1 0.5773013978017096 0.1850054993596589 
0 5 10 1 0.1244826450451631 0.6023696852001295 
10 5 10 1 0.02775754465277671 0.370443119070875 
0 6 0 1 0.1359235048705388 -0.3946093282976107 
0 8 0 1 0.3148358319802194 -0.3999953795301179 
0 8 5 1 0.3700158570850687 0.05126587963382069 
0 6 5 1 0.1791915100162309 0.06347635406984915 
0 2 2.5 1 -0.228247533628977 -0.1555351455627203 
0 4 2.5 1 -0.03302432752800884 -0.1646010349802168 
0 4 5 1 -0.01716007370407103 0.07604050550187567 
0 2 5 1 -0.2192825681156441 0.08897392615216884 
0.5 0.5 -0.5 1 -0.3680212773581347 -0.3975951987013617 
0.5 0.5 6 1 -0.3582283292979234 0.2005477150251242 
10.5 0.5 -0.5 1 -0.2245330154610174 -0.1389431006405817 
10.5 0.5 6 1 -0.2128473328876249 0.1757961152108419 
10.5 10.5 -0.5 1 0.2431830685568001 -0.1612247907185125 
10.5 10.5 6 1 0.2756328271874982 0.1414845738660097 
0.5 10.5 -0.5 1 0.5008126597645273 -0.4226325236389091 
0.5 10.5 6 1 0.58512404751261 0.1333121950670108 
0.5 5.5 9.5 1 0.1603368207586856 0.5209687866081757 
10.5 5.5 9.5 1 0.04870446416924436 0.3365875117072618 
0.5 6.5 -0.5 1 0.1664478495515901 -0.4129970800365251 
0.5 8.5 -0.5 1 0.3357155448342806 -0.4178748939744308 
0.5 8.5 4.5 1 0.3892300690838209 0.007293344511833984 
0.5 6.5 4.5 1 0.2093406496944954 0.01822806226074976 
0.5 2.5 2 1 -0.1756481769691821 -0.188315715762857 
0.5 4.5 2 1 0.008172445958783713 -0.1964512465441101 
0.5 4.5 4.5 1 0.02453621691547962 0.02946154290706588 
0.5 2.5 4.5 1 -0.1653874542676614 0.04100620042653291 
