-0.0789651566717913 -0.03574872349901448 -0.06771577284436202 0.2156378126867842 
0.3165351887294194 -0.08247511600272811 0.3477177517421862 0.1973834698179104 
0.3252881844670518 -0.2367576143912793 0.3797470481500427 0.233166373429497 
-0.2933301191008943 -0.1387142262643657 -0.2896819853389141 0.2561200814047921 
-0.0789651566717913 -0.03574872349901448 0.3165351887294194 -0.08247511600272811 
0.3165351887294194 -0.08247511600272811 0.3252881844670518 -0.2367576143912793 
0.3252881844670518 -0.2367576143912793 -0.2933301191008943 -0.1387142262643657 
-0.2933301191008943 -0.1387142262643657 -0.0789651566717913 -0.03574872349901448 
-0.06771577284436202 0.2156378126867842 -0.1476031065325101 0.4100921514379612 
-0.1476031065325101 0.4100921514379612 -0.2896819853389141 0.2561200814047921 
0.3477177517421862 0.1973834698179104 0.3828502757644622 0.417238918071216 
0.3828502757644622 0.417238918071216 0.3797470481500427 0.233166373429497 
-0.1476031065325101 0.4100921514379612 0.3828502757644622 0.417238918071216 
-0.06771577284436202 0.2156378126867842 0.3477177517421862 0.1973834698179104 
-0.2896819853389141 0.2561200814047921 0.3797470481500427 0.233166373429497 
-0.184027588137903 -0.08621315553620534 -0.2331696646140319 -0.1098174729300585 
-0.2331696646140319 -0.1098174729300585 -0.2279719953224331 0.1590790554407375 
-0.2279719953224331 0.1590790554407375 -0.1773114897765813 0.1580173985118172 
-0.1773114897765813 0.1580173985118172 -0.184027588137903 -0.08621315553620534 
-0.1045154643244318 0.05147317910211009 -0.1393702970171874 0.04323153966615426 
-0.1393702970171874 0.04323153966615426 -0.135469082687572 0.1571405363303187 
-0.135469082687572 0.1571405363303187 -0.1003267563763093 0.1564040830749724 
-0.1003267563763093 0.1564040830749724 -0.1045154643244318 0.05147317910211009 
