-0.5437457873913798 -0.4505697833381313 -0.5243049625208513 -0.0682136897814149 
-0.07873731461813657 -0.3604462673068222 -0.08634906129119688 -0.08609034014086413 
0.2985057218929078 -0.4201023086047902 0.2629516349878868 -0.03028019327292647 
-0.2480180059808583 -0.6177874105364424 -0.2473001946130645 0.03381516104591226 
-0.5437457873913798 -0.4505697833381313 -0.07873731461813657 -0.3604462673068222 
-0.07873731461813657 -0.3604462673068222 0.2985057218929078 -0.4201023086047902 
0.2985057218929078 -0.4201023086047902 -0.2480180059808583 -0.6177874105364424 
-0.2480180059808583 -0.6177874105364424 -0.5437457873913798 -0.4505697833381313 
-0.5243049625208513 -0.0682136897814149 -0.4126735845928411 0.1989629147089496 
-0.4126735845928411 0.1989629147089496 -0.2473001946130645 0.03381516104591226 
-0.08634906129119688 -0.08609034014086413 0.05020567211999187 0.09632361777356284 
0.05020567211999187 0.09632361777356284 0.2629516349878868 -0.03028019327292647 
-0.4126735845928411 0.1989629147089496 0.05020567211999187 0.09632361777356284 
-0.5243049625208513 -0.0682136897814149 -0.08634906129119688 -0.08609034014086413 
-0.2473001946130645 0.03381516104591226 0.2629516349878868 -0.03028019327292647 
-0.4066654109010122 -0.5280811188739373 -0.3375198866182358 -0.567179070533401 
-0.3375198866182358 -0.567179070533401 -0.330394580111802 -0.1181127423931046 
-0.330394580111802 -0.1181127423931046 -0.3957210715882277 -0.1292906215136431 
-0.3957210715882277 -0.1292906215136431 -0.4066654109010122 -0.5280811188739373 
-0.4990774138870022 -0.3041244918524251 -0.4548942798087506 -0.312115871260114 
-0.4548942798087506 -0.312115871260114 -0.4485048612324858 -0.1383223451962225 
-0.4485048612324858 -0.1383223451962225 -0.4920418452055573 -0.1457718673292064 
-0.4920418452055573 -0.1457718673292064 -0.4990774138870022 -0.3041244918524251 
