-0.6560717898879869 -0.5468911942728557 -0.5966233595881398 -0.09537906748732976 
-0.1605386188897609 -0.4275875693926081 -0.1479141737831703 -0.1343370324608813 
0.2732815412055787 -0.5137726331556874 0.2588975351228915 -0.1195614022137554 
-0.1543492985487394 -0.7921419705339257 -0.1250562759827129 -0.04607939279198995 
-0.6560717898879869 -0.5468911942728557 -0.1605386188897609 -0.4275875693926081 
-0.1605386188897609 -0.4275875693926081 0.2732815412055787 -0.5137726331556874 
0.2732815412055787 -0.5137726331556874 -0.1543492985487394 -0.7921419705339257 
-0.1543492985487394 -0.7921419705339257 -0.6560717898879869 -0.5468911942728557 
-0.5966233595881398 -0.09537906748732976 -0.3891465709065944 0.1823905407697844 
-0.3891465709065944 0.1823905407697844 -0.1250562759827129 -0.04607939279198995 
-0.1479141737831703 -0.1343370324608813 0.02865144003593197 0.03647964228445903 
0.02865144003593197 0.03647964228445903 0.2588975351228915 -0.1195614022137554 
-0.3891465709065944 0.1823905407697844 0.02865144003593197 0.03647964228445903 
-0.5966233595881398 -0.09537906748732976 -0.1479141737831703 -0.1343370324608813 
-0.1250562759827129 -0.04607939279198995 0.2588975351228915 -0.1195614022137554 
-0.4185549658203692 -0.6629935944705374 -0.302032351698521 -0.7199518972348229 
-0.302032351698521 -0.7199518972348229 -0.267800451205447 -0.198421122177713 
-0.267800451205447 -0.198421122177713 -0.3780187978189693 -0.1966430668326317 
-0.3780187978189693 -0.1966430668326317 -0.4185549658203692 -0.6629935944705374 
-0.5669398386103091 -0.3795081609644482 -0.4899497789937924 -0.3977981674496188 
-0.4899497789937924 -0.3977981674496188 -0.4687839361848218 -0.1951788329334938 
-0.4687839361848218 -0.1951788329334938 -0.5448283787030784 -0.193952075033038 
-0.5448283787030784 -0.193952075033038 -0.5669398386103091 -0.3795081609644482 
