0 0 0 1 0.3089021292122793 -0.539906101810768 
0 0 6.5 1 0.2475852045280164 0.07110868418009898 
10 0 0 1 -0.2234605676012475 -0.3676349758851329 
10 0 6.5 1 -0.2605217453213026 0.001808133275934919 
10 10 0 1 0.120322849853297 -0.2323826383573766 
10 10 6.5 1 0.09407453183349299 0.02920721996938905 
0 10 0 1 0.5705055458990624 -0.282225996615852 
0 10 6.5 1 0.5340411103148752 0.08106384458672894 
0 5 10 1 0.4026049129566644 0.3226946891799959 
10 5 10 1 -0.0694685531481134 0.182774153323457 
0 6 0 1 0.4962462719421558 -0.3553715914527276 
0 8 0 1 0.5366522835459803 -0.3155715557634136 
0 8 5 1 0.5061281799159366 -0.01145643631794141 
0 6 5 1 0.4627690136240464 -0.02182346511522273 
0 2 2.5 1 0.3655842716828792 -0.2568233413356996 
0 4 2.5 1 0.4286493274860496 -0.2190541319735825 
0 4 5 1 0.4101180463370953 -0.03441213184359191 
0 2 5 1 0.3448300074885113 -0.05002227928749899 
0.5 0.5 -0.5 1 0.2926785299300333 -0.5502997433431451 
0.5 0.5 6 1 0.235200828601696 0.02246464561718901 
10.5 0.5 -0.5 1 -0.2128559295138823 -0.3807653172275686 
10.5 0.5 6 1 -0.2484789270755206 -0.0256609739436032 
10.5 10.5 -0.5 1 0.1183613231024895 -0.2455460480962134 
10.5 10.5 6 1 0.09284266901036817 0.008772589807320041 
0.5 10.5 -0.5 1 0.550617103672132 -0.298408017669511 
0.5 10.5 6 1 0.5155457776199018 0.05100775063029844 
0.5 5.5 9.5 1 0.3858659257218972 0.2738970538507052 
10.5 5.5 9.5 1 -0.06560634679266415 0.1539858220042888 
0.5 6.5 -0.5 1 0.4760426031730676 -0.3712342698637277 
0.5 8.5 -0.5 1 0.5164838438195605 -0.3317410922941984 
0.5 8.5 4.5 1 0.4872245178227821 -0.04022263941624307 
0.5 6.5 4.5 1 0.4440806168354809 -0.05277857114059913 
0.5 2.5 2 1 0.3480535198396836 -0.2817519973250306 
0.5 4.5 2 1 0.4097591512738085 -0.2433278807626732 
0.5 4.5 4.5 1 0.3921519969340076 -0.06789107119512246 
0.5 2.5 4.5 1 0.3284515013490949 -0.08642947535118667 
