0.2572391829162743 -0.02649710707227427 0.2710340230355689 0.3535260511475833 
-0.2306729704920717 -0.1741975782046279 -0.2703498243272621 0.4474690495063858 
-0.5216945301272785 -0.03482877084885186 -0.566709655346894 0.3380723083466705 
-0.0928154932178502 0.03333207289636685 -0.1019333567623741 0.3033655889144098 
0.2572391829162743 -0.02649710707227427 -0.2306729704920717 -0.1741975782046279 
-0.2306729704920717 -0.1741975782046279 -0.5216945301272785 -0.03482877084885186 
-0.5216945301272785 -0.03482877084885186 -0.0928154932178502 0.03333207289636685 
-0.0928154932178502 0.03333207289636685 0.2572391829162743 -0.02649710707227427 
0.2710340230355689 0.3535260511475833 0.0510339727122872 0.51114483113119 
0.0510339727122872 0.51114483113119 -0.1019333567623741 0.3033655889144098 
-0.2703498243272621 0.4474690495063858 -0.4863838558707245 0.6680060590030337 
-0.4863838558707245 0.6680060590030337 -0.566709655346894 0.3380723083466705 
0.0510339727122872 0.51114483113119 -0.4863838558707245 0.6680060590030337 
0.2710340230355689 0.3535260511475833 -0.2703498243272621 0.4474690495063858 
-0.1019333567623741 0.3033655889144098 -0.566709655346894 0.3380723083466705 
0.02042772616099497 0.01397724231027499 -0.03958712465655965 0.02423460938792219 
-0.03958712465655965 0.02423460938792219 -0.0446398782280067 0.2418438562280271 
-0.0446398782280067 0.2418438562280271 0.01781414416793786 0.2456260241229062 
0.01781414416793786 0.2456260241229062 0.02042772616099497 0.01397724231027499 
0.169102488185819 0.1184943412197569 0.08889796115156055 0.1231417762615483 
0.08889796115156055 0.1231417762615483 0.08919461048948364 0.2499487706440393 
0.08919461048948364 0.2499487706440393 0.1715625735388445 0.2549369115749283 
0.1715625735388445 0.2549369115749283 0.169102488185819 0.1184943412197569 
