0 0 0 1 0.261317826302371 -0.2608917614845687 
0 0 6.5 1 0.3058084095996883 0.1222872362521332 
10 0 0 1 -0.3628518964728973 -0.2971292970347054 
10 0 6.5 1 -0.3356124053025578 0.1945447647855554 
10 10 0 1 -0.3730867595401708 -0.1224969434461363 
10 10 6.5 1 -0.357595572942245 0.1671407425210606 
0 10 0 1 0.03261977886114527 -0.1233860299430911 
0 10 6.5 1 0.05559561646077051 0.1248616173351122 
0 5 10 1 0.1704310451388916 0.293489014282881 
10 5 10 1 -0.338307430411758 0.384348260819259 
0 6 0 1 0.1015906654649731 -0.1648550862976757 
0 8 0 1 0.0644912457234976 -0.142548893007473 
0 8 5 1 0.08405439628721882 0.06166462102185331 
0 6 5 1 0.1235845941130321 0.05598859964906734 
0 2 2.5 1 0.2118870253489696 -0.09236419093191944 
0 4 2.5 1 0.1576870272447223 -0.07232057307064803 
0 4 5 1 0.170342936507558 0.04927471089098821 
0 2 5 1 0.2265114269491188 0.04120964747723423 
0.5 0.5 -0.5 1 0.2167331917003867 -0.2797495231353389 
0.5 0.5 6 1 0.2587205351278397 0.09525532056646707 
10.5 0.5 -0.5 1 -0.4044736942927594 -0.3201740248859856 
10.5 0.5 6 1 -0.379869147657436 0.1581234201942276 
10.5 10.5 -0.5 1 -0.3977654041118476 -0.1387292410873729 
10.5 10.5 6 1 -0.383179052513396 0.1462229815457547 
0.5 10.5 -0.5 1 0.006358161556775403 -0.1373708918037881 
0.5 10.5 6 1 0.02842531289287462 0.1074255306329588 
0.5 5.5 9.5 1 0.1350701567487209 0.2693217496536066 
10.5 5.5 9.5 1 -0.371559308752057 0.3533702123285433 
0.5 6.5 -0.5 1 0.07009861989739759 -0.1805094677687604 
0.5 8.5 -0.5 1 0.03584453771872004 -0.157326824206978 
0.5 8.5 4.5 1 0.05458769525515094 0.04385116138916007 
0.5 6.5 4.5 1 0.09110959392685264 0.0367873916361342 
0.5 2.5 2 1 0.1719527086294375 -0.1125195367392492 
0.5 4.5 2 1 0.1221559593864448 -0.09099770585892746 
0.5 4.5 4.5 1 0.1342035186619825 0.0284525138462495 
0.5 2.5 4.5 1 0.1858187868510668 0.01846950684253979 
