-0.2782254832845406 -0.07327709339576978 -0.3096164153856931 0.2002733917972709 
0.1171184868564437 -0.02869808177405434 0.1004438973535205 0.2249927296736281 
0.3134641035260064 -0.1084647727762763 0.2962620657012153 0.3001172512055692 
-0.3230134033320354 -0.1941615554048293 -0.3795010402734318 0.2685350436459756 
-0.2782254832845406 -0.07327709339576978 0.1171184868564437 -0.02869808177405434 
0.1171184868564437 -0.02869808177405434 0.3134641035260064 -0.1084647727762763 
0.3134641035260064 -0.1084647727762763 -0.3230134033320354 -0.1941615554048293 
-0.3230134033320354 -0.1941615554048293 -0.2782254832845406 -0.07327709339576978 
-0.3096164153856931 0.2002733917972709 -0.358541577681896 0.4229356560460306 
-0.358541577681896 0.4229356560460306 -0.3795010402734318 0.2685350436459756 
0.1004438973535205 0.2249927296736281 0.16486946805988 0.4323288410553634 
0.16486946805988 0.4323288410553634 0.2962620657012153 0.3001172512055692 
-0.358541577681896 0.4229356560460306 0.16486946805988 0.4323288410553634 
-0.3096164153856931 0.2002733917972709 0.1004438973535205 0.2249927296736281 
-0.3795010402734318 0.2685350436459756 0.2962620657012153 0.3001172512055692 
-0.2993664214243768 -0.1303373661365187 -0.3097784389125338 -0.1584398350868531 
-0.3097784389125338 -0.1584398350868531 -0.3468337407644712 0.1506258029489504 
-0.3468337407644712 0.1506258029489504 -0.331978529685616 0.1456010537734854 
-0.331978529685616 0.1456010537734854 -0.2993664214243768 -0.1303373661365187 
-0.2969962775629994 0.02309115158526797 -0.305297126331104 0.0150711537333611 
-0.305297126331104 0.0150711537333611 -0.3200747160759325 0.1415746096319218 
-0.3200747160759325 0.1415746096319218 -0.3103222146565958 0.1382758430775181 
-0.3103222146565958 0.1382758430775181 -0.2969962775629994 0.02309115158526797 
