-0.6940052393013263 -0.5906534043758818 -0.6213459820304841 -0.1088943721990654 
-0.1909368461597021 -0.4457555770483982 -0.1707529945800566 -0.1459174863944837 
0.260682157923724 -0.5446094423984477 0.2564088947785811 -0.1513737163182381 
-0.1025292747659004 -0.8784102208110546 -0.06485052559177039 -0.09903596034839481 
-0.6940052393013263 -0.5906534043758818 -0.1909368461597021 -0.4457555770483982 
-0.1909368461597021 -0.4457555770483982 0.260682157923724 -0.5446094423984477 
0.260682157923724 -0.5446094423984477 -0.1025292747659004 -0.8784102208110546 
-0.1025292747659004 -0.8784102208110546 -0.6940052393013263 -0.5906534043758818 
-0.6213459820304841 -0.1088943721990654 -0.372154728161555 0.1692626356899648 
-0.372154728161555 0.1692626356899648 -0.06485052559177039 -0.09903596034839481 
-0.1707529945800566 -0.1459174863944837 0.02137337822875196 0.01889450333163375 
0.02137337822875196 0.01889450333163375 0.2564088947785811 -0.1513737163182381 
-0.372154728161555 0.1692626356899648 0.02137337822875196 0.01889450333163375 
-0.6213459820304841 -0.1088943721990654 -0.1707529945800566 -0.1459174863944837 
-0.06485052559177039 -0.09903596034839481 0.2564088947785811 -0.1513737163182381 
-0.4097067232848492 -0.7289664395478217 -0.2730792735616238 -0.7954365623040224 
-0.2730792735616238 -0.7954365623040224 -0.2309414286848318 -0.2475048763718314 
-0.2309414286848318 -0.2475048763718314 -0.3602893259564413 -0.2365024679539695 
-0.3602893259564413 -0.2365024679539695 -0.4097067232848492 -0.7289664395478217 
-0.5860040528058421 -0.4170503486005983 -0.4937606893627918 -0.442264303399149 
-0.4937606893627918 -0.442264303399149 -0.4679834736236194 -0.2273419402465903 
-0.4679834736236194 -0.2273419402465903 -0.5590413744615925 -0.2195965015048317 
-0.5590413744615925 -0.2195965015048317 -0.5860040528058421 -0.4170503486005983 
