0.2566808741753955 -0.05988677721553697 0.2548812594634263 0.3096747828164185 
-0.1518165323762043 -0.2569942735904571 -0.2031207565478965 0.3836402549980806 
-0.5532702488625836 -0.1194701085587185 -0.6126825604725246 0.2765145782589072 
-0.1251092477856984 -0.01539526766701872 -0.1447272205286048 0.2571410593667022 
0.2566808741753955 -0.05988677721553697 -0.1518165323762043 -0.2569942735904571 
-0.1518165323762043 -0.2569942735904571 -0.5532702488625836 -0.1194701085587185 
-0.5532702488625836 -0.1194701085587185 -0.1251092477856984 -0.01539526766701872 
-0.1251092477856984 -0.01539526766701872 0.2566808741753955 -0.05988677721553697 
0.2548812594634263 0.3096747828164185 0.0161289337621553 0.4630902170481557 
0.0161289337621553 0.4630902170481557 -0.1447272205286048 0.2571410593667022 
-0.2031207565478965 0.3836402549980806 -0.4958148598850796 0.6180091221038144 
-0.4958148598850796 0.6180091221038144 -0.6126825604725246 0.2765145782589072 
0.0161289337621553 0.4630902170481557 -0.4958148598850796 0.6180091221038144 
0.2548812594634263 0.3096747828164185 -0.2031207565478965 0.3836402549980806 
-0.1447272205286048 0.2571410593667022 -0.6126825604725246 0.2765145782589072 
0.001469128121428179 -0.03014594532043833 -0.06523587756974498 -0.02237254777311984 
-0.06523587756974498 -0.02237254777311984 -0.07869214089986822 0.1963303563632443 
-0.07869214089986822 0.1963303563632443 -0.01006452193850259 0.2012260303349176 
-0.01006452193850259 0.2012260303349176 0.001469128121428179 -0.03014594532043833 
0.1578592031117081 0.07918963235019796 0.07183238846349729 0.08133313919560342 
0.07183238846349729 0.08133313919560342 0.06722757968985016 0.2067398006781796 
0.06722757968985016 0.2067398006781796 0.1549356101075153 0.2129966099354587 
0.1549356101075153 0.2129966099354587 0.1578592031117081 0.07918963235019796 
