-0.5128416963030042 -0.4452649045361711 -0.5038867583961582 -0.07709334250972887 
-0.05615397737150353 -0.3520189588686076 -0.06868418365622865 -0.0814384660054442 
0.3055693470840996 -0.4154373812842232 0.2658759440089845 -0.02448935257440875 
-0.2640815730301103 -0.6185268706924164 -0.2725973699285718 0.01539320495507024 
-0.5128416963030042 -0.4452649045361711 -0.05615397737150353 -0.3520189588686076 
-0.05615397737150353 -0.3520189588686076 0.3055693470840996 -0.4154373812842232 
0.3055693470840996 -0.4154373812842232 -0.2640815730301103 -0.6185268706924164 
-0.2640815730301103 -0.6185268706924164 -0.5128416963030042 -0.4452649045361711 
-0.5038867583961582 -0.07709334250972887 -0.4151724461831429 0.1819777344044075 
-0.4151724461831429 0.1819777344044075 -0.2725973699285718 0.01539320495507024 
-0.06868418365622865 -0.0814384660054442 0.05796759515198149 0.1014178044126806 
0.05796759515198149 0.1014178044126806 0.2658759440089845 -0.02448935257440875 
-0.4151724461831429 0.1819777344044075 0.05796759515198149 0.1014178044126806 
-0.5038867583961582 -0.07709334250972887 -0.06868418365622865 -0.0814384660054442 
-0.2725973699285718 0.01539320495507024 0.2658759440089845 -0.02448935257440875 
-0.3979606469115047 -0.5252798049542271 -0.3397326768946887 -0.5658357125396763 
-0.3397326768946887 -0.5658357125396763 -0.3406709020460719 -0.1314012969958207 
-0.3406709020460719 -0.1314012969958207 -0.3954044248528594 -0.1403206318339488 
-0.3954044248528594 -0.1403206318339488 -0.3979606469115047 -0.5252798049542271 
-0.4785860349596148 -0.3063215574289748 -0.441731703733267 -0.3156329370678756 
-0.441731703733267 -0.3156329370678756 -0.4394282157090105 -0.147494716587745 
-0.4394282157090105 -0.147494716587745 -0.4756055156028233 -0.1533901429141549 
-0.4756055156028233 -0.1533901429141549 -0.4785860349596148 -0.3063215574289748 
