0.2895012259387105 -0.2714186174729086 0.2532165092210942 0.0762162051594604 
0.2288286044514347 -0.5705259726220323 0.1561980098861735 0.1356953546038199 
-0.5876403950793468 -0.4995663954815102 -0.6341251789715293 0.02076014407930991 
-0.1835209970234371 -0.2760772716140378 -0.2120336958989024 0.01956629321637771 
0.2895012259387105 -0.2714186174729086 0.2288286044514347 -0.5705259726220323 
0.2288286044514347 -0.5705259726220323 -0.5876403950793468 -0.4995663954815102 
-0.5876403950793468 -0.4995663954815102 -0.1835209970234371 -0.2760772716140378 
-0.1835209970234371 -0.2760772716140378 0.2895012259387105 -0.2714186174729086 
0.2532165092210942 0.0762162051594604 -0.01529831435082332 0.2162467893935891 
-0.01529831435082332 0.2162467893935891 -0.2120336958989024 0.01956629321637771 
0.1561980098861735 0.1356953546038199 -0.3288279380326761 0.3872548819399241 
-0.3288279380326761 0.3872548819399241 -0.6341251789715293 0.02076014407930991 
-0.01529831435082332 0.2162467893935891 -0.3288279380326761 0.3872548819399241 
0.2532165092210942 0.0762162051594604 0.1561980098861735 0.1356953546038199 
-0.2120336958989024 0.01956629321637771 -0.6341251789715293 0.02076014407930991 
-0.0124751776316116 -0.2743926925897319 -0.1006498213519946 -0.2752610982357463 
-0.1006498213519946 -0.2752610982357463 -0.1236117950380368 -0.04055426999254062 
-0.1236117950380368 -0.04055426999254062 -0.03652669401868148 -0.03220964992061206 
-0.03652669401868148 -0.03220964992061206 -0.0124751776316116 -0.2743926925897319 
0.168665612066211 -0.1428661238943451 0.06888375874884729 -0.1481286096074192 
0.06888375874884729 -0.1481286096074192 0.05629164723764118 -0.02331566249423845 
0.05629164723764118 -0.02331566249423845 0.1554286710815266 -0.01381620978240107 
0.1554286710815266 -0.01381620978240107 0.168665612066211 -0.1428661238943451 
