0 0 0 1 0.256669248839034 -0.02637739575075373 
0 0 6.5 1 0.2662269556266806 0.3520130852686262 
10 0 0 1 -0.2122712021060321 -0.1840554690545798 
10 0 6.5 1 -0.2559543346616207 0.4461418184866703 
10 10 0 1 -0.532322613230338 -0.0481227477066132 
10 10 6.5 1 -0.5820361255683033 0.3319483150626094 
0 10 0 1 -0.1025941541811858 0.02773812562564009 
0 10 6.5 1 -0.1148211746938479 0.2990511029821475 
0 5 10 1 0.04038309616457519 0.5079595498775819 
10 5 10 1 -0.4931810239251273 0.6687109069670772 
0 6 0 1 0.01436592988177008 0.01012053397537818 
0 8 0 1 -0.04753013513308994 0.01944388225206809 
0 8 5 1 -0.05503920023496153 0.2378326970894264 
0 6 5 1 0.009181338079833538 0.2422495066660162 
0 2 2.5 1 0.1653751272360002 0.1169081943535358 
0 4 2.5 1 0.08340503427227089 0.1204846939762342 
0 4 5 1 0.08230966283496331 0.2472789550881888 
0 2 5 1 0.1663372358016461 0.2530580064433428 
0.5 0.5 -0.5 1 0.2170499296261403 -0.05440452552348231 
0.5 0.5 6 1 0.223618189083587 0.3199111525947463 
10.5 0.5 -0.5 1 -0.2731759313382464 -0.2285349186617986 
10.5 0.5 6 1 -0.324201181943107 0.3903206163128499 
10.5 10.5 -0.5 1 -0.5683579628283928 -0.07626957338631363 
10.5 10.5 6 1 -0.6205034690831609 0.2996732646268862 
0.5 10.5 -0.5 1 -0.1300405760905411 0.007224858455354205 
0.5 10.5 6 1 -0.1436684573530659 0.2764398470082492 
0.5 5.5 9.5 1 0.004793153354091095 0.4796677735780653 
10.5 5.5 9.5 1 -0.5448090711284462 0.6235441611488787 
0.5 6.5 -0.5 1 -0.01694009150672282 -0.01285726156177543 
0.5 8.5 -0.5 1 -0.07678118681995931 -0.002231877749681266 
0.5 8.5 4.5 1 -0.08550359754554054 0.2143783328811377 
0.5 6.5 4.5 1 -0.02351906133560093 0.2172618992473583 
0.5 2.5 2 1 0.128044030477405 0.08952709916528387 
0.5 4.5 2 1 0.04894825329240302 0.09493383945929189 
0.5 4.5 4.5 1 0.04702468795218188 0.2205436465222655 
0.5 2.5 4.5 1 0.1280319970243091 0.2243121663199658 
