0 0 0 1 0.2916490896628493 -0.2784331792292391 
0 0 6.5 1 0.2532433234300997 0.06762218568941836 
10 0 0 1 0.3001487892486047 -0.5455534099858632 
10 0 6.5 1 0.2218838698619899 0.1670727935192061 
10 10 0 1 -0.5896243923200827 -0.5119752652613205 
10 10 6.5 1 -0.623504584993881 0.04057104976116975 
0 10 0 1 -0.1949773746430139 -0.2937284546928675 
0 10 6.5 1 -0.2204390637802395 0.009659453529019792 
0 5 10 1 -0.01560556671730035 0.206065853495327 
10 5 10 1 -0.2801206354730239 0.4138037222210207 
0 6 0 1 -0.01584417542285824 -0.2880980752792415 
0 8 0 1 -0.1077292255462177 -0.2909861367713981 
0 8 5 1 -0.1290551123197957 -0.0507547223565696 
0 6 5 1 -0.03898431859408432 -0.04160964412749323 
0 2 2.5 1 0.1696527226630209 -0.1508746441031334 
0 4 2.5 1 0.06840755938734999 -0.1576183956271591 
0 4 5 1 0.05593507339806489 -0.03197227745935895 
0 2 5 1 0.1561053998583209 -0.02180177230648101 
0.5 0.5 -0.5 1 0.2665160005047125 -0.3136066081846149 
0.5 0.5 6 1 0.2278282336662291 0.04011182412855351 
10.5 0.5 -0.5 1 0.2472983155846788 -0.63166239284735 
10.5 0.5 6 1 0.1679088091676197 0.1142190051822176 
10.5 10.5 -0.5 1 -0.6594274697768534 -0.5764928231460227 
10.5 10.5 6 1 -0.6922172537509111 -0.004172163060096104 
0.5 10.5 -0.5 1 -0.2256016137605127 -0.324658926666129 
0.5 10.5 6 1 -0.2509878274263188 -0.01539917927020121 
0.5 5.5 9.5 1 -0.04408207221148525 0.1832354035241998 
10.5 5.5 9.5 1 -0.3440894598093177 0.3774838451943364 
0.5 6.5 -0.5 1 -0.04474343746632647 -0.320597088385104 
0.5 8.5 -0.5 1 -0.1375563464728241 -0.3226815450267692 
0.5 8.5 4.5 1 -0.1588647964522484 -0.07766277384429192 
0.5 6.5 4.5 1 -0.06791237939527243 -0.06906577245879156 
0.5 2.5 2 1 0.1430018407015491 -0.1822599772794023 
0.5 4.5 2 1 0.04054171630410563 -0.1882665847091415 
0.5 4.5 4.5 1 0.02802978045270193 -0.05999713076866208 
0.5 2.5 4.5 1 0.1293838777094569 -0.05041694210807245 
