0 0 0 1 0.002482949595097605 -0.1243312558885929 
0 0 6.5 1 0.02745087548915024 0.1277401562207373 
10 0 0 1 0.4170795336396351 -0.204224505729409 
10 0 6.5 1 0.4531283140060886 0.1082441783051208 
10 10 0 1 0.3016480489260221 -0.3367221006807792 
10 10 6.5 1 0.3615679239028404 0.2007708066393123 
0 10 0 1 -0.2888845783723081 -0.1777524797741388 
0 10 6.5 1 -0.2553850217022922 0.2028616375563877 
0 5 10 1 -0.0693587060171932 0.3238941442167648 
10 5 10 1 0.4443984141052659 0.359992179704367 
0 6 0 1 -0.142927784782226 -0.1509918088016877 
0 8 0 1 -0.2092039038885311 -0.1631433049609958 
0 8 5 1 -0.1850909801714383 0.1017256750764568 
0 6 5 1 -0.1202426686670354 0.09150327442843999 
0 2 2.5 1 -0.02893640475444373 -0.02862690314215197 
0 4 2.5 1 -0.07628590302998983 -0.02940204529825061 
0 4 5 1 -0.06554393841814291 0.08288080882262368 
0 2 5 1 -0.01878491894159407 0.07550992406234357 
0.5 0.5 -0.5 1 0.007751035442365597 -0.1491686579603638 
0.5 0.5 6 1 0.03343785140382254 0.1093831358359966 
10.5 0.5 -0.5 1 0.4373353401443617 -0.2378689717573144 
10.5 0.5 6 1 0.4748409034624786 0.08461801263844416 
10.5 10.5 -0.5 1 0.330520698399686 -0.403457487499343 
10.5 10.5 6 1 0.3946257530264874 0.1643790293905041 
0.5 10.5 -0.5 1 -0.2925956730578614 -0.2178093366114282 
0.5 10.5 6 1 -0.2577812145494777 0.1777766039460353 
0.5 5.5 9.5 1 -0.06521144638654676 0.3079032184101746 
10.5 5.5 9.5 1 0.4720231143049253 0.3403686263657223 
0.5 6.5 -0.5 1 -0.141130809180785 -0.183193838075656 
0.5 8.5 -0.5 1 -0.2096542442794554 -0.1988540566016444 
0.5 8.5 4.5 1 -0.1846569079778312 0.07540400824302733 
0.5 6.5 4.5 1 -0.1176652152838692 0.06714762257918994 
0.5 2.5 2 1 -0.02415053750622935 -0.05268499186812951 
0.5 4.5 2 1 -0.0725734794809427 -0.05541634110083065 
0.5 4.5 4.5 1 -0.0614828276793017 0.06022342883329412 
0.5 2.5 4.5 1 -0.01368888242312085 0.05433306797565708 
