0 0 0 1 0.4037731917046185 -0.5798687011731651 
0 0 6.5 1 0.3525412904430002 -0.03952469470083174 
10 0 0 1 -0.297068186265474 -0.5102629234782646 
10 0 6.5 1 -0.2850240398467239 -0.08678016019494879 
10 10 0 1 -0.04149594370669553 -0.3881871311856043 
10 10 6.5 1 -0.04610584129330835 -0.1218447556705185 
0 10 0 1 0.3951335536392797 -0.4076362962952139 
0 10 6.5 1 0.3654819084629279 -0.09942043491025214 
0 5 10 1 0.3425695246113458 0.1121163008278611 
10 5 10 1 -0.1395127298413441 0.05250510245292696 
0 6 0 1 0.3974939710282158 -0.4546915502697047 
0 8 0 1 0.3962009781705088 -0.4289155550614904 
0 8 5 1 0.3709407890677592 -0.1658643849226629 
0 6 5 1 0.3696365215114336 -0.1639515743908653 
0 2 2.5 1 0.382992784750523 -0.3366216632083451 
0 4 2.5 1 0.3831040687166228 -0.3192387916052301 
0 4 5 1 0.3680419276365041 -0.1616129775722049 
0 2 5 1 0.3660479283494604 -0.1586886214321202 
0.5 0.5 -0.5 1 0.3640278503283283 -0.6049041144579212 
0.5 0.5 6 1 0.3184202331890957 -0.08343185442766572 
10.5 0.5 -0.5 1 -0.304567503824121 -0.5322453344507753 
10.5 0.5 6 1 -0.2923542903780758 -0.1204210868173542 
10.5 10.5 -0.5 1 -0.05170215550845359 -0.4047049332305846 
10.5 10.5 6 1 -0.05573495431217555 -0.143002152048862 
0.5 10.5 -0.5 1 0.3725074140589668 -0.4262854390478311 
0.5 10.5 6 1 0.3447812060671229 -0.124266940039197 
0.5 5.5 9.5 1 0.3182225039285448 0.07613934798705999 
10.5 5.5 9.5 1 -0.1485981249905409 0.02345791590089818 
0.5 6.5 -0.5 1 0.3701586679524281 -0.4757608521411579 
0.5 8.5 -0.5 1 0.3714422319156525 -0.4487230820154533 
0.5 8.5 4.5 1 0.3479767034440375 -0.1915442655006872 
0.5 6.5 4.5 1 0.3444745771986057 -0.1921846833579615 
0.5 2.5 2 1 0.3502507484355561 -0.366549231619873 
0.5 4.5 2 1 0.3539901946413124 -0.3464077049128552 
0.5 4.5 4.5 1 0.3402173368426092 -0.1929631854894152 
0.5 2.5 4.5 1 0.3349312499259375 -0.1939298281000168 
