0 0 0 1 0.2916796460444754 -0.3691101284801541 
0 0 6.5 1 0.2563042290714213 -0.02605386315726124 
10 0 0 1 0.5092858176754572 -0.6109431143250617 
10 0 6.5 1 0.4168077643620203 0.09721144579749343 
10 10 0 1 -0.5541086268793978 -0.6371345215275327 
10 10 6.5 1 -0.540359268255231 0.01896123006623737 
0 10 0 1 -0.2279619707256647 -0.392341941014793 
0 10 6.5 1 -0.2366480285431105 -0.06193095704116964 
0 5 10 1 -0.005927564456088044 0.1234174313294088 
10 5 10 1 -0.09708297823776338 0.3713067092919505 
0 6 0 1 -0.02545940596708139 -0.3832885829494863 
0 8 0 1 -0.1275726488444958 -0.387853797973212 
0 8 5 1 -0.1382142536763603 -0.1288733670381472 
0 6 5 1 -0.04011563184452337 -0.1223455659906175 
0 2 2.5 1 0.1723408102535979 -0.2387983679780397 
0 4 2.5 1 0.06883350493507878 -0.2445774582684228 
0 4 5 1 0.05961627801366538 -0.1157090806507884 
0 2 5 1 0.1610226083335785 -0.1089611739327592 
0.5 0.5 -0.5 1 0.2720359398079068 -0.4048719198770375 
0.5 0.5 6 1 0.2367119037150351 -0.05053659050368255 
10.5 0.5 -0.5 1 0.4802782968941635 -0.7039211821256824 
10.5 0.5 6 1 0.3856923285150215 0.05398137341203391 
10.5 10.5 -0.5 1 -0.6414587779660391 -0.7232703241117471 
10.5 10.5 6 1 -0.6184366066403019 -0.02481496059645494 
0.5 10.5 -0.5 1 -0.2611493895810342 -0.4271961489268919 
0.5 10.5 6 1 -0.2684077700361021 -0.08634904521472195 
0.5 5.5 9.5 1 -0.03145458939896948 0.103999545038077 
10.5 5.5 9.5 1 -0.1515745177386934 0.3460557226268209 
0.5 6.5 -0.5 1 -0.05352376479879947 -0.4185029577440629 
0.5 8.5 -0.5 1 -0.1582450416810014 -0.4228875903336181 
0.5 8.5 4.5 1 -0.1679711263237275 -0.1555811486264101 
0.5 6.5 4.5 1 -0.06746842653923139 -0.149103052095471 
0.5 2.5 2 1 0.1499180236775915 -0.2698490543160171 
0.5 4.5 2 1 0.0437220956985795 -0.2755182374791681 
0.5 4.5 4.5 1 0.03475328687767976 -0.1425141532052653 
0.5 2.5 4.5 1 0.1387384977664997 -0.1358115846636017 
