0.3879282804917212 -0.6762959670548796 0.3557913522233438 -0.1443494016368486 
-0.336451840692391 -0.5942707170868979 -0.3054969368538875 -0.1469107661419575 
-0.1061563357671027 -0.4407034020174898 -0.09839459054970855 -0.1683030629726932 
0.3272123985180721 -0.4705499032034957 0.311675434979852 -0.1689580479153508 
0.3879282804917212 -0.6762959670548796 -0.336451840692391 -0.5942707170868979 
-0.336451840692391 -0.5942707170868979 -0.1061563357671027 -0.4407034020174898 
-0.1061563357671027 -0.4407034020174898 0.3272123985180721 -0.4705499032034957 
0.3272123985180721 -0.4705499032034957 0.3879282804917212 -0.6762959670548796 
0.3557913522233438 -0.1443494016368486 0.3178380709540398 0.0259232941967836 
0.3178380709540398 0.0259232941967836 0.311675434979852 -0.1689580479153508 
-0.3054969368538875 -0.1469107661419575 -0.1708438527519217 0.005413196168946041 
-0.1708438527519217 0.005413196168946041 -0.09839459054970855 -0.1683030629726932 
0.3178380709540398 0.0259232941967836 -0.1708438527519217 0.005413196168946041 
0.3557913522233438 -0.1443494016368486 -0.3054969368538875 -0.1469107661419575 
0.311675434979852 -0.1689580479153508 -0.09839459054970855 -0.1683030629726932 
0.3438084281789298 -0.5267883644971029 0.3347181736790465 -0.4959844953616758 
0.3347181736790465 -0.4959844953616758 0.3211555445251307 -0.2383983603575715 
0.3211555445251307 -0.2383983603575715 0.328416235646499 -0.2418259436323408 
0.328416235646499 -0.2418259436323408 0.3438084281789298 -0.5267883644971029 
0.3584860917075524 -0.4261139484988894 0.3459039276848926 -0.400698999958592 
0.3459039276848926 -0.400698999958592 0.3372915839543675 -0.246015764533587 
0.3372915839543675 -0.246015764533587 0.3483875800044868 -0.2512538954280917 
0.3483875800044868 -0.2512538954280917 0.3584860917075524 -0.4261139484988894 
