-0.6842468119369571 -0.580558776061344 -0.6149866292836341 -0.107067515622849 
-0.1825847174431989 -0.4428442771292266 -0.1644597795057879 -0.144602181428961 
0.2644377793322488 -0.5387990486804938 0.2572281820358586 -0.1446891977528722 
-0.118413426456173 -0.8581895022678144 -0.0829214027959097 -0.08639045847492498 
-0.6842468119369571 -0.580558776061344 -0.1825847174431989 -0.4428442771292266 
-0.1825847174431989 -0.4428442771292266 0.2644377793322488 -0.5387990486804938 
0.2644377793322488 -0.5387990486804938 -0.118413426456173 -0.8581895022678144 
-0.118413426456173 -0.8581895022678144 -0.6842468119369571 -0.580558776061344 
-0.6149866292836341 -0.107067515622849 -0.3778421619831795 0.1709509860524785 
-0.3778421619831795 0.1709509860524785 -0.0829214027959097 -0.08639045847492498 
-0.1644597795057879 -0.144602181428961 0.02333195149498707 0.02187916432912581 
0.02333195149498707 0.02187916432912581 0.2572281820358586 -0.1446891977528722 
-0.3778421619831795 0.1709509860524785 0.02333195149498707 0.02187916432912581 
-0.6149866292836341 -0.107067515622849 -0.1644597795057879 -0.144602181428961 
-0.0829214027959097 -0.08639045847492498 0.2572281820358586 -0.1446891977528722 
-0.4136345619482714 -0.7133368648283901 -0.2826907042824404 -0.7775855274716373 
-0.2826907042824404 -0.7775855274716373 -0.242536189830117 -0.2359918155753397 
-0.242536189830117 -0.2359918155753397 -0.3664387727261611 -0.2274561324634769 
-0.3664387727261611 -0.2274561324634769 -0.4136345619482714 -0.7133368648283901 
-0.5816175746680133 -0.4086358645646328 -0.4938434250441875 -0.4320300493240153 
-0.4938434250441875 -0.4320300493240153 -0.4692350911408324 -0.2203744657334946 
-0.4692350911408324 -0.2203744657334946 -0.5558948973814759 -0.2144044477781289 
-0.5558948973814759 -0.2144044477781289 -0.5816175746680133 -0.4086358645646328 
