0 0 0 1 -0.1277135249979301 -0.03309943136584501 
0 0 6.5 1 -0.1287854470292922 0.2195775159136523 
10 0 0 1 0.2624303058469213 -0.0558010016372419 
10 0 6.5 1 0.2822260246488359 0.212137180885942 
10 10 0 1 0.3245485504482365 -0.2164291633449977 
10 10 6.5 1 0.3638694637332985 0.224422233118017 
0 10 0 1 -0.2985227067515434 -0.1656919671818972 
0 10 6.5 1 -0.3142984660128424 0.2353250841380794 
0 5 10 1 -0.2025501784068373 0.4090896637611759 
10 5 10 1 0.3282830651496132 0.4155187378697593 
0 6 0 1 -0.2108365517739657 -0.09762460964834691 
0 8 0 1 -0.2501059667045115 -0.1281079317519823 
0 8 5 1 -0.2580330657522131 0.1433790365129966 
0 6 5 1 -0.2160257197052045 0.1484569257398282 
0 2 2.5 1 -0.151924064316851 0.0503450083934827 
0 4 2.5 1 -0.1799358538513552 0.0376199444988569 
0 4 5 1 -0.181597692531962 0.1526186194609322 
0 2 5 1 -0.1528674395556039 0.1560915606438752 
0.5 0.5 -0.5 1 -0.1144280794276959 -0.05728889371987614 
0.5 0.5 6 1 -0.114838269309853 0.1989127698129386 
10.5 0.5 -0.5 1 0.283995508012749 -0.08194931948476036 
10.5 0.5 6 1 0.3053700951565071 0.1899478802659854 
10.5 10.5 -0.5 1 0.3623557270883781 -0.2649754176035591 
10.5 10.5 6 1 0.406609716014256 0.1865867895921855 
0.5 10.5 -0.5 1 -0.2821792796136549 -0.2081763977473269 
0.5 10.5 6 1 -0.2970619547382983 0.2017228194138659 
0.5 5.5 9.5 1 -0.1863582525839761 0.3870504536352077 
10.5 5.5 9.5 1 0.3599346149635935 0.3917214920736847 
0.5 6.5 -0.5 1 -0.195622840229227 -0.1303213059104767 
0.5 8.5 -0.5 1 -0.2342706491071891 -0.1650839270497666 
0.5 8.5 4.5 1 -0.2415149745501403 0.1116576618961075 
0.5 6.5 4.5 1 -0.2001636375867455 0.1200810579301855 
0.5 2.5 2 1 -0.1377443088715086 0.02530653002219971 
0.5 4.5 2 1 -0.1650827171324904 0.01005028045662146 
0.5 4.5 4.5 1 -0.1664379995556625 0.1269510753588663 
0.5 2.5 4.5 1 -0.1384067309410713 0.132661132015253 
