0 0 0 1 0.2926242927704292 -0.3106288628941945 
0 0 6.5 1 0.254278375512092 0.0323050538731728 
10 0 0 1 0.4174793263123004 -0.5402076146175724 
10 0 6.5 1 0.3305061368783831 0.1686128367434052 
10 10 0 1 -0.5774695286849865 -0.5497149210008442 
10 10 6.5 1 -0.5856486455828112 0.05590027428944979 
0 10 0 1 -0.2133235648554603 -0.3342467813336177 
0 10 6.5 1 -0.2306606247351195 -0.01739224870912457 
0 5 10 1 -0.01183064368154337 0.1738939347786143 
10 5 10 1 -0.1837158437036579 0.4221870877089635 
0 6 0 1 -0.02116042056593279 -0.3252765022811683 
0 8 0 1 -0.1188319558948151 -0.3298358621449993 
0 8 5 1 -0.1351439138371242 -0.08025507232564537 
0 6 5 1 -0.0405220350330415 -0.0717457135935812 
0 2 2.5 1 0.17115664764005 -0.1828159260613719 
0 4 2.5 1 0.06838343277589787 -0.189864355108591 
0 4 5 1 0.05724483327667203 -0.06295352551749817 
0 2 5 1 0.1583161380205165 -0.05386416901292156 
0.5 0.5 -0.5 1 0.2705776929411343 -0.3456895772051025 
0.5 0.5 6 1 0.2321650198023904 0.007025887475583433 
10.5 0.5 -0.5 1 0.3767122101071925 -0.6286215600050489 
10.5 0.5 6 1 0.2886713346149164 0.1232756941937278 
10.5 10.5 -0.5 1 -0.657352952920508 -0.6240549452624404 
10.5 10.5 6 1 -0.6603519597142234 0.01265923740343099 
0.5 10.5 -0.5 1 -0.2453551039620251 -0.3669389349963705 
0.5 10.5 6 1 -0.2619173460377219 -0.04176130154205791 
0.5 5.5 9.5 1 -0.03871277151033366 0.1534108057692748 
10.5 5.5 9.5 1 -0.2435345212908493 0.3935214077402592 
0.5 6.5 -0.5 1 -0.04965139139727449 -0.3588786251375491 
0.5 8.5 -0.5 1 -0.1491609800241392 -0.3629770559120343 
0.5 8.5 4.5 1 -0.1649794976441443 -0.1066856253630669 
0.5 6.5 4.5 1 -0.06863647207689935 -0.09841879347607452 
0.5 2.5 2 1 0.146841104084199 -0.2135729214176121 
0.5 4.5 2 1 0.04199831454932109 -0.220260871340257 
0.5 4.5 4.5 1 0.03098516801134838 -0.08987063603481603 
0.5 2.5 4.5 1 0.1340556796079093 -0.08102654392894432 
