-0.04534304841827461 -0.2379946541931242 -0.07831120333798283 0.4642435964741246 
-0.2481032772266522 -0.04357002023477047 -0.2782137478543451 0.3157954374175103 
0.1915532282621657 0.01224509551189852 0.191512809137665 0.3069838077384125 
0.6160220414208473 -0.08959443312274273 0.6559824333839598 0.4017221507531507 
-0.04534304841827461 -0.2379946541931242 -0.2481032772266522 -0.04357002023477047 
-0.2481032772266522 -0.04357002023477047 0.1915532282621657 0.01224509551189852 
0.1915532282621657 0.01224509551189852 0.6160220414208473 -0.08959443312274273 
0.6160220414208473 -0.08959443312274273 -0.04534304841827461 -0.2379946541931242 
-0.07831120333798283 0.4642435964741246 0.3695610898597444 0.7955385820144637 
0.3695610898597444 0.7955385820144637 0.6559824333839598 0.4017221507531507 
-0.2782137478543451 0.3157954374175103 -0.02612214152204101 0.5023122681822476 
-0.02612214152204101 0.5023122681822476 0.191512809137665 0.3069838077384125 
0.3695610898597444 0.7955385820144637 -0.02612214152204101 0.5023122681822476 
-0.07831120333798283 0.4642435964741246 -0.2782137478543451 0.3157954374175103 
0.6559824333839598 0.4017221507531507 0.191512809137665 0.3069838077384125 
0.4040930714005517 -0.1371480559029842 0.5166460423255815 -0.1118928889399598 
0.5166460423255815 -0.1118928889399598 0.5412150568234285 0.2810444928373192 
0.5412150568234285 0.2810444928373192 0.4212867651326764 0.2819051258384929 
0.4212867651326764 0.2819051258384929 0.4040930714005517 -0.1371480559029842 
0.1244339281916998 0.03147768638911808 0.2790445389633631 0.04905253713747459 
0.2790445389633631 0.04905253713747459 0.282837917948687 0.2828986666050722 
0.282837917948687 0.2828986666050722 0.1212193267179649 0.2840584787832947 
0.1212193267179649 0.2840584787832947 0.1244339281916998 0.03147768638911808 
