0 0 0 1 -0.7212801125261109 -0.5875511543681388 
0 0 6.5 1 -0.6384096724923993 -0.07354936851601776 
10 0 0 1 -0.2251675106422987 -0.420658575012047 
10 0 6.5 1 -0.1966951089726892 -0.1172947692043911 
10 10 0 1 0.2429793289323406 -0.5219506486646269 
10 10 6.5 1 0.252971237508026 -0.1413846791903851 
0 10 0 1 -0.008664888771606137 -0.8836871995652879 
0 10 6.5 1 0.0374331357706188 -0.1004577765655544 
0 5 10 1 -0.3290863792687547 0.2076629734302992 
10 5 10 1 0.0150843249203511 0.0405950295694289 
0 6 0 1 -0.3670525614003789 -0.7347547820672055 
0 8 0 1 -0.2046691821878038 -0.8022351980375596 
0 8 5 1 -0.1565927151016162 -0.2444400654093465 
0 6 5 1 -0.311465061168934 -0.2261717298155911 
0 2 2.5 1 -0.587905134506872 -0.406591107606869 
0 4 2.5 1 -0.4726093442658986 -0.4364557014164205 
0 4 5 1 -0.4434536404713234 -0.2106027033078441 
0 2 5 1 -0.5572814413822155 -0.1971758745695781 
0.5 0.5 -0.5 1 -0.6630776545820196 -0.6252239249998113 
0.5 0.5 6 1 -0.5852863315178881 -0.1143137558353542 
10.5 0.5 -0.5 1 -0.1944078370308391 -0.4440481631099717 
10.5 0.5 6 1 -0.1674603683167742 -0.1417420381425962 
10.5 10.5 -0.5 1 0.2771944059254218 -0.5502336451078339 
10.5 10.5 6 1 0.2852748658742195 -0.1713622376214523 
0.5 10.5 -0.5 1 0.06610948796805413 -0.9350998282962425 
0.5 10.5 6 1 0.1036976237278724 -0.1593486139669025 
0.5 5.5 9.5 1 -0.2727911852664195 0.1578565385723215 
10.5 5.5 9.5 1 0.04502034058413605 0.01309957010792457 
0.5 6.5 -0.5 1 -0.2994743086541736 -0.7797410697576931 
0.5 8.5 -0.5 1 -0.1335463371490584 -0.8502539423139468 
0.5 8.5 4.5 1 -0.09152435847822338 -0.2974180663463256 
0.5 6.5 4.5 1 -0.2493270275219132 -0.2752411782258116 
0.5 2.5 2 1 -0.5290888402040121 -0.4480228323154468 
0.5 4.5 2 1 -0.4109224287207303 -0.4806040603417084 
0.5 4.5 4.5 1 -0.3841182147071383 -0.2562982218363327 
0.5 2.5 4.5 1 -0.5005893139588118 -0.2399298894562098 
