0.2767365195344625 -0.284254535637454 0.3189197554837075 0.115285766909263 
-0.3752752293060415 -0.2689295180945753 -0.3311144910315527 0.2037293593658255 
-0.3250109724681109 -0.1395831166889501 -0.2989484856698372 0.1372697631310824 
0.07842315449155923 -0.1615961476730324 0.1038433336336016 0.0884535531757091 
0.2767365195344625 -0.284254535637454 -0.3752752293060415 -0.2689295180945753 
-0.3752752293060415 -0.2689295180945753 -0.3250109724681109 -0.1395831166889501 
-0.3250109724681109 -0.1395831166889501 0.07842315449155923 -0.1615961476730324 
0.07842315449155923 -0.1615961476730324 0.2767365195344625 -0.284254535637454 
0.3189197554837075 0.115285766909263 0.2037556728284204 0.2658548039720209 
0.2037556728284204 0.2658548039720209 0.1038433336336016 0.0884535531757091 
-0.3311144910315527 0.2037293593658255 -0.2929845916749232 0.3516818209254464 
-0.2929845916749232 0.3516818209254464 -0.2989484856698372 0.1372697631310824 
0.2037556728284204 0.2658548039720209 -0.2929845916749232 0.3516818209254464 
0.3189197554837075 0.115285766909263 -0.3311144910315527 0.2037293593658255 
0.1038433336336016 0.0884535531757091 -0.2989484856698372 0.1372697631310824 
0.1368265654851801 -0.1977191202349236 0.1052650261985401 -0.1781980580526672 
0.1052650261985401 -0.1781980580526672 0.1264861120336128 0.02946520080058158 
0.1264861120336128 0.02946520080058158 0.1600535047099429 0.02819578999955237 
0.1600535047099429 0.02819578999955237 0.1368265654851801 -0.1977191202349236 
0.2344297372259491 -0.1125556183374077 0.1872677618494432 -0.09744562411936709 
0.1872677618494432 -0.09744562411936709 0.2001218117960144 0.02668053552970253 
0.2001218117960144 0.02668053552970253 0.2487820372557289 0.02484036234810674 
0.2487820372557289 0.02484036234810674 0.2344297372259491 -0.1125556183374077 
