0 0 0 1 0.3454036488935134 -0.6424832924543047 
0 0 6.5 1 0.3410790824461228 -0.1483698511941481 
10 0 0 1 -0.3742994921303347 -0.5736822900160865 
10 0 6.5 1 -0.3262444114483792 -0.1175290149520465 
10 10 0 1 -0.1824463659035656 -0.4134682144428815 
10 10 6.5 1 -0.1615505685605156 -0.1416029446382772 
0 10 0 1 0.2402430553395038 -0.4459097138391206 
0 10 6.5 1 0.2425226377336476 -0.1609780475998952 
0 5 10 1 0.2796014646117511 0.0215418291740434 
10 5 10 1 -0.2092902026509441 0.03591606782505099 
0 6 0 1 0.2693992484485778 -0.5004105208862248 
0 8 0 1 0.2534683575531007 -0.4706313790231313 
0 8 5 1 0.2548819785409987 -0.2283734260014441 
0 6 5 1 0.2702677614996918 -0.2331579248675157 
0 2 2.5 1 0.3128976395027957 -0.4099694957895008 
0 4 2.5 1 0.2889771879140147 -0.3843489238591205 
0 4 5 1 0.2889930057240496 -0.2389808920833462 
0 2 5 1 0.3122773042806406 -0.2462215830732278 
0.5 0.5 -0.5 1 0.2994283778494913 -0.6622227903513407 
0.5 0.5 6 1 0.2986927016288808 -0.1817807743610689 
10.5 0.5 -0.5 1 -0.394864190039966 -0.5941679287648971 
10.5 0.5 6 1 -0.3467417407738181 -0.1496584514049298 
10.5 10.5 -0.5 1 -0.1983654878244737 -0.4287530693655605 
10.5 10.5 6 1 -0.1771482344512697 -0.1610457895096988 
0.5 10.5 -0.5 1 0.2154457453556617 -0.461235342793027 
0.5 10.5 6 1 0.2188063535327984 -0.1808749569992575 
0.5 5.5 9.5 1 0.2500466903640083 -0.00664226886466295 
10.5 5.5 9.5 1 -0.2270062104731781 0.008782911723980148 
0.5 6.5 -0.5 1 0.2389696721294906 -0.51753286358303 
0.5 8.5 -0.5 1 0.2261392872171523 -0.4868271541030249 
0.5 8.5 4.5 1 0.2285704918938148 -0.2488684947441726 
0.5 6.5 4.5 1 0.2410953668676529 -0.2555083571401576 
0.5 2.5 2 1 0.2746528619915681 -0.4333529315567369 
0.5 4.5 2 1 0.2554794484661407 -0.4058437225464154 
0.5 4.5 4.5 1 0.2562718578569442 -0.2635539314100237 
0.5 2.5 4.5 1 0.2750417041397933 -0.2735044655887867 
