0.3719902036638477 -0.5165592142773678 0.302849804072608 0.07271214069593002 
-0.2369360619982107 -0.4089492514805321 -0.2634180210440701 -0.02278606744654424 
0.07862352236212683 -0.2817961675168797 0.05377144412089241 -0.02120890724130331 
0.5259527595964469 -0.3042856201486064 0.481105232122038 0.03525485804083495 
0.3719902036638477 -0.5165592142773678 -0.2369360619982107 -0.4089492514805321 
-0.2369360619982107 -0.4089492514805321 0.07862352236212683 -0.2817961675168797 
0.07862352236212683 -0.2817961675168797 0.5259527595964469 -0.3042856201486064 
0.5259527595964469 -0.3042856201486064 0.3719902036638477 -0.5165592142773678 
0.302849804072608 0.07271214069593002 0.3874092631979332 0.2687182221781174 
0.3874092631979332 0.2687182221781174 0.481105232122038 0.03525485804083495 
-0.2634180210440701 -0.02278606744654424 -0.08843786736830726 0.139202249237072 
-0.08843786736830726 0.139202249237072 0.05377144412089241 -0.02120890724130331 
0.3874092631979332 0.2687182221781174 -0.08843786736830726 0.139202249237072 
0.302849804072608 0.07271214069593002 -0.2634180210440701 -0.02278606744654424 
0.481105232122038 0.03525485804083495 0.05377144412089241 -0.02120890724130331 
0.4833220909568703 -0.3630620232644183 0.5066207326021293 -0.3309393661001516 
0.5066207326021293 -0.3309393661001516 0.4692010639643638 -0.04354351589621449 
0.4692010639643638 -0.04354351589621449 0.4427693766784872 -0.04611309217119279 
0.4427693766784872 -0.04611309217119279 0.4833220909568703 -0.3630620232644183 
0.393989805515617 -0.2493848582867139 0.4322584925186229 -0.2233013760610416 
0.4322584925186229 -0.2233013760610416 0.410468995027294 -0.04925319796413626 
0.410468995027294 -0.04925319796413626 0.3701012718403679 -0.05317757640634963 
0.3701012718403679 -0.05317757640634963 0.393989805515617 -0.2493848582867139 
