0 0 0 1 0.2564675073779146 -0.05334704060191551 
0 0 6.5 1 0.2560614505514626 0.3175609546227398 
10 0 0 1 -0.1603030289561246 -0.2445680398983209 
10 0 6.5 1 -0.2108834332590956 0.3955221983149357 
10 10 0 1 -0.5512732094580913 -0.1079320100159585 
10 10 6.5 1 -0.6097275336285861 0.2862328258764146 
0 10 0 1 -0.1226297310243646 -0.007996302241087225 
0 10 6.5 1 -0.1414139995941416 0.2645052517284898 
0 5 10 1 0.01873025601456457 0.4711855260880676 
10 5 10 1 -0.4967883982651003 0.6280331815426511 
0 6 0 1 0.002759458889967755 -0.0229963913186206 
0 8 0 1 -0.06335539708228628 -0.01508718694773613 
0 8 5 1 -0.07613049647944606 0.2036700647751878 
0 6 5 1 -0.008035918747660506 0.208579520861915 
0 2 2.5 1 0.1585194895677658 0.08622401786351062 
0 4 2.5 1 0.0729579800187824 0.08846104899561533 
0 4 5 1 0.06876701891352298 0.2141168288582199 
0 2 5 1 0.1560629507858921 0.2204106566247334 
0.5 0.5 -0.5 1 0.2187553542269028 -0.0825958111085206 
0.5 0.5 6 1 0.2158305079000243 0.2857158933621234 
10.5 0.5 -0.5 1 -0.2233133522134405 -0.2938021008423091 
10.5 0.5 6 1 -0.2812515075773522 0.3384385916654282 
10.5 10.5 -0.5 1 -0.5901585197972615 -0.1390821988668674 
10.5 10.5 6 1 -0.6512920980703611 0.2521169257427677 
0.5 10.5 -0.5 1 -0.1501426446661017 -0.02974326715527698 
0.5 10.5 6 1 -0.1702432963751167 0.241355039283326 
0.5 5.5 9.5 1 -0.01590083300960166 0.4432588346838415 
10.5 5.5 9.5 1 -0.5516106236233803 0.5824280564806815 
0.5 6.5 -0.5 1 -0.02809263653861492 -0.04722954639346468 
0.5 8.5 -0.5 1 -0.09244259240273757 -0.0380100361740984 
0.5 8.5 4.5 1 -0.1063395730524726 0.1795612657177248 
0.5 6.5 4.5 1 -0.0401532350376276 0.1830169413445962 
0.5 2.5 2 1 0.1226034469687287 0.05803369481049163 
0.5 4.5 2 1 0.03941009925787626 0.06202849348708198 
0.5 4.5 4.5 1 0.03448483499819423 0.1869138929995081 
0.5 2.5 4.5 1 0.1193039276456791 0.1913424092151887 
