-0.4907892251912329 -0.3377596501239065 -0.4738816127552639 0.2950605769482101 
-0.2529095102836561 -0.1176642821080479 -0.2355733202128484 0.204460656719776 
0.2332763715101343 -0.1563589432078814 0.2687196147647607 0.162625131691357 
0.4525180515958981 -0.4104927867102257 0.540063674509487 0.2101985037444437 
-0.4907892251912329 -0.3377596501239065 -0.2529095102836561 -0.1176642821080479 
-0.2529095102836561 -0.1176642821080479 0.2332763715101343 -0.1563589432078814 
0.2332763715101343 -0.1563589432078814 0.4525180515958981 -0.4104927867102257 
0.4525180515958981 -0.4104927867102257 -0.4907892251912329 -0.3377596501239065 
-0.4738816127552639 0.2950605769482101 0.06752070248635654 0.6307053326407884 
0.06752070248635654 0.6307053326407884 0.540063674509487 0.2101985037444437 
-0.2355733202128484 0.204460656719776 0.03231131057435328 0.3662619584979123 
0.03231131057435328 0.3662619584979123 0.2687196147647607 0.162625131691357 
0.06752070248635654 0.6307053326407884 0.03231131057435328 0.3662619584979123 
-0.4738816127552639 0.2950605769482101 -0.2355733202128484 0.204460656719776 
0.540063674509487 0.2101985037444437 0.2687196147647607 0.162625131691357 
0.07742303022466147 -0.3815713121349808 0.2653389383226525 -0.3960604544820908 
0.2653389383226525 -0.3960604544820908 0.3210251663722701 0.07505891536916465 
0.3210251663722701 0.07505891536916465 0.1225137770998412 0.09135403687331188 
0.1225137770998412 0.09135403687331188 0.07742303022466147 -0.3815713121349808 
-0.2891457729448861 -0.1207661901985136 -0.09450736333898324 -0.1362449794789327 
-0.09450736333898324 -0.1362449794789327 -0.07682527658639417 0.1077170985205262 
-0.07682527658639417 0.1077170985205262 -0.2769971817396641 0.1241485260982798 
-0.2769971817396641 0.1241485260982798 -0.2891457729448861 -0.1207661901985136 
