0 0 0 1 0.2759626030334848 -0.2251507517856641 
0 0 6.5 1 0.2502581538851044 0.124435877088712 
10 0 0 1 0.06030621601025206 -0.539274104465718 
10 0 6.5 1 -0.001028603340558962 0.1257183594652818 
10 10 0 1 -0.5732990527449794 -0.3995225421794197 
10 10 6.5 1 -0.6363593754651167 0.04982132955388047 
0 10 0 1 -0.1596960295433945 -0.2009150738182277 
0 10 6.5 1 -0.1894678881017466 0.07825695204252624 
0 5 10 1 -0.01036242985736235 0.2720744823717131 
10 5 10 1 -0.4190700114321876 0.387973366905254 
0 6 0 1 -0.007997963109650844 -0.2093540331580778 
0 8 0 1 -0.0869854298556034 -0.2049599625156679 
0 8 5 1 -0.1094979598424703 0.01766072848210187 
0 6 5 1 -0.03009795702096338 0.02296824482683895 
0 2 2.5 1 0.1621056142513796 -0.09336111116771323 
0 4 2.5 1 0.0674560955269958 -0.09380716281932629 
0 4 5 1 0.056598534292324 0.02876349707274938 
0 2 5 1 0.1516457221840109 0.03511695406683126 
0.5 0.5 -0.5 1 0.2447452120616816 -0.258396865632558 
0.5 0.5 6 1 0.2179500442819634 0.09366774816662286 
10.5 0.5 -0.5 1 -0.003467754742802343 -0.6087156164365531 
10.5 0.5 6 1 -0.06935321417269853 0.0652198171681191 
10.5 10.5 -0.5 1 -0.6241084039545168 -0.4447377302256898 
10.5 10.5 6 1 -0.68975590849728 0.008680094541194087 
0.5 10.5 -0.5 1 -0.1879408908337382 -0.2273243896713345 
0.5 10.5 6 1 -0.2185478795973939 0.0534249166854689 
0.5 5.5 9.5 1 -0.04162397910121304 0.2457338459087033 
10.5 5.5 9.5 1 -0.4813678382440753 0.3426225970731231 
0.5 6.5 -0.5 1 -0.03746106186837971 -0.2381307937524595 
0.5 8.5 -0.5 1 -0.1158385924712461 -0.2325022701662831 
0.5 8.5 4.5 1 -0.1390247998399397 -0.008579743264729111 
0.5 6.5 4.5 1 -0.06027205340186897 -0.00439038137762649 
0.5 2.5 2 1 0.1310579353408234 -0.1241388901276612 
0.5 4.5 2 1 0.03701769618118472 -0.1231755386801381 
0.5 4.5 4.5 1 0.02578070606255758 0.0001873148562918407 
0.5 2.5 4.5 1 0.1201978243462816 0.005209964791922246 
