0.2882746009855887 -0.4258376452606191 0.2567351088371623 -0.08082559518039129 
0.5726764606398506 -0.698956239833598 0.4781874253911422 0.01335472581320363 
-0.5305465504068001 -0.7383143033882676 -0.5007391747032012 -0.0358842919201833 
-0.2403885630146363 -0.4477697640976959 -0.241609066224173 -0.1050423796155637 
0.2882746009855887 -0.4258376452606191 0.5726764606398506 -0.698956239833598 
0.5726764606398506 -0.698956239833598 -0.5305465504068001 -0.7383143033882676 
-0.5305465504068001 -0.7383143033882676 -0.2403885630146363 -0.4477697640976959 
-0.2403885630146363 -0.4477697640976959 0.2882746009855887 -0.4258376452606191 
0.2567351088371623 -0.08082559518039129 -0.001708210701164878 0.07640101417578371 
-0.001708210701164878 0.07640101417578371 -0.241609066224173 -0.1050423796155637 
0.4781874253911422 0.01335472581320363 -0.03020285956469317 0.3074306931367216 
-0.03020285956469317 0.3074306931367216 -0.5007391747032012 -0.0358842919201833 
-0.001708210701164878 0.07640101417578371 -0.03020285956469317 0.3074306931367216 
0.2567351088371623 -0.08082559518039129 0.4781874253911422 0.01335472581320363 
-0.241609066224173 -0.1050423796155637 -0.5007391747032012 -0.0358842919201833 
-0.030305195220454 -0.4390542459721445 -0.135575192997912 -0.4434214768640495 
-0.135575192997912 -0.4434214768640495 -0.1411735025296007 -0.1759250136791008 
-0.1411735025296007 -0.1759250136791008 -0.04059013394351826 -0.1711949207247369 
-0.04059013394351826 -0.1711949207247369 -0.030305195220454 -0.4390542459721445 
0.1715018364964857 -0.2929062308418393 0.06774782201359222 -0.2975044957695114 
0.06774782201359222 -0.2975044957695114 0.06041284734510855 -0.166445094815355 
0.06041284734510855 -0.166445094815355 0.1618380726290658 -0.161675412210225 
0.1618380726290658 -0.161675412210225 0.1715018364964857 -0.2929062308418393 
