0.04334687503848394 -0.2900058209415186 0.06724335108826746 -0.02831004623701264 
0.4795961151198821 -0.4082863548151583 0.502332405574503 -0.05683764287459369 
0.2456395058515513 -0.6047769236887892 0.292621437434291 -0.0002384503822983777 
-0.3034532373066009 -0.3596610872277713 -0.2610037755935956 0.02055609083029342 
0.04334687503848394 -0.2900058209415186 0.4795961151198821 -0.4082863548151583 
0.4795961151198821 -0.4082863548151583 0.2456395058515513 -0.6047769236887892 
0.2456395058515513 -0.6047769236887892 -0.3034532373066009 -0.3596610872277713 
-0.3034532373066009 -0.3596610872277713 0.04334687503848394 -0.2900058209415186 
0.06724335108826746 -0.02831004623701264 -0.05074973420135897 0.1538720957415064 
-0.05074973420135897 0.1538720957415064 -0.2610037755935956 0.02055609083029342 
0.502332405574503 -0.05683764287459369 0.4406388375819068 0.1938941249371694 
0.4406388375819068 0.1938941249371694 0.292621437434291 -0.0002384503822983777 
-0.05074973420135897 0.1538720957415064 0.4406388375819068 0.1938941249371694 
0.06724335108826746 -0.02831004623701264 0.502332405574503 -0.05683764287459369 
-0.2610037755935956 0.02055609083029342 0.292621437434291 -0.0002384503822983777 
-0.1325606726142307 -0.3253370871013151 -0.2108478120638686 -0.3410611637409657 
-0.2108478120638686 -0.3410611637409657 -0.1822203528612791 -0.07158270581205604 
-0.1822203528612791 -0.07158270581205604 -0.1072786604797864 -0.07661543668842367 
-0.1072786604797864 -0.07661543668842367 -0.1325606726142307 -0.3253370871013151 
0.002791073172780667 -0.1917450199050333 -0.05414805860726232 -0.1955987241548026 
-0.05414805860726232 -0.1955987241548026 -0.04294389368451382 -0.08093585643056496 
-0.04294389368451382 -0.08093585643056496 0.01288700664655316 -0.08468519657785201 
0.01288700664655316 -0.08468519657785201 0.002791073172780667 -0.1917450199050333 
