0 0 0 1 -0.6560717898879869 -0.5468911942728557 
0 0 6.5 1 -0.5966233595881398 -0.09537906748732976 
10 0 0 1 -0.1605386188897609 -0.4275875693926081 
10 0 6.5 1 -0.1479141737831703 -0.1343370324608813 
10 10 0 1 0.2732815412055787 -0.5137726331556874 
10 10 6.5 1 0.2588975351228915 -0.1195614022137554 
0 10 0 1 -0.1543492985487394 -0.7921419705339257 
0 10 6.5 1 -0.1250562759827129 -0.04607939279198995 
0 5 10 1 -0.3891465709065944 0.1823905407697844 
10 5 10 1 0.02865144003593197 0.03647964228445903 
0 6 0 1 -0.4185549658203692 -0.6629935944705374 
0 8 0 1 -0.302032351698521 -0.7199518972348229 
0 8 5 1 -0.267800451205447 -0.198421122177713 
0 6 5 1 -0.3780187978189693 -0.1966430668326317 
0 2 2.5 1 -0.5669398386103091 -0.3795081609644482 
0 4 2.5 1 -0.4899497789937924 -0.3977981674496188 
0 4 5 1 -0.4687839361848218 -0.1951788329334938 
0 2 5 1 -0.5448283787030784 -0.193952075033038 
0.5 0.5 -0.5 1 -0.6076099986001067 -0.5827773339542067 
0.5 0.5 6 1 -0.5521514920202514 -0.1286320575911052 
10.5 0.5 -0.5 1 -0.1295205822522195 -0.4507779213296028 
10.5 0.5 6 1 -0.1185807301336093 -0.1563982616659632 
10.5 10.5 -0.5 1 0.3148262936541683 -0.5449793440578902 
10.5 10.5 6 1 0.2974749508453189 -0.1487576147182492 
0.5 10.5 -0.5 1 -0.07411747335559593 -0.8517026615570641 
0.5 10.5 6 1 -0.05520125010542277 -0.09872445260490047 
0.5 5.5 9.5 1 -0.3375933739548765 0.1435161404721621 
10.5 5.5 9.5 1 0.06090635343937412 0.01207708182375008 
0.5 6.5 -0.5 1 -0.3549903766192288 -0.7101189767803759 
0.5 8.5 -0.5 1 -0.2310998033702034 -0.7725702978792609 
0.5 8.5 4.5 1 -0.203376150696768 -0.2467280117610568 
0.5 6.5 4.5 1 -0.3197308161985531 -0.24027983239393 
0.5 2.5 2 1 -0.5162107509875714 -0.4172459896199145 
0.5 4.5 2 1 -0.4346348576734488 -0.4389789381341523 
0.5 4.5 4.5 1 -0.4155652009426925 -0.2349688523854921 
0.5 2.5 4.5 1 -0.4958678438221377 -0.2305186153218735 
