0 0 0 1 0.2918517494472869 -0.2800276726012488 
0 0 6.5 1 0.2532531205785884 0.0656890125175234 
10 0 0 1 0.3119479622316222 -0.5417479035820737 
10 0 6.5 1 0.2327586651727652 0.1710621920728032 
10 10 0 1 -0.589346797592984 -0.5138271693014282 
10 10 6.5 1 -0.6208644800654211 0.04397470939310811 
0 10 0 1 -0.1968727003077221 -0.2967203092761894 
0 10 6.5 1 -0.2216827365756826 0.007951380959560361 
0 5 10 1 -0.01548130800793776 0.2040924269246797 
10 5 10 1 -0.2713019634230454 0.4175036920967927 
0 6 0 1 -0.01641632236932572 -0.2905567282355612 
0 8 0 1 -0.1088995910567928 -0.2937155421714808 
0 8 5 1 -0.1298459793224972 -0.05258249555899658 
0 6 5 1 -0.03929994157861931 -0.04338478290277518 
0 2 2.5 1 0.1697788415377076 -0.1525727974881305 
0 4 2.5 1 0.06833605228726057 -0.1594731525174136 
0 4 5 1 0.05593585194379423 -0.03371068246467377 
0 2 5 1 0.1562354407012295 -0.02352219912609235 
0.5 0.5 -0.5 1 0.2670280932159514 -0.315181329876506 
0.5 0.5 6 1 0.2281735788482514 0.03842890362542352 
10.5 0.5 -0.5 1 0.2601280379961748 -0.6281222583637333 
10.5 0.5 6 1 0.1798906258300133 0.1190542015116291 
10.5 10.5 -0.5 1 -0.6601856054048413 -0.5792525526924077 
10.5 10.5 6 1 -0.6902683732564361 -0.0006389631041382243 
0.5 10.5 -0.5 1 -0.227636635966366 -0.3278171421120156 
0.5 10.5 6 1 -0.2523082070483482 -0.01703409537139316 
0.5 5.5 9.5 1 -0.04380626667322964 0.1815162316357436 
10.5 5.5 9.5 1 -0.335011592956977 0.3819970523073336 
0.5 6.5 -0.5 1 -0.04528246688828554 -0.32315905168248 
0.5 8.5 -0.5 1 -0.138781488419133 -0.3255474089082328 
0.5 8.5 4.5 1 -0.1596662693032142 -0.07943671810186012 
0.5 6.5 4.5 1 -0.06815570839902112 -0.07075395525598885 
0.5 2.5 2 1 0.1433571894399758 -0.1838842107068731 
0.5 4.5 2 1 0.04061037679390369 -0.1900876765606153 
0.5 4.5 4.5 1 0.0281876050250425 -0.0616126481327335 
0.5 2.5 4.5 1 0.129756886817097 -0.05197548737760289 
