-0.4754548042803512 -0.442201146375352 -0.4780718090524986 -0.09000877486923888 
-0.02920288146116841 -0.3440987433108513 -0.04682137584229319 -0.07772349991453853 
0.314042607603676 -0.417979197147779 0.2707915231333671 -0.02535147563657836 
-0.2770382132665237 -0.6318703472748624 -0.2968719408798037 -0.01905732780871188 
-0.4754548042803512 -0.442201146375352 -0.02920288146116841 -0.3440987433108513 
-0.02920288146116841 -0.3440987433108513 0.314042607603676 -0.417979197147779 
0.314042607603676 -0.417979197147779 -0.2770382132665237 -0.6318703472748624 
-0.2770382132665237 -0.6318703472748624 -0.4754548042803512 -0.442201146375352 
-0.4780718090524986 -0.09000877486923888 -0.4145750389720645 0.1564701598134925 
-0.4145750389720645 0.1564701598134925 -0.2968719408798037 -0.01905732780871188 
-0.04682137584229319 -0.07772349991453853 0.06884735307207729 0.1037960903472252 
0.06884735307207729 0.1037960903472252 0.2707915231333671 -0.02535147563657836 
-0.4145750389720645 0.1564701598134925 0.06884735307207729 0.1037960903472252 
-0.4780718090524986 -0.09000877486923888 -0.04682137584229319 -0.07772349991453853 
-0.2968719408798037 -0.01905732780871188 0.2707915231333671 -0.02535147563657836 
-0.3840728889827549 -0.529554400267079 -0.3375921269452342 -0.57398601230018 
-0.3375921269452342 -0.57398601230018 -0.3479722903585525 -0.1568318804623401 
-0.3479722903585525 -0.1568318804623401 -0.3911053985756768 -0.1606837952775388 
-0.3911053985756768 -0.1606837952775388 -0.3840728889827549 -0.529554400267079 
-0.45235781357 -0.3131032408426094 -0.4233097847109134 -0.3254746597555612 
-0.4233097847109134 -0.3254746597555612 -0.4256401208884991 -0.1637678486651573 
-0.4256401208884991 -0.1637678486651573 -0.4539144918748311 -0.1662928340648748 
-0.4539144918748311 -0.1662928340648748 -0.45235781357 -0.3131032408426094 
