-0.6984490903488455 -0.5946340920806381 -0.6242337239924752 -0.1089242711170402 
-0.1949697046317906 -0.4463408661842448 -0.1737969094310381 -0.1458114236241715 
0.2587856268492396 -0.5463637274618671 0.2559837305258533 -0.1537742690577437 
-0.0942367646240336 -0.8865560912359045 -0.05553162240431529 -0.1041646097084556 
-0.6984490903488455 -0.5946340920806381 -0.1949697046317906 -0.4463408661842448 
-0.1949697046317906 -0.4463408661842448 0.2587856268492396 -0.5463637274618671 
0.2587856268492396 -0.5463637274618671 -0.0942367646240336 -0.8865560912359045 
-0.0942367646240336 -0.8865560912359045 -0.6984490903488455 -0.5946340920806381 
-0.6242337239924752 -0.1089242711170402 -0.3690008562524442 0.1693364751703339 
-0.3690008562524442 0.1693364751703339 -0.05553162240431529 -0.1041646097084556 
-0.1737969094310381 -0.1458114236241715 0.02045283588826675 0.01819157459591917 
0.02045283588826675 0.01819157459591917 0.2559837305258533 -0.1537742690577437 
-0.3690008562524442 0.1693364751703339 0.02045283588826675 0.01819157459591917 
-0.6242337239924752 -0.1089242711170402 -0.1737969094310381 -0.1458114236241715 
-0.05553162240431529 -0.1041646097084556 0.2559837305258533 -0.1537742690577437 
-0.4072358173953931 -0.7353322493370965 -0.2678082385458351 -0.8026959488550027 
-0.2678082385458351 -0.8026959488550027 -0.2247742056941647 -0.2520803977237191 
-0.2247742056941647 -0.2520803977237191 -0.3568209194949684 -0.2399411718819947 
-0.3568209194949684 -0.2399411718819947 -0.4072358173953931 -0.7353322493370965 
-0.5877833957241432 -0.4202198335553686 -0.4932786309493177 -0.4462582733131907 
-0.4932786309493177 -0.4462582733131907 -0.4669716161120528 -0.2298148753285253 
-0.4669716161120528 -0.2298148753285253 -0.560255525580844 -0.221239164416485 
-0.560255525580844 -0.221239164416485 -0.5877833957241432 -0.4202198335553686 
