0.2580440241009165 -0.07505587672516077 0.2846285482475318 0.303166051268801 
-0.2791255903620556 -0.2023091711495024 -0.3019341748402594 0.3753568845697579 
-0.4799597015356503 -0.03801637588820459 -0.5070510167133252 0.3069265747109287 
-0.058144063716498 0.01219922306512788 -0.05652657563424892 0.2746048397374125 
0.2580440241009165 -0.07505587672516077 -0.2791255903620556 -0.2023091711495024 
-0.2791255903620556 -0.2023091711495024 -0.4799597015356503 -0.03801637588820459 
-0.4799597015356503 -0.03801637588820459 -0.058144063716498 0.01219922306512788 
-0.058144063716498 0.01219922306512788 0.2580440241009165 -0.07505587672516077 
0.2846285482475318 0.303166051268801 0.08768125814749847 0.4695047662661956 
0.08768125814749847 0.4695047662661956 -0.05652657563424892 0.2746048397374125 
-0.3019341748402594 0.3753568845697579 -0.4489978309946079 0.5975498903567467 
-0.4489978309946079 0.5975498903567467 -0.5070510167133252 0.3069265747109287 
0.08768125814749847 0.4695047662661956 -0.4489978309946079 0.5975498903567467 
0.2846285482475318 0.303166051268801 -0.3019341748402594 0.3753568845697579 
-0.05652657563424892 0.2746048397374125 -0.5070510167133252 0.3069265747109287 
0.04221931774918752 -0.01549700333457168 -0.0111934842227386 -0.0007572343625330834 
-0.0111934842227386 -0.0007572343625330834 -0.007893575191775019 0.2115277140176759 
-0.007893575191775019 0.2115277140176759 0.04818095035929119 0.211391349585326 
0.04818095035929119 0.211391349585326 0.04221931774918752 -0.01549700333457168 
0.1814310584951494 0.07611089176615519 0.1081257472827424 0.08650126375742481 
0.1081257472827424 0.08650126375742481 0.1129492742100076 0.211233843202002 
0.1129492742100076 0.211233843202002 0.1886031302789787 0.2110498649153104 
0.1886031302789787 0.2110498649153104 0.1814310584951494 0.07611089176615519 
