0 0 0 1 0.3046964690828649 -0.4389985893778311 
0 0 6.5 1 0.3273651168700245 -0.002487171275845422 
10 0 0 1 -0.3825251906205887 -0.3912565576764896 
10 0 6.5 1 -0.3282485567895634 0.05836413498985934 
10 10 0 1 -0.250559432946463 -0.2709621469353169 
10 10 6.5 1 -0.2215370037447262 -0.004362195255622296 
0 10 0 1 0.1574459272369496 -0.3020373639324437 
0 10 6.5 1 0.1751178593118053 -0.04009327137699734 
0 5 10 1 0.2430272547856683 0.1416921958402133 
10 5 10 1 -0.2421790610932865 0.1902366901096488 
0 6 0 1 0.1994048486004285 -0.3410643530101626 
0 8 0 1 0.176589942405413 -0.3198436670166219 
0 8 5 1 0.1910130521773976 -0.09937724105225 
0 6 5 1 0.2146247874083416 -0.0994585403782499 
0 2 2.5 1 0.2698403535082436 -0.2468831460423587 
0 4 2.5 1 0.2351931104102723 -0.2313621105660549 
0 4 5 1 0.2431104338313306 -0.09955662143126058 
0 2 5 1 0.2781527723808661 -0.0996772783197812 
0.5 0.5 -0.5 1 0.2587139550499117 -0.459748652068594 
0.5 0.5 6 1 0.2827226534703285 -0.03390743708105465 
10.5 0.5 -0.5 1 -0.4104901135341524 -0.4141090833415724 
10.5 0.5 6 1 -0.3564781542270437 0.02421200761372574 
10.5 10.5 -0.5 1 -0.269478460690409 -0.2866347820152044 
10.5 10.5 6 1 -0.2404369515192676 -0.02404410489399226 
0.5 10.5 -0.5 1 0.132108894941915 -0.3168662417905684 
0.5 10.5 6 1 0.1501504898366504 -0.05879660577956246 
0.5 5.5 9.5 1 0.2112839835374378 0.1153213644699541 
10.5 5.5 9.5 1 -0.2648753655665285 0.1622156207729266 
0.5 6.5 -0.5 1 0.1684737347002338 -0.3579064336250066 
0.5 8.5 -0.5 1 0.148729409447136 -0.3356236213972061 
0.5 8.5 4.5 1 0.1635028138593767 -0.1187231399168234 
0.5 6.5 4.5 1 0.184133600741548 -0.1205777128194188 
0.5 2.5 2 1 0.2306177789208305 -0.2695830954111901 
0.5 4.5 2 1 0.2007331191051569 -0.2520739616300193 
0.5 4.5 4.5 1 0.2089322085707375 -0.1228069455852253 
0.5 2.5 4.5 1 0.2393035152679214 -0.1255371275573773 
