0.256890326565573 -0.2394671272727603 0.2997135968763027 0.1371276825712474 
-0.3499610822169215 -0.3045674696546639 -0.333213724061565 0.1967631349370029 
-0.3958953353291595 -0.1142897004714682 -0.3879911505121011 0.1831423461640876 
0.0115904259059699 -0.1018706448224759 0.03139884302560036 0.146735387120825 
0.256890326565573 -0.2394671272727603 -0.3499610822169215 -0.3045674696546639 
-0.3499610822169215 -0.3045674696546639 -0.3958953353291595 -0.1142897004714682 
-0.3958953353291595 -0.1142897004714682 0.0115904259059699 -0.1018706448224759 
0.0115904259059699 -0.1018706448224759 0.256890326565573 -0.2394671272727603 
0.2997135968763027 0.1371276825712474 0.1528651910066821 0.3141990342084409 
0.1528651910066821 0.3141990342084409 0.03139884302560036 0.146735387120825 
-0.333213724061565 0.1967631349370029 -0.3616138948303031 0.4048114126708324 
-0.3616138948303031 0.4048114126708324 -0.3879911505121011 0.1831423461640876 
0.1528651910066821 0.3141990342084409 -0.3616138948303031 0.4048114126708324 
0.2997135968763027 0.1371276825712474 -0.333213724061565 0.1967631349370029 
0.03139884302560036 0.146735387120825 -0.3879911505121011 0.1831423461640876 
0.08649116345663631 -0.1438848404751889 0.0463026785908906 -0.1213418466229139 
0.0463026785908906 -0.1213418466229139 0.06348581479757902 0.08220238838029292 
0.06348581479757902 0.08220238838029292 0.1062251207652634 0.07552837284002314 
0.1062251207652634 0.07552837284002314 0.08649116345663631 -0.1438848404751889 
0.2027696234570436 -0.07386317228763668 0.1448612913799 -0.05314093892363275 
0.1448612913799 -0.05314093892363275 0.1565136487248927 0.06767549807987545 
0.1565136487248927 0.06767549807987545 0.2165453367808861 0.05830116665537215 
0.2165453367808861 0.05830116665537215 0.2027696234570436 -0.07386317228763668 
