-0.2357640238172358 -0.01759602385656295 -0.2613642130842124 0.2506151476872375 
0.1577065451472327 0.01045501179129301 0.150209282643769 0.2698189219164722 
0.3191270983096234 -0.08292726889548728 0.3183559794365166 0.3405631231394412 
-0.3210534182711312 -0.1350341460929834 -0.3712127480655305 0.3125654989840334 
-0.2357640238172358 -0.01759602385656295 0.1577065451472327 0.01045501179129301 
0.1577065451472327 0.01045501179129301 0.3191270983096234 -0.08292726889548728 
0.3191270983096234 -0.08292726889548728 -0.3210534182711312 -0.1350341460929834 
-0.3210534182711312 -0.1350341460929834 -0.2357640238172358 -0.01759602385656295 
-0.2613642130842124 0.2506151476872375 -0.3220274577235817 0.4704929594753633 
-0.3220274577235817 0.4704929594753633 -0.3712127480655305 0.3125654989840334 
0.150209282643769 0.2698189219164722 0.2099419900266394 0.484566955128446 
0.2099419900266394 0.484566955128446 0.3183559794365166 0.3405631231394412 
-0.3220274577235817 0.4704929594753633 0.2099419900266394 0.484566955128446 
-0.2613642130842124 0.2506151476872375 0.150209282643769 0.2698189219164722 
-0.3712127480655305 0.3125654989840334 0.3183559794365166 0.3405631231394412 
-0.2763483114837168 -0.07347803083259638 -0.2961212621808331 -0.1007041380855668 
-0.2961212621808331 -0.1007041380855668 -0.3281561838645644 0.1983051983100622 
-0.3281561838645644 0.1983051983100622 -0.3040149509816711 0.1944249617519758 
-0.3040149509816711 0.1944249617519758 -0.2763483114837168 -0.07347803083259638 
-0.2575948466971306 0.07581068311128566 -0.2721901182951136 0.06752416721270257 
-0.2721901182951136 0.06752416721270257 -0.2845873198168705 0.1913023455604848 
-0.2845873198168705 0.1913023455604848 -0.2686155720783158 0.1887351958307132 
-0.2686155720783158 0.1887351958307132 -0.2575948466971306 0.07581068311128566 
