0.4008357632470162 -0.6210010136150155 0.355759138637442 -0.08250588974636575 
-0.3107516231929864 -0.54508516507669 -0.2917483470519258 -0.1123839364060696 
-0.06415614691891279 -0.4116707024207314 -0.06435138714606152 -0.1428419163695158 
0.3716897952522821 -0.4355091512406343 0.346831484380496 -0.1293499295977448 
0.4008357632470162 -0.6210010136150155 -0.3107516231929864 -0.54508516507669 
-0.3107516231929864 -0.54508516507669 -0.06415614691891279 -0.4116707024207314 
-0.06415614691891279 -0.4116707024207314 0.3716897952522821 -0.4355091512406343 
0.3716897952522821 -0.4355091512406343 0.4008357632470162 -0.6210010136150155 
0.355759138637442 -0.08250588974636575 0.3346975044416893 0.07601074203131085 
0.3346975044416893 0.07601074203131085 0.346831484380496 -0.1293499295977448 
-0.2917483470519258 -0.1123839364060696 -0.1501166268383917 0.03136322723794841 
-0.1501166268383917 0.03136322723794841 -0.06435138714606152 -0.1428419163695158 
0.3346975044416893 0.07601074203131085 -0.1501166268383917 0.03136322723794841 
0.355759138637442 -0.08250588974636575 -0.2917483470519258 -0.1123839364060696 
0.346831484380496 -0.1293499295977448 -0.06435138714606152 -0.1428419163695158 
0.379647263910421 -0.4861523716493932 0.3752878040374907 -0.4584077336630226 
0.3752878040374907 -0.4584077336630226 0.3539755072078518 -0.1969512523675087 
0.3539755072078518 -0.1969512523675087 0.3559685027388154 -0.1970255602923567 
0.3559685027388154 -0.1970255602923567 0.379647263910421 -0.4861523716493932 
0.3761448495397208 -0.374335341358658 0.3713187723740954 -0.3538946426650614 
0.3713187723740954 -0.3538946426650614 0.3584054656134926 -0.1971164213361149 
0.3584054656134926 -0.1971164213361149 0.3614533402269228 -0.1972300599440307 
0.3614533402269228 -0.1972300599440307 0.3761448495397208 -0.374335341358658 
