0 0 0 1 0.1136505914991161 -0.4185321271688173 
0 0 6.5 1 0.1244372837284828 -0.13289886125831 
10 0 0 1 0.590709749372315 -0.5700933484502297 
10 0 6.5 1 0.5759787813442713 -0.141902698768682 
10 10 0 1 0.1562590719434986 -0.80410295867751 
10 10 6.5 1 0.1775146632618859 -0.08375103072777366 
0 10 0 1 -0.3025885815001302 -0.4880645948432332 
0 10 6.5 1 -0.2632992304705621 -0.09657686264117113 
0 5 10 1 -0.02956038857061382 0.04696366078109514 
10 5 10 1 0.4216043355245527 0.135620752748196 
0 6 0 1 -0.1032457665477308 -0.4547645146587334 
0 8 0 1 -0.1959012255025304 -0.470242545374128 
0 8 5 1 -0.171921192054164 -0.18625722743682 
0 6 5 1 -0.08451992200516088 -0.1893254814709832 
0 2 2.5 1 0.05542831660606716 -0.3096755405758749 
0 4 2.5 1 -0.01461926597162198 -0.3142015525163166 
0 4 5 1 -0.00749504120251256 -0.1920294685082558 
0 2 5 1 0.06089775443048787 -0.1944304229908509 
0.5 0.5 -0.5 1 0.1136200202875537 -0.4501623500335277 
0.5 0.5 6 1 0.124768885350807 -0.1535472060455386 
10.5 0.5 -0.5 1 0.6161218269067466 -0.6263687958327745 
10.5 0.5 6 1 0.5989500446558457 -0.1730815061974012 
10.5 10.5 -0.5 1 0.1601875047239957 -0.9253877354500218 
10.5 10.5 6 1 0.1827754219448371 -0.1312029191303202 
0.5 10.5 -0.5 1 -0.3230023708526168 -0.5356592086661214 
0.5 10.5 6 1 -0.2806443502572624 -0.1232497456888769 
0.5 5.5 9.5 1 -0.03498385123422097 0.03049700342704234 
10.5 5.5 9.5 1 0.4399288790987952 0.114806205206855 
0.5 6.5 -0.5 1 -0.1124426101222813 -0.4944286202625713 
0.5 8.5 -0.5 1 -0.2099757573088589 -0.5135269942035581 
0.5 8.5 4.5 1 -0.184324573836404 -0.2152987250991312 
0.5 6.5 4.5 1 -0.09257281728552134 -0.2165842540565693 
0.5 2.5 2 1 0.0532749953650765 -0.3386113576946514 
0.5 4.5 2 1 -0.01962077177004469 -0.3451313609538658 
0.5 4.5 4.5 1 -0.01212749607603755 -0.2177113691527021 
0.5 2.5 4.5 1 0.05898000814779635 -0.2187076525941008 
