0.2738948412268588 -0.2794199216015732 0.3170404176634867 0.1173660244866354 
-0.3741754302842453 -0.2710976404118738 -0.332309379092677 0.2050545214606426 
-0.3331455069040118 -0.1346621209712514 -0.3083709318120287 0.1441650408440319 
0.07055236092898631 -0.1540171132343585 0.09596237297063299 0.09557673277153056 
0.2738948412268588 -0.2794199216015732 -0.3741754302842453 -0.2710976404118738 
-0.3741754302842453 -0.2710976404118738 -0.3331455069040118 -0.1346621209712514 
-0.3331455069040118 -0.1346621209712514 0.07055236092898631 -0.1540171132343585 
0.07055236092898631 -0.1540171132343585 0.2738948412268588 -0.2794199216015732 
0.3170404176634867 0.1173660244866354 0.1986196406635576 0.2714730912808849 
0.1986196406635576 0.2714730912808849 0.09596237297063299 0.09557673277153056 
-0.332309379092677 0.2050545214606426 -0.3001336410786996 0.3592657380958173 
-0.3001336410786996 0.3592657380958173 -0.3083709318120287 0.1441650408440319 
0.1986196406635576 0.2714730912808849 -0.3001336410786996 0.3592657380958173 
0.3170404176634867 0.1173660244866354 -0.332309379092677 0.2050545214606426 
0.09596237297063299 0.09557673277153056 -0.3083709318120287 0.1441650408440319 
0.1306605040128518 -0.1910862487018379 0.09820101184181622 -0.1710682403129432 
0.09820101184181622 -0.1710682403129432 0.1194660596891047 0.0359014216633576 
0.1194660596891047 0.0359014216633576 0.1540224860171675 0.03387520799619487 
0.1540224860171675 0.03387520799619487 0.1306605040128518 -0.1910862487018379 
0.2305651492907825 -0.1082122046952427 0.1822104660533171 -0.09221362463898779 
0.1822104660533171 -0.09221362463898779 0.1952165984920161 0.03145979406100461 
0.1952165984920161 0.03145979406100461 0.245164063858291 0.02853112788457487 
0.245164063858291 0.02853112788457487 0.2305651492907825 -0.1082122046952427 
