0 0 0 1 -0.6764356430491169 -0.3913042498192967 
0 0 6.5 1 -0.6038567839045405 0.1577794894532543 
10 0 0 1 -0.247322865982837 -0.2524007237512253 
10 0 6.5 1 -0.2143862949015597 0.05036933623914919 
10 10 0 1 0.2335410982257641 -0.3301407609133182 
10 10 6.5 1 0.261673619588888 0.01702928446682175 
0 10 0 1 0.1913806055899354 -0.5939243007667715 
0 10 6.5 1 0.2501432814024559 0.1209916294161625 
0 5 10 1 -0.1955420877595865 0.4585070091911692 
10 5 10 1 0.02412648601044092 0.2040905916113711 
0 6 0 1 -0.2114059464621583 -0.4998806229424148 
0 8 0 1 -0.02138462863809749 -0.5442473067409703 
0 8 5 1 0.02797439799510729 -0.02107454445837205 
0 6 5 1 -0.1593309036184028 -0.005126480054445636 
0 2 2.5 1 -0.5083657234951928 -0.1980233947629813 
0 4 2.5 1 -0.3547770161420952 -0.2222442255044109 
0 4 5 1 -0.328131853400264 0.009246035808025266 
0 2 5 1 -0.481041511721011 0.02226549151950077 
0.5 0.5 -0.5 1 -0.611418503522694 -0.428990096967978 
0.5 0.5 6 1 -0.5426734600924829 0.1070998673254835 
10.5 0.5 -0.5 1 -0.2175793115805 -0.275347255108844 
10.5 0.5 6 1 -0.1856249121188037 0.02343151489542139 
10.5 10.5 -0.5 1 0.2594244002393906 -0.3550389181614861 
10.5 10.5 6 1 0.2865919256438471 -0.01311015800331037 
0.5 10.5 -0.5 1 0.2454971136418725 -0.6355689224216803 
0.5 10.5 6 1 0.300236381249493 0.05744183194410424 
0.5 5.5 9.5 1 -0.1397077390675203 0.3941370152168076 
10.5 5.5 9.5 1 0.05082372632874204 0.1733298251761755 
0.5 6.5 -0.5 1 -0.1505445381424286 -0.5400941549911865 
0.5 8.5 -0.5 1 0.03665640344987767 -0.5852231617024028 
0.5 8.5 4.5 1 0.0828163842902475 -0.07732749369873858 
0.5 6.5 4.5 1 -0.1016643584712696 -0.05901948017819948 
0.5 2.5 2 1 -0.44575269428546 -0.242293531405563 
0.5 4.5 2 1 -0.2935398571770703 -0.2679696206710216 
0.5 4.5 4.5 1 -0.2684375449240423 -0.04246877842615911 
0.5 2.5 4.5 1 -0.419935934222581 -0.02743395951715738 
