0.2697161585585017 -0.2739029689029115 0.3138647591706987 0.1187407891732847 
-0.3719459194442858 -0.277541483141474 -0.3339563322251687 0.2036081885451773 
-0.3453236924588275 -0.1295055377591262 -0.3228471854358747 0.15240341987971 
0.05887598698338012 -0.1441460853990147 0.08396520534663945 0.1048789829654873 
0.2697161585585017 -0.2739029689029115 -0.3719459194442858 -0.277541483141474 
-0.3719459194442858 -0.277541483141474 -0.3453236924588275 -0.1295055377591262 
-0.3453236924588275 -0.1295055377591262 0.05887598698338012 -0.1441460853990147 
0.05887598698338012 -0.1441460853990147 0.2697161585585017 -0.2739029689029115 
0.3138647591706987 0.1187407891732847 0.1905182732032596 0.2783734796877666 
0.1905182732032596 0.2783734796877666 0.08396520534663945 0.1048789829654873 
-0.3339563322251687 0.2036081885451773 -0.3112867011014027 0.368156056294908 
-0.3112867011014027 0.368156056294908 -0.3228471854358747 0.15240341987971 
0.1905182732032596 0.2783734796877666 -0.3112867011014027 0.368156056294908 
0.3138647591706987 0.1187407891732847 -0.3339563322251687 0.2036081885451773 
0.08396520534663945 0.1048789829654873 -0.3228471854358747 0.15240341987971 
0.1215624452102128 -0.1827250686954351 0.08774861938033739 -0.161915103373125 
0.08774861938033739 -0.161915103373125 0.108832354398942 0.04409895560752002 
0.108832354398942 0.04409895560752002 0.1448641063610853 0.04088040328400716 
0.1448641063610853 0.04088040328400716 0.1215624452102128 -0.1827250686954351 
0.2247448392976835 -0.1033473237806364 0.174632602454028 -0.08596140456415238 
0.174632602454028 -0.08596140456415238 0.1877250431599198 0.03705183097737152 
0.1877250431599198 0.03705183097737152 0.2395599453121734 0.03242165521082865 
0.2395599453121734 0.03242165521082865 0.2247448392976835 -0.1033473237806364 
