0 0 0 1 0.2924592547919675 -0.336351527567348 
0 0 6.5 1 0.2552929171983505 0.006219469020156119 
10 0 0 1 0.4638883956160715 -0.5668606587295935 
10 0 6.5 1 0.373911816317527 0.1405886730976411 
10 10 0 1 -0.567061146621518 -0.5856995837917013 
10 10 6.5 1 -0.5642818924396533 0.0436137968774391 
0 10 0 1 -0.2204930381140352 -0.3602482922606075 
0 10 6.5 1 -0.233709865194872 -0.03705679265378836 
0 5 10 1 -0.009017476563860993 0.1512527275603569 
10 5 10 1 -0.141060944742224 0.4030668362565828 
0 6 0 1 -0.0231597957083568 -0.3510551838075557 
0 8 0 1 -0.1230685013577121 -0.3557096026740453 
0 8 5 1 -0.136706808754779 -0.1017415219637489 
0 6 5 1 -0.04033606590355594 -0.09411542431040504 
0 2 2.5 1 0.1718862506763147 -0.2075185089314857 
0 4 2.5 1 0.06870255528569817 -0.2140316029881049 
0 4 5 1 0.05843870599407838 -0.08629908883459556 
0 2 5 1 0.1597085981362127 -0.07828530722442591 
0.5 0.5 -0.5 1 0.2716261502968896 -0.3716351459248105 
0.5 0.5 6 1 0.234456056850106 -0.01852090952067723 
10.5 0.5 -0.5 1 0.428837210656294 -0.657044373808332 
10.5 0.5 6 1 0.3373781466706903 0.09686439391810235 
10.5 10.5 -0.5 1 -0.6507539561825593 -0.6652478591175619 
10.5 10.5 6 1 -0.6408190239824203 0.0004644522623991764 
0.5 10.5 -0.5 1 -0.2530975181877632 -0.3938928969467785 
0.5 10.5 6 1 -0.2652218001385087 -0.06134566379389509 
0.5 5.5 9.5 1 -0.03522693661099351 0.1314229343989524 
10.5 5.5 9.5 1 -0.1983981404796353 0.3765293557735014 
0.5 6.5 -0.5 1 -0.05144618860971236 -0.3853392422203606 
0.5 8.5 -0.5 1 -0.153573949661783 -0.3896713019585702 
0.5 8.5 4.5 1 -0.1665111624959671 -0.128198277898493 
0.5 6.5 4.5 1 -0.06807875989436521 -0.1207134159476743 
0.5 2.5 2 1 0.1485182451302174 -0.2382951747103856 
0.5 4.5 2 1 0.04294781308891465 -0.2445774026787002 
0.5 4.5 4.5 1 0.03287201724762685 -0.1130370552090878 
0.5 2.5 4.5 1 0.1364390695238721 -0.1051617512598545 
