0 0 0 1 0.2645861792558679 -0.2672778091183542 
0 0 6.5 1 0.3092597526453711 0.1198589392602167 
10 0 0 1 -0.3675061177249799 -0.2890072167785667 
10 0 6.5 1 -0.3354069673377868 0.198281895990069 
10 10 0 1 -0.3613404470231873 -0.1251976705075153 
10 10 6.5 1 -0.3425895162629835 0.1610160160280968 
0 10 0 1 0.04366648153698185 -0.1323627055766714 
0 10 6.5 1 0.06777290090536782 0.1161070667654166 
0 5 10 1 0.1791694563403715 0.2865416575950873 
10 5 10 1 -0.3266460777329084 0.3774052631526066 
0 6 0 1 0.1098803299652733 -0.1727993362114079 
0 8 0 1 0.07422011685415919 -0.1510217337889819 
0 8 5 1 0.09461486986338012 0.05387266483631048 
0 6 5 1 0.1326257878227299 0.04913703308542246 
0 2 2.5 1 0.2171872535659004 -0.09772778139030706 
0 4 2.5 1 0.1647519327069262 -0.07864705896001886 
0 4 5 1 0.1777000297186983 0.04352140940335221 
0 2 5 1 0.2320080547273726 0.03675538476184947 
0.5 0.5 -0.5 1 0.2196894687085768 -0.2861600933005696 
0.5 0.5 6 1 0.2621189124938036 0.0925542908288904 
10.5 0.5 -0.5 1 -0.4078889262033689 -0.3119833148803283 
10.5 0.5 6 1 -0.378115578745676 0.1620391828610274 
10.5 10.5 -0.5 1 -0.3854592744265579 -0.1412616507138615 
10.5 10.5 6 1 -0.3675162983140036 0.1403282946294115 
0.5 10.5 -0.5 1 0.01745417223326041 -0.1462910779821377 
0.5 10.5 6 1 0.04074795310067351 0.09868557554086727 
0.5 5.5 9.5 1 0.1440037173539837 0.26228990058608 
10.5 5.5 9.5 1 -0.3588553383207984 0.3467923490598543 
0.5 6.5 -0.5 1 0.07836903802367758 -0.18842072817107 
0.5 8.5 -0.5 1 0.04559487237579807 -0.1657536153725304 
0.5 8.5 4.5 1 0.06525544198160683 0.03605444248393563 
0.5 6.5 4.5 1 0.1002341739820185 0.02989840588302867 
0.5 2.5 2 1 0.1771563032823617 -0.1179654245295365 
0.5 4.5 2 1 0.1292014667761074 -0.09736394419616885 
0.5 4.5 4.5 1 0.1416056664616331 0.0226172836875284 
0.5 2.5 4.5 1 0.1912986967582017 0.0138716232298522 
