0 0 0 1 0.2581523684702998 -0.06043356157157356 
0 0 6.5 1 0.2824074273176217 0.3188288490744052 
10 0 0 1 -0.270653256823247 -0.1909673209161548 
10 0 6.5 1 -0.2971371405850937 0.3966515659510761 
10 10 0 1 -0.4886782399376188 -0.03267335477761562 
10 10 6.5 1 -0.5194871774519493 0.3181121219764889 
0 10 0 1 -0.06511912143184106 0.02055630695606539 
0 10 6.5 1 -0.06562907521209671 0.2847856463610375 
0 5 10 1 0.08050958900933876 0.483133281835994 
10 5 10 1 -0.4575799662665188 0.6178820879214126 
0 6 0 1 0.03786121632174998 -0.005243567997707834 
0 8 0 1 -0.0169014527855683 0.008476235665049165 
0 8 5 1 -0.01524385558971468 0.2220647387556532 
0 6 5 1 0.04215535942971352 0.2228767477827708 
0 2 2.5 1 0.1791588464904493 0.08943174985135588 
0 4 2.5 1 0.1043694135205577 0.09846923067424822 
0 4 5 1 0.1083269982993452 0.2238128575899018 
0 2 5 1 0.1854485103914792 0.2249038718830864 
0.5 0.5 -0.5 1 0.216452270918037 -0.08577041749532864 
0.5 0.5 6 1 0.2372679091967964 0.2876810235490999 
10.5 0.5 -0.5 1 -0.3263895659131721 -0.2275808601603903 
10.5 0.5 6 1 -0.3591955659496792 0.3461131248159294 
10.5 10.5 -0.5 1 -0.5207243204676977 -0.05637131999040752 
10.5 10.5 6 1 -0.553501549779075 0.2894484180741063 
0.5 10.5 -0.5 1 -0.0922871414829245 0.002199302266007672 
0.5 10.5 6 1 -0.09422334448965972 0.2636078862894766 
0.5 5.5 9.5 1 0.04418617465163515 0.4554554347765358 
10.5 5.5 9.5 1 -0.5035274947962196 0.5760724557704636 
0.5 6.5 -0.5 1 0.006254158889211629 -0.02587826162919228 
0.5 8.5 -0.5 1 -0.04612572967612616 -0.0109535583579476 
0.5 8.5 4.5 1 -0.04572621021465261 0.2002279974871112 
0.5 6.5 4.5 1 0.009072027537833051 0.1994956338953879 
0.5 2.5 2 1 0.1404185845952258 0.06411834784419364 
0.5 4.5 2 1 0.069115300890127 0.07495268881853857 
0.5 4.5 4.5 1 0.07217389742681464 0.1986522945112805 
0.5 2.5 4.5 1 0.1456215073949261 0.1976706871157526 
