0 0 0 1 0.2657996225339966 -0.2690310692031621 
0 0 6.5 1 0.3104268342684074 0.1194702029854842 
10 0 0 1 -0.3687958663773966 -0.2860612645573904 
10 0 6.5 1 -0.3351547804350362 0.1997408105577385 
10 10 0 1 -0.3573703459222505 -0.1261194574315655 
10 10 6.5 1 -0.3376194772042284 0.1589949739890535 
0 10 0 1 0.04742196894457368 -0.1352637450550747 
0 10 6.5 1 0.07183186138846859 0.1133208474416616 
0 5 10 1 0.1820495271930214 0.2844728948238586 
10 5 10 1 -0.3227748768203204 0.375208448474199 
0 6 0 1 0.1127405494147879 -0.1752746691722449 
0 8 0 1 0.07754834295611 -0.1537176682086976 
0 8 5 1 0.09816171468812698 0.05143760555032423 
0 6 5 1 0.1356743615207158 0.04706078696128391 
0 2 2.5 1 0.2190360131960325 -0.09919837922983628 
0 4 2.5 1 0.16718243524342 -0.08050736519711661 
0 4 5 1 0.1801936613427478 0.0418664614341699 
0 2 5 1 0.2338848964486097 0.03560199289563637 
0.5 0.5 -0.5 1 0.2208040891355794 -0.2879524315523483 
0.5 0.5 6 1 0.26328089529872 0.0920453320264099 
10.5 0.5 -0.5 1 -0.4087655294461908 -0.309053578959837 
10.5 0.5 6 1 -0.377350047602838 0.1635272239668032 
10.5 10.5 -0.5 1 -0.3813053376863116 -0.1421454691466172 
10.5 10.5 6 1 -0.3623302159460204 0.1383672898652615 
0.5 10.5 -0.5 1 0.02122684071221985 -0.1491891418906225 
0.5 10.5 6 1 0.04485793709975986 0.09588923251924959 
0.5 5.5 9.5 1 0.1469562419354229 0.2601748604714911 
10.5 5.5 9.5 1 -0.3546400643826907 0.3446974626812276 
0.5 6.5 -0.5 1 0.08122480202878309 -0.1909048913112304 
0.5 8.5 -0.5 1 0.0489315324839476 -0.1684518293947314 
0.5 8.5 4.5 1 0.0688410908771503 0.0336008044649884 
0.5 6.5 4.5 1 0.1033147622331098 0.0277905791762151 
0.5 2.5 2 1 0.1789787782086457 -0.119489592220252 
0.5 4.5 2 1 0.1316298204896692 -0.099259953901913 
0.5 4.5 4.5 1 0.1441201068012805 0.02091320767496049 
0.5 2.5 4.5 1 0.1931778939028185 0.01264496167686374 
