0.203424641323926 -0.3904722467084044 0.1890508695384088 -0.08883523591335428 
0.6919064954634242 -0.5172272717773138 0.6237215874286193 -0.01485615383210504 
-0.0196310866163347 -0.6928931071728135 -0.02388269993638642 0.05985754468166194 
-0.2678628129002882 -0.4439329500309714 -0.2527856835600065 -0.06722133861300583 
0.203424641323926 -0.3904722467084044 0.6919064954634242 -0.5172272717773138 
0.6919064954634242 -0.5172272717773138 -0.0196310866163347 -0.6928931071728135 
-0.0196310866163347 -0.6928931071728135 -0.2678628129002882 -0.4439329500309714 
-0.2678628129002882 -0.4439329500309714 0.203424641323926 -0.3904722467084044 
0.1890508695384088 -0.08883523591335428 -0.009901334727221387 0.08448496231405601 
-0.009901334727221387 0.08448496231405601 -0.2527856835600065 -0.06722133861300583 
0.6237215874286193 -0.01485615383210504 0.3368740127608621 0.2888327940455733 
0.3368740127608621 0.2888327940455733 -0.02388269993638642 0.05985754468166194 
-0.009901334727221387 0.08448496231405601 0.3368740127608621 0.2888327940455733 
0.1890508695384088 -0.08883523591335428 0.6237215874286193 -0.01485615383210504 
-0.2527856835600065 -0.06722133861300583 -0.02388269993638642 0.05985754468166194 
-0.05324368888626063 -0.4195875336329262 -0.1553604214574197 -0.431171190900534 
-0.1553604214574197 -0.431171190900534 -0.1499633765092927 -0.1508300142111113 
-0.1499633765092927 -0.1508300142111113 -0.05316008062646237 -0.1521187828554 
-0.05316008062646237 -0.1521187828554 -0.05324368888626063 -0.4195875336329262 
0.1209675646788667 -0.2740062214297571 0.03763188667936489 -0.2780435738334525 
0.03763188667936489 -0.2780435738334525 0.03550792568654298 -0.1532992441738465 
0.03550792568654298 -0.1532992441738465 0.117024814917064 -0.1543845007228324 
0.117024814917064 -0.1543845007228324 0.1209675646788667 -0.2740062214297571 
