0 0 0 1 0.05369021712502715 -0.2618355654774108 
0 0 6.5 1 0.01534227598692712 0.4217677348808773 
10 0 0 1 -0.2445629219736846 -0.08519722901791549 
10 0 6.5 1 -0.2814491454108154 0.2752213070450086 
10 10 0 1 0.1727120809699264 -0.01124102993427069 
10 10 6.5 1 0.1627514360094859 0.2733236609707313 
0 10 0 1 0.6113019595940228 -0.08712960082814086 
0 10 6.5 1 0.6271576473472948 0.3667252948140841 
0 5 10 1 0.3868794492893586 0.7240410042522569 
10 5 10 1 -0.0438728991004835 0.45912703262971 
0 6 0 1 0.4392461894982156 -0.1410365884302399 
0 8 0 1 0.5313653526091803 -0.1121746294214062 
0 8 5 1 0.5395265413405375 0.2554428634818685 
0 6 5 1 0.4421718341678852 0.2545395055361259 
0 2 2.5 1 0.1983908013406449 0.01035572603239584 
0 4 2.5 1 0.3298557406777261 0.03220269604353844 
0 4 5 1 0.3276372286992613 0.2534767346756572 
0 2 5 1 0.1909351221062222 0.2522082707484681 
0.5 0.5 -0.5 1 0.06915811361197563 -0.2784043346627058 
0.5 0.5 6 1 0.0353844539569587 0.3506395207883665 
10.5 0.5 -0.5 1 -0.2243212406292329 -0.1013109113681211 
10.5 0.5 6 1 -0.2585678286628856 0.243384938649272 
10.5 10.5 -0.5 1 0.1758768678503049 -0.02636807602071618 
10.5 10.5 6 1 0.1663770497990091 0.2483171012872038 
0.5 10.5 -0.5 1 0.5951543425936341 -0.1068632504919829 
0.5 10.5 6 1 0.6090814691247532 0.3223546306436182 
0.5 5.5 9.5 1 0.3796368164285815 0.6451361525431947 
10.5 5.5 9.5 1 -0.03201377459952169 0.4234729576799811 
0.5 6.5 -0.5 1 0.4302143870756288 -0.1606544703404736 
0.5 8.5 -0.5 1 0.5182248100236134 -0.1319519767882858 
0.5 8.5 4.5 1 0.5252087605044289 0.2146855252454259 
0.5 6.5 4.5 1 0.4324252520467143 0.2107224162553209 
0.5 2.5 2 1 0.2034484467927912 -0.02339014534315526 
0.5 4.5 2 1 0.3264885977963465 -0.0001741572445255599 
0.5 4.5 4.5 1 0.3242999414018845 0.2061040050980222 
0.5 2.5 4.5 1 0.1966847199353128 0.2006531115084689 
