0 0 0 1 -0.5809445366695762 -0.2814695265139612 
0 0 6.5 1 -0.5383472457218724 0.3239302000023825 
10 0 0 1 -0.2508496623098598 -0.1289346756253973 
10 0 6.5 1 -0.2239097086245207 0.1848922441906889 
10 10 0 1 0.2373170963122793 -0.1871440666095008 
10 10 6.5 1 0.2735310835678355 0.1426222529536657 
0 10 0 1 0.3670564700445297 -0.4149608618352691 
0 10 6.5 1 0.4454555682123543 0.2526946580869519 
0 5 10 1 -0.03889265168976185 0.6487410060179137 
10 5 10 1 0.03559333011183971 0.3416738412722266 
0 6 0 1 -0.03540011395252078 -0.3582895435285151 
0 8 0 1 0.1616285795990404 -0.386033842545639 
0 8 5 1 0.2151653226448411 0.1134974996885146 
0 6 5 1 0.01228580880501087 0.131450690946385 
0 2 2.5 1 -0.3878391257387738 -0.07312265979422837 
0 4 2.5 1 -0.2036496224392825 -0.0942854984161464 
0 4 5 1 -0.1822737330581001 0.1486676321742198 
0 2 5 1 -0.3690148154608294 0.1651927031615485 
0.5 0.5 -0.5 1 -0.5126156608055412 -0.3165995267100065 
0.5 0.5 6 1 -0.469898651742333 0.2620192071975779 
10.5 0.5 -0.5 1 -0.2217528210474606 -0.1510003175285902 
10.5 0.5 6 1 -0.1949830334866191 0.1554751358399146 
10.5 10.5 -0.5 1 0.2565966436239502 -0.2090002892419649 
10.5 10.5 6 1 0.2922594163489782 0.1126564657102534 
0.5 10.5 -0.5 1 0.3990731727766681 -0.4475720698288874 
0.5 10.5 6 1 0.4747839712439488 0.1876422653572939 
0.5 5.5 9.5 1 0.01143816537391119 0.5679272150529355 
10.5 5.5 9.5 1 0.05950012121671323 0.3076262465641744 
0.5 6.5 -0.5 1 0.01301300184615901 -0.3921109513845545 
0.5 8.5 -0.5 1 0.2021947590276394 -0.4192886626135062 
0.5 8.5 4.5 1 0.2542302126141486 0.05660026212311479 
0.5 6.5 4.5 1 0.05967003165848423 0.07488579551557449 
0.5 2.5 2 1 -0.3257039273103073 -0.1181920961386599 
0.5 4.5 2 1 -0.1483199983870051 -0.1393082756256933 
0.5 4.5 4.5 1 -0.1272622322906261 0.09245442717380908 
0.5 2.5 4.5 1 -0.3070065442257282 0.1093475067435848 
