0 0 0 1 0.4026210756053898 -0.5162649443622911 
0 0 6.5 1 0.3427949618254237 0.02950613949125172 
10 0 0 1 -0.2764972169475879 -0.4557723940660193 
10 0 6.5 1 -0.2762405040635344 -0.04655418433207551 
10 10 0 1 -0.004899568717984207 -0.346525219284495 
10 10 6.5 1 -0.01663834627391117 -0.08390009147218384 
0 10 0 1 0.4331664556601807 -0.3590022803335126 
0 10 6.5 1 0.3963888996567542 -0.04620788695336558 
0 5 10 1 0.3543858651705696 0.1750685699497558 
10 5 10 1 -0.12349597236501 0.08946093323294704 
0 6 0 1 0.4248036532142027 -0.4020581070752922 
0 8 0 1 0.4293830016298903 -0.378481365516496 
0 8 5 1 0.3983111369325303 -0.1119277900804508 
0 6 5 1 0.3908456934294369 -0.1076853053814748 
0 2 2.5 1 0.3904942622877083 -0.2761962011485158 
0 4 2.5 1 0.3999136692671158 -0.2622694568636207 
0 4 5 1 0.3817201568588057 -0.1024994179985208 
0 2 5 1 0.3703115255361197 -0.09601608665957252 
0.5 0.5 -0.5 1 0.3662366259245676 -0.5430357167527742 
0.5 0.5 6 1 0.3120313669419073 -0.01810990086625636 
10.5 0.5 -0.5 1 -0.2802062088245291 -0.4779146422261794 
10.5 0.5 6 1 -0.2797170583907949 -0.08052042923556996 
10.5 10.5 -0.5 1 -0.01337208147253212 -0.3632670901314695 
10.5 10.5 6 1 -0.02449597547715164 -0.10554846242543 
0.5 10.5 -0.5 1 0.411353007534395 -0.3786522210041562 
0.5 10.5 6 1 0.3766156535842538 -0.07279028664668832 
0.5 5.5 9.5 1 0.3317539520793334 0.1361245631503518 
10.5 5.5 9.5 1 -0.1300205257344358 0.05974816794339262 
0.5 6.5 -0.5 1 0.3988178500847657 -0.4243246115595317 
0.5 8.5 -0.5 1 0.4056645150361191 -0.399378490466393 
0.5 8.5 4.5 1 0.3764806795294193 -0.1393686259860694 
0.5 6.5 4.5 1 0.3671264593070802 -0.1379177170585384 
0.5 2.5 2 1 0.3601924891867192 -0.3082392131263242 
0.5 4.5 2 1 0.3726259746037496 -0.2912633332113623 
0.5 4.5 4.5 1 0.3557626965175582 -0.1361551131760378 
0.5 2.5 4.5 1 0.3416639071153292 -0.1339682863829055 
