-0.1576089108962418 -0.02414775093646639 -0.1663658982911651 0.2318809585487224 
0.2322278301122648 -0.03069306955522937 0.2441945434816374 0.2337534567910587 
0.3250447046084176 -0.1781778108701722 0.3537117912526405 0.2550521746163231 
-0.3032606512773018 -0.160279667199894 -0.3302633212802229 0.2507950179726751 
-0.1576089108962418 -0.02414775093646639 0.2322278301122648 -0.03069306955522937 
0.2322278301122648 -0.03069306955522937 0.3250447046084176 -0.1781778108701722 
0.3250447046084176 -0.1781778108701722 -0.3032606512773018 -0.160279667199894 
-0.3032606512773018 -0.160279667199894 -0.1576089108962418 -0.02414775093646639 
-0.1663658982911651 0.2318809585487224 -0.2368264974595717 0.4265064914048403 
-0.2368264974595717 0.4265064914048403 -0.3302633212802229 0.2507950179726751 
0.2441945434816374 0.2337534567910587 0.2953178817120244 0.437640747623562 
0.2953178817120244 0.437640747623562 0.3537117912526405 0.2550521746163231 
-0.2368264974595717 0.4265064914048403 0.2953178817120244 0.437640747623562 
-0.1663658982911651 0.2318809585487224 0.2441945434816374 0.2337534567910587 
-0.3302633212802229 0.2507950179726751 0.3537117912526405 0.2550521746163231 
-0.2280918442167206 -0.09002390697608113 -0.2616510038583571 -0.1213896338685579 
-0.2616510038583571 -0.1213896338685579 -0.277314444086089 0.155782002022413 
-0.277314444086089 0.155782002022413 -0.2404256172922516 0.16057014329415 
-0.2404256172922516 0.16057014329415 -0.2280918442167206 -0.09002390697608113 
-0.1812421363263509 0.06037353969117644 -0.2052878968222535 0.0475186785960056 
-0.2052878968222535 0.0475186785960056 -0.2103499304699115 0.1644739442514074 
-0.2103499304699115 0.1644739442514074 -0.185359436509187 0.1677176910965749 
-0.185359436509187 0.1677176910965749 -0.1812421363263509 0.06037353969117644 
