0 0 0 1 0.2562561619443749 -0.04207833729126339 
0 0 6.5 1 0.2586712150448809 0.3313745006898512 
10 0 0 1 -0.1764842869331008 -0.2222786783306715 
10 0 6.5 1 -0.2254349375985233 0.4162086657976611 
10 10 0 1 -0.5467514226560453 -0.08693537543081768 
10 10 6.5 1 -0.6030637794702954 0.3034985822732443 
0 10 0 1 -0.1173705214479903 0.00522850744847917 
0 10 6.5 1 -0.1344037512445031 0.2775906071123459 
0 5 10 1 0.02433457296824546 0.4854857402133476 
10 5 10 1 -0.4976186258029099 0.6452578091504559 
0 6 0 1 0.00563456930214646 -0.010345815770304 
0 8 0 1 -0.0592935844480966 -0.002124919819263782 
0 8 5 1 -0.07064811735808883 0.2166868630689975 
0 6 5 1 -0.003631607108681408 0.2215734651116271 
0 2 2.5 1 0.1601097729957366 0.09851158280194303 
0 4 2.5 1 0.07550938965497374 0.1009940472175461 
0 4 5 1 0.07217048575583587 0.2271006801284764 
0 2 5 1 0.1586069765850893 0.2334033170618536 
0.5 0.5 -0.5 1 0.2179640047172242 -0.07099796467922057 
0.5 0.5 6 1 0.2177175120299099 0.2994167370879578 
10.5 0.5 -0.5 1 -0.2390023527548327 -0.2701325108993454 
10.5 0.5 6 1 -0.295365541660326 0.3593800818301477 
10.5 10.5 -0.5 1 -0.5847925788480564 -0.1171915458664229 
10.5 10.5 6 1 -0.6437209208478921 0.2698926658128031 
0.5 10.5 -0.5 1 -0.1448683992283398 -0.01616682198052083 
0.5 10.5 6 1 -0.1632468667620006 0.2545769522399531 
0.5 5.5 9.5 1 -0.01059952806902446 0.4574173607316103 
10.5 5.5 9.5 1 -0.5515750441973311 0.599681250402754 
0.5 6.5 -0.5 1 -0.02536228707945495 -0.03422655594404362 
0.5 8.5 -0.5 1 -0.08843681190821624 -0.02469474942971321 
0.5 8.5 4.5 1 -0.1009435067662852 0.1927483864785522 
0.5 6.5 4.5 1 -0.03593536755893444 0.1961548131625809 
0.5 2.5 2 1 0.1237582415129364 0.07053056921726694 
0.5 4.5 2 1 0.0416777180011742 0.07479623334460166 
0.5 4.5 4.5 1 0.03757489598268763 0.2000067511865176 
0.5 2.5 4.5 1 0.1213719183830717 0.2043977154046497 
