-0.7187142506949165 -0.5472339593714621 -0.6356055227095451 -0.02277187293966913 
-0.2361111095479833 -0.3822525796484517 -0.2050573025050626 -0.07932267330548287 
0.236912798053888 -0.4781622282416211 0.2532164298821682 -0.1077130797518068 
0.0466899190756566 -0.8219994317612508 0.09601976997528666 -0.05571541273294737 
-0.7187142506949165 -0.5472339593714621 -0.2361111095479833 -0.3822525796484517 
-0.2361111095479833 -0.3822525796484517 0.236912798053888 -0.4781622282416211 
0.236912798053888 -0.4781622282416211 0.0466899190756566 -0.8219994317612508 
0.0466899190756566 -0.8219994317612508 -0.7187142506949165 -0.5472339593714621 
-0.6356055227095451 -0.02277187293966913 -0.296915616834077 0.2622743246649288 
-0.296915616834077 0.2622743246649288 0.09601976997528666 -0.05571541273294737 
-0.2050573025050626 -0.07932267330548287 0.01523129098307245 0.07631539751261314 
0.01523129098307245 0.07631539751261314 0.2532164298821682 -0.1077130797518068 
-0.296915616834077 0.2622743246649288 0.01523129098307245 0.07631539751261314 
-0.6356055227095451 -0.02277187293966913 -0.2050573025050626 -0.07932267330548287 
0.09601976997528666 -0.05571541273294737 0.2532164298821682 -0.1077130797518068 
-0.3301762461385812 -0.6867116792214955 -0.1574583943968654 -0.7487140878812066 
-0.1574583943968654 -0.7487140878812066 -0.1085627589927941 -0.1985690693812788 
-0.1085627589927941 -0.1985690693812788 -0.2744790594529539 -0.1800930842513525 
-0.2744790594529539 -0.1800930842513525 -0.3301762461385812 -0.6867116792214955 
-0.5740812382350143 -0.3629645543003446 -0.4472378165657665 -0.3921015007479276 
-0.4472378165657665 -0.3921015007479276 -0.4180010288775983 -0.1641108705354422 
-0.4180010288775983 -0.1641108705354422 -0.5433759958910012 -0.1501494573422831 
-0.5433759958910012 -0.1501494573422831 -0.5740812382350143 -0.3629645543003446 
