-0.1800677689422399 -0.01608515513522379 -0.1942568772266994 0.2434153308208298 
0.2105527527206262 -0.0113635587678285 0.2166870431672966 0.2516916844011385 
0.3247576344958357 -0.1435920359588212 0.3451593629648212 0.2872059360057194 
-0.3081491058571165 -0.1486615152789472 -0.3428842576104699 0.2726578557671547 
-0.1800677689422399 -0.01608515513522379 0.2105527527206262 -0.0113635587678285 
0.2105527527206262 -0.0113635587678285 0.3247576344958357 -0.1435920359588212 
0.3247576344958357 -0.1435920359588212 -0.3081491058571165 -0.1486615152789472 
-0.3081491058571165 -0.1486615152789472 -0.1800677689422399 -0.01608515513522379 
-0.1942568772266994 0.2434153308208298 -0.2623951696171805 0.4451784254957712 
-0.2623951696171805 0.4451784254957712 -0.3428842576104699 0.2726578557671547 
0.2166870431672966 0.2516916844011385 0.2708692032233874 0.4592845660939647 
0.2708692032233874 0.4592845660939647 0.3451593629648212 0.2872059360057194 
-0.2623951696171805 0.4451784254957712 0.2708692032233874 0.4592845660939647 
-0.1942568772266994 0.2434153308208298 0.2166870431672966 0.2516916844011385 
-0.3428842576104699 0.2726578557671547 0.3451593629648212 0.2872059360057194 
-0.2417518470240606 -0.07993404013198215 -0.2713163351907339 -0.1105360960213166 
-0.2713163351907339 -0.1105360960213166 -0.2923569310527779 0.1726265189474021 
-0.2923569310527779 0.1726265189474021 -0.2590818071162492 0.1754276659066402 
-0.2590818071162492 0.1754276659066402 -0.2417518470240606 -0.07993404013198215 
-0.2033336831349112 0.07062741286316575 -0.2246136765484075 0.05877810539578468 
-0.2246136765484075 0.05877810539578468 -0.2320629857991904 0.1777021484696156 
-0.2320629857991904 0.1777021484696156 -0.2096876456369833 0.179585736226549 
-0.2096876456369833 0.179585736226549 -0.2033336831349112 0.07062741286316575 
