0 0 0 1 -0.04534304841827461 -0.2379946541931242 
0 0 6.5 1 -0.07831120333798283 0.4642435964741246 
10 0 0 1 -0.2481032772266522 -0.04357002023477047 
10 0 6.5 1 -0.2782137478543451 0.3157954374175103 
10 10 0 1 0.1915532282621657 0.01224509551189852 
10 10 6.5 1 0.191512809137665 0.3069838077384125 
0 10 0 1 0.6160220414208473 -0.08959443312274273 
0 10 6.5 1 0.6559824333839598 0.4017221507531507 
0 5 10 1 0.3695610898597444 0.7955385820144637 
10 5 10 1 -0.02612214152204101 0.5023122681822476 
0 6 0 1 0.4040930714005517 -0.1371480559029842 
0 8 0 1 0.5166460423255815 -0.1118928889399598 
0 8 5 1 0.5412150568234285 0.2810444928373192 
0 6 5 1 0.4212867651326764 0.2819051258384929 
0 2 2.5 1 0.1244339281916998 0.03147768638911808 
0 4 2.5 1 0.2790445389633631 0.04905253713747459 
0 4 5 1 0.282837917948687 0.2828986666050722 
0 2 5 1 0.1212193267179649 0.2840584787832947 
0.5 0.5 -0.5 1 -0.01774181641979468 -0.2551436563124073 
0.5 0.5 6 1 -0.0445807132283402 0.3894771492330677 
10.5 0.5 -0.5 1 -0.2253971379878323 -0.06028027349039392 
10.5 0.5 6 1 -0.2527979925938136 0.2834279853010553 
10.5 10.5 -0.5 1 0.1965062238168405 -0.003330727042131657 
10.5 10.5 6 1 0.1967328686152979 0.2808059863056967 
0.5 10.5 -0.5 1 0.6025302308066991 -0.1094774330350282 
0.5 10.5 6 1 0.6390889151157249 0.3530254235103913 
0.5 5.5 9.5 1 0.368151060223801 0.7076488123798976 
10.5 5.5 9.5 1 -0.0119955067498621 0.4652101172862665 
0.5 6.5 -0.5 1 0.4009634623863138 -0.1568138719819572 
0.5 8.5 -0.5 1 0.5076778772445978 -0.1317527945866938 
0.5 8.5 4.5 1 0.5301979765678502 0.2372390618693312 
0.5 6.5 4.5 1 0.416866591279689 0.2350991790619928 
0.5 2.5 2 1 0.1396455762352893 -0.003366818588137435 
0.5 4.5 2 1 0.2834568220639844 0.01551565010636554 
0.5 4.5 4.5 1 0.2871815958722005 0.2326505132194582 
0.5 2.5 4.5 1 0.1373280272212797 0.2298210315682892 
