0.3776418815370201 -0.5073237612857963 0.3083340925163413 0.07687276122926813 
-0.2403087497241268 -0.410051833353704 -0.2644957389413251 -0.02170628139513891 
0.07084342631492228 -0.2863626484377274 0.04681156981863132 -0.02588013193085615 
0.517105743088738 -0.3053199198141454 0.4720882501470169 0.0306940338372638 
0.3776418815370201 -0.5073237612857963 -0.2403087497241268 -0.410051833353704 
-0.2403087497241268 -0.410051833353704 0.07084342631492228 -0.2863626484377274 
0.07084342631492228 -0.2863626484377274 0.517105743088738 -0.3053199198141454 
0.517105743088738 -0.3053199198141454 0.3776418815370201 -0.5073237612857963 
0.3083340925163413 0.07687276122926813 0.3838654687276578 0.2637225587020164 
0.3838654687276578 0.2637225587020164 0.4720882501470169 0.0306940338372638 
-0.2644957389413251 -0.02170628139513891 -0.09189506748913545 0.1362869236472911 
-0.09189506748913545 0.1362869236472911 0.04681156981863132 -0.02588013193085615 
0.3838654687276578 0.2637225587020164 -0.09189506748913545 0.1362869236472911 
0.3083340925163413 0.07687276122926813 -0.2644957389413251 -0.02170628139513891 
0.4720882501470169 0.0306940338372638 0.04681156981863132 -0.02588013193085615 
0.4785759220338666 -0.3611277239126506 0.4996415244283756 -0.330615643153814 
0.4996415244283756 -0.330615643153814 0.4620508263078779 -0.04588659438085177 
0.4620508263078779 -0.04588659438085177 0.4378407642689183 -0.04700712281236769 
0.4378407642689183 -0.04700712281236769 0.4785759220338666 -0.3611277239126506 
0.3951800363307859 -0.2443145196050815 0.4300883973956297 -0.220615145776752 
0.4300883973956297 -0.220615145776752 0.4082456779231824 -0.04837688946683552 
0.4082456779231824 -0.04837688946683552 0.3712440671273839 -0.05008945661523256 
0.3712440671273839 -0.05008945661523256 0.3951800363307859 -0.2443145196050815 
