-0.5934796832559478 -0.478520267405309 -0.5562816965768635 -0.06921580762654057 
-0.1149289606425654 -0.3848441644231204 -0.1138141335473504 -0.1029640053187829 
0.2878862674658827 -0.4503081759830526 0.2606643725438768 -0.05972543000030094 
-0.2128475895960587 -0.6623540719625883 -0.1984190998551191 0.0251611409290171 
-0.5934796832559478 -0.478520267405309 -0.1149289606425654 -0.3848441644231204 
-0.1149289606425654 -0.3848441644231204 0.2878862674658827 -0.4503081759830526 
0.2878862674658827 -0.4503081759830526 -0.2128475895960587 -0.6623540719625883 
-0.2128475895960587 -0.6623540719625883 -0.5934796832559478 -0.478520267405309 
-0.5562816965768635 -0.06921580762654057 -0.4045454765536877 0.2056847537273346 
-0.4045454765536877 0.2056847537273346 -0.1984190998551191 0.0251611409290171 
-0.1138141335473504 -0.1029640053187829 0.03992633478001021 0.0757705574610902 
0.03992633478001021 0.0757705574610902 0.2606643725438768 -0.05972543000030094 
-0.4045454765536877 0.2056847537273346 0.03992633478001021 0.0757705574610902 
-0.5562816965768635 -0.06921580762654057 -0.1138141335473504 -0.1029640053187829 
-0.1984190998551191 0.0251611409290171 0.2606643725438768 -0.05972543000030094 
-0.4156938731892101 -0.564385443792852 -0.326904378860042 -0.6072680877399304 
-0.326904378860042 -0.6072680877399304 -0.3071175858085011 -0.1299191968808498 
-0.3071175858085011 -0.1299191968808498 -0.3911739067449819 -0.139150230822742 
-0.3911739067449819 -0.139150230822742 -0.4156938731892101 -0.564385443792852 
-0.5302392189560646 -0.321736119445906 -0.4727138265143361 -0.3315067229516636 
-0.4727138265143361 -0.3315067229516636 -0.4596234627285953 -0.1466673356347605 
-0.4596234627285953 -0.1466673356347605 -0.516443587180491 -0.1529073005958055 
-0.516443587180491 -0.1529073005958055 -0.5302392189560646 -0.321736119445906 
