0 0 0 1 -0.02313549060776182 -0.2354988578943605 
0 0 6.5 1 -0.05731228764523962 0.4653306242715438 
10 0 0 1 -0.2478176996668249 -0.04766556497173795 
10 0 6.5 1 -0.2797433329746973 0.3125804411555974 
10 10 0 1 0.1874001617890681 0.01178102217416653 
10 10 6.5 1 0.1850424179645341 0.3046532416451837 
0 10 0 1 0.6161468630384491 -0.08217249775665172 
0 10 6.5 1 0.6507948443030875 0.4017097514643342 
0 5 10 1 0.3748421538840757 0.7897661956247428 
10 5 10 1 -0.03049644021650344 0.4985736081504035 
0 6 0 1 0.4131469470591293 -0.1308602771828222 
0 8 0 1 0.5211729254177031 -0.1049511777566218 
0 8 5 1 0.5421933350431275 0.2831809634428157 
0 6 5 1 0.427307214047273 0.2840011891725113 
0 2 2.5 1 0.1417030497010416 0.03498293360108053 
0 4 2.5 1 0.2915122828489064 0.05318525569695257 
0 4 5 1 0.294040998698418 0.2849526389889103 
0 2 5 1 0.1376003595165115 0.28606954185163 
0.5 0.5 -0.5 1 0.001805563611892635 -0.2529278884440693 
0.5 0.5 6 1 -0.02659057020892019 0.3904593021959917 
10.5 0.5 -0.5 1 -0.2255979912119049 -0.06437385180110301 
10.5 0.5 6 1 -0.2548023613280844 0.2801200753209355 
10.5 10.5 -0.5 1 0.1919466377058129 -0.003786230890694815 
10.5 10.5 6 1 0.1899023085502679 0.2786024747844854 
0.5 10.5 -0.5 1 0.6019284747327923 -0.1022761292428238 
0.5 10.5 6 1 0.6334833323150997 0.353607523627018 
0.5 5.5 9.5 1 0.3719357631425881 0.7031200875873421 
10.5 5.5 9.5 1 -0.01684065739656776 0.4615803908077231 
0.5 6.5 -0.5 1 0.4085649894287384 -0.1508171009113281 
0.5 8.5 -0.5 1 0.5111328269687997 -0.1250690001864004 
0.5 8.5 4.5 1 0.5302734640991705 0.2396629102930685 
0.5 6.5 4.5 1 0.4215305196879269 0.2374056925745008 
0.5 2.5 2 1 0.1545803357706404 -9.705957354466514e-05 
0.5 4.5 2 1 0.2940610785409064 0.01948672255023091 
0.5 4.5 4.5 1 0.2965250956894115 0.2348109085221264 
0.5 2.5 4.5 1 0.1513142873988746 0.2317967137973508 
