0 0 0 1 0.2925428483299631 -0.3292016863884977 
0 0 6.5 1 0.2550236855351602 0.01338237462901301 
10 0 0 1 0.4523465960888516 -0.5584678918511179 
10 0 6.5 1 0.3630834135074139 0.1491514041622057 
10 10 0 1 -0.5699206491831943 -0.5752590449632825 
10 10 6.5 1 -0.5698896936423528 0.04787358938430776 
0 10 0 1 -0.2186859203498453 -0.3531439089925845 
0 10 6.5 1 -0.2329731437010789 -0.03161509909678243 
0 5 10 1 -0.009762871913347047 0.1574503271109449 
10 5 10 1 -0.1518772426301262 0.4091125627480921 
0 6 0 1 -0.02264603265385571 -0.3439628321087105 
0 8 0 1 -0.1219980113523911 -0.3486157533367149 
0 8 5 1 -0.1363361898185526 -0.09580031566387874 
0 6 5 1 -0.04040092081908271 -0.08792858783862587 
0 2 2.5 1 0.1717143808727188 -0.2006719365485583 
0 4 2.5 1 0.06862542392066211 -0.2073430056474745 
0 4 5 1 0.05812641153718508 -0.07984417475733192 
0 2 5 1 0.1593522978449953 -0.07153833860139767 
0.5 0.5 -0.5 1 0.2714083423520625 -0.3644064381666359 
0.5 0.5 6 1 0.2338705749144299 -0.01146676934887776 
10.5 0.5 -0.5 1 0.4158310712938028 -0.6481181107152445 
10.5 0.5 6 1 0.3252106337585421 0.1051275745352518 
10.5 10.5 -0.5 1 -0.652674125839618 -0.6533903455078035 
10.5 10.5 6 1 -0.6459961767933525 0.004760609276713975 
0.5 10.5 -0.5 1 -0.2511462322449832 -0.3865281104393635 
0.5 10.5 6 1 -0.2644220958067056 -0.05590581260519625 
0.5 5.5 9.5 1 -0.03614157899639248 0.1374790919803105 
10.5 5.5 9.5 1 -0.209870914658783 0.3821185831301971 
0.5 6.5 -0.5 1 -0.05098528783734117 -0.3780545556582194 
0.5 8.5 -0.5 1 -0.152460263607977 -0.3823503675542534 
0.5 8.5 4.5 1 -0.1661499764300714 -0.1222308296107813 
0.5 6.5 4.5 1 -0.06823838158301468 -0.114524576870965 
0.5 2.5 2 1 0.1481095034802719 -0.2314207804525625 
0.5 4.5 2 1 0.04271171295669563 -0.2378296070995239 
0.5 4.5 4.5 1 0.03238531393796828 -0.1066048649051832 
0.5 2.5 4.5 1 0.1358353784035838 -0.09846270008836441 
