0 0 0 1 -0.3305847819906388 -0.3973045356717311 
0 0 6.5 1 -0.3411977989538227 0.2482790421808358 
10 0 0 1 -0.2497867366626549 -0.1137919899922136 
10 0 6.5 1 -0.2499969475886017 0.2175371587547786 
10 10 0 1 0.2239373951366553 -0.1117688929084174 
10 10 6.5 1 0.2504517242020935 0.1931871937101919 
0 10 0 1 0.5377399677024178 -0.3548181887065516 
0 10 6.5 1 0.6215619474136319 0.197447431970499 
0 5 10 1 0.2079548284957948 0.6021424800907336 
10 5 10 1 0.01903767325696052 0.3918235163420762 
0 6 0 1 0.220602776906933 -0.3703354254644146 
0 8 0 1 0.3836366717084296 -0.3623583240123721 
0 8 5 1 0.4357369714647067 0.06425033928958172 
0 6 5 1 0.2604346313781968 0.06900864147859008 
0 2 2.5 1 -0.1307296812990926 -0.1643091982151339 
0 4 2.5 1 0.0602472877276499 -0.1619067458317388 
0 4 5 1 0.07374859499770774 0.0740759359318655 
0 2 5 1 -0.1254671918491619 0.07948333046048772 
0.5 0.5 -0.5 1 -0.2752364662339122 -0.4106274784686974 
0.5 0.5 6 1 -0.2786328162770074 0.1903439504526458 
10.5 0.5 -0.5 1 -0.2229404408161932 -0.1298576493196393 
10.5 0.5 6 1 -0.2215537716550492 0.1893954595748482 
10.5 10.5 -0.5 1 0.2348983470742023 -0.1267139010477846 
10.5 10.5 6 1 0.2611902175847873 0.1679797503922153 
0.5 10.5 -0.5 1 0.5408235004556893 -0.3686170118312682 
0.5 10.5 6 1 0.6201660918119642 0.1506973635813383 
0.5 5.5 9.5 1 0.2333940150830027 0.5222157350169695 
10.5 5.5 9.5 1 0.03825375363489699 0.3581698470115809 
0.5 6.5 -0.5 1 0.2412211233434456 -0.3840404319007835 
0.5 8.5 -0.5 1 0.3950158857708803 -0.3761231341534396 
0.5 8.5 4.5 1 0.4450098565020578 0.02490261322439776 
0.5 6.5 4.5 1 0.2803515268646409 0.02821524850498309 
0.5 2.5 2 1 -0.08683824147823491 -0.1918252678379164 
0.5 4.5 2 1 0.0916746122758212 -0.1887578060772746 
0.5 4.5 4.5 1 0.1056524737253404 0.03172988543946696 
0.5 2.5 4.5 1 -0.08003459756425378 0.03546558192598528 
