0 0 0 1 -0.1578924847170443 -0.300825957668505 
0 0 6.5 1 -0.1840073096096018 0.3849241889039857 
10 0 0 1 -0.2475207186088201 -0.05921423322099423 
10 0 6.5 1 -0.2665894240967506 0.2902121117780653 
10 10 0 1 0.2094221037848238 -0.02113178778686367 
10 10 6.5 1 0.2210676775745258 0.2789434594957106 
0 10 0 1 0.6007397245336832 -0.1783421119880359 
0 10 6.5 1 0.6641275566142673 0.3398359341042524 
0 5 10 1 0.3252038341136379 0.7425756971471807 
10 5 10 1 -0.004099217022483654 0.4762638344577302 
0 6 0 1 0.3451584332610927 -0.2196066128322135 
0 8 0 1 0.4793332874373379 -0.1979436094259198 
0 8 5 1 0.5190199026066327 0.210293548724193 
0 6 5 1 0.3749000153843511 0.2100800432364065 
0 2 2.5 1 0.03003003434215612 -0.04224748802720723 
0 4 2.5 1 0.2042671911694291 -0.02736830163964317 
0 4 5 1 0.2132356142434433 0.2098405465403672 
0 2 5 1 0.03061537271986845 0.2095700049482407 
0.5 0.5 -0.5 1 -0.1178844427088267 -0.314474988194431 
0.5 0.5 6 1 -0.1365413735807523 0.3171267342747476 
10.5 0.5 -0.5 1 -0.2228498096755537 -0.07521954906404191 
10.5 0.5 6 1 -0.2394860895766032 0.259673536530704 
10.5 10.5 -0.5 1 0.2165489479905793 -0.03616016800668959 
10.5 10.5 6 1 0.2282316537536606 0.2531435828278483 
0.5 10.5 -0.5 1 0.5923146766744963 -0.1952754193985675 
0.5 10.5 6 1 0.651206682968048 0.2914825532632143 
0.5 5.5 9.5 1 0.333118527419888 0.6555142121624619 
10.5 5.5 9.5 1 0.01216126786936789 0.4402435925014701 
0.5 6.5 -0.5 1 0.3504914437000791 -0.2358629452186524 
0.5 8.5 -0.5 1 0.4771149863274903 -0.2146104946471874 
0.5 8.5 4.5 1 0.5142876516835425 0.1682656571718295 
0.5 6.5 4.5 1 0.3788453739861601 0.1658034672421055 
0.5 2.5 2 1 0.05710760387736806 -0.07287336933310487 
0.5 4.5 2 1 0.2189510169255213 -0.05725995354090378 
0.5 4.5 4.5 1 0.2279949885625506 0.1630611750553566 
0.5 2.5 4.5 1 0.05894864800991528 0.1599881006472654 
