0.2567202253248488 -0.1357062499965384 0.2903799405347345 0.2384977298734423 
-0.3059865363019323 -0.249827691877023 -0.3155084660847424 0.2941937303128465 
-0.4500418855307828 -0.06584892102167408 -0.4643440697328725 0.2595726532221102 
-0.03437218020364403 -0.02614913968544715 -0.02570577939776418 0.2298383889706567 
0.2567202253248488 -0.1357062499965384 -0.3059865363019323 -0.249827691877023 
-0.3059865363019323 -0.249827691877023 -0.4500418855307828 -0.06584892102167408 
-0.4500418855307828 -0.06584892102167408 -0.03437218020364403 -0.02614913968544715 
-0.03437218020364403 -0.02614913968544715 0.2567202253248488 -0.1357062499965384 
0.2903799405347345 0.2384977298734423 0.1111869505236295 0.4118549279827503 
0.1111869505236295 0.4118549279827503 -0.02570577939776418 0.2298383889706567 
-0.3155084660847424 0.2941937303128465 -0.4182961434826932 0.5187932754145377 
-0.4182961434826932 0.5187932754145377 -0.4643440697328725 0.2595726532221102 
0.1111869505236295 0.4118549279827503 -0.4182961434826932 0.5187932754145377 
0.2903799405347345 0.2384977298734423 -0.3155084660847424 0.2941937303128465 
-0.02570577939776418 0.2298383889706567 -0.4643440697328725 0.2595726532221102 
0.05689837100207481 -0.06050021740746724 0.00819621762206523 -0.04217041185807742 
0.00819621762206523 -0.04217041185807742 0.01690372098512257 0.1655738274708637 
0.01690372098512257 0.1655738274708637 0.06829290453896104 0.1620707341307859 
0.06829290453896104 0.1620707341307859 0.05689837100207481 -0.06050021740746724 
0.1883674418038964 0.02028327147716107 0.1204284651268281 0.03551629443876657 
0.1204284651268281 0.03551629443876657 0.1280219641213101 0.1579991288558583 
0.1280219641213101 0.1579991288558583 0.1983003865010535 0.1532083955465476 
0.1983003865010535 0.1532083955465476 0.1883674418038964 0.02028327147716107 
