0 0 0 1 0.03190225130335652 -0.2488181533357455 
0 0 6.5 1 -0.00523804171919256 0.4413362158228958 
10 0 0 1 -0.2458817803870598 -0.07084759529890414 
10 0 6.5 1 -0.2815809684791975 0.2899047627471503 
10 10 0 1 0.1768539510189263 -0.001377355455560238 
10 10 6.5 1 0.1689620214008498 0.2857732832735609 
0 10 0 1 0.6133253109225899 -0.08101918502420394 
0 10 6.5 1 0.6344956176623548 0.3818420095988518 
0 5 10 1 0.3842289890755924 0.7493598214674778 
10 5 10 1 -0.04044033869998252 0.4743616761870224 
0 6 0 1 0.4325330218523954 -0.1331959246336164 
0 8 0 1 0.5291740381837375 -0.1053052818930311 
0 8 5 1 0.541019055994344 0.268597028819362 
0 6 5 1 0.4387147097638691 0.2684439106460384 
0 2 2.5 1 0.1827391099871592 0.02304604947901525 
0 4 2.5 1 0.3196242337926415 0.04359356949096602 
0 4 5 1 0.3187922160923737 0.2682644235191666 
0 2 5 1 0.1762716581735755 0.2680511140333661 
0.5 0.5 -0.5 1 0.05008052322159529 -0.265919371117899 
0.5 0.5 6 1 0.01784260407116357 0.3685468471911932 
10.5 0.5 -0.5 1 -0.2250328903685584 -0.08722331411307203 
10.5 0.5 6 1 -0.258050713871388 0.2577464108671139 
10.5 10.5 -0.5 1 0.1804088777335138 -0.01669104356002453 
10.5 10.5 6 1 0.1729387302424376 0.260382893203018 
0.5 10.5 -0.5 1 0.5976453521216416 -0.1010225926559582 
0.5 10.5 6 1 0.6165503959977213 0.3361887746103004 
0.5 5.5 9.5 1 0.3780959165550687 0.667805554448332 
10.5 5.5 9.5 1 -0.02804448112237479 0.4381871602012191 
0.5 6.5 -0.5 1 0.424677883390076 -0.1531109972926228 
0.5 8.5 -0.5 1 0.5168266760173496 -0.1253607871961877 
0.5 8.5 4.5 1 0.527282638080431 0.226811739462101 
0.5 6.5 4.5 1 0.4299898404449163 0.2235503805905905 
0.5 2.5 2 1 0.1899633768260591 -0.01140047302090247 
0.5 4.5 2 1 0.3178508249618661 0.01056464697128121 
0.5 4.5 4.5 1 0.3170102570930051 0.2197631838461337 
0.5 2.5 4.5 1 0.1842173891386834 0.2153118245625966 
