0 0 0 1 -0.01207063542153319 -0.2359025902716745 
0 0 6.5 1 -0.0468426102354884 0.4635710000341973 
10 0 0 1 -0.2475787678239355 -0.05081258646292874 
10 0 6.5 1 -0.2803488969699788 0.3097194177501021 
10 10 0 1 0.1852949504462727 0.01051799894075827 
10 10 6.5 1 0.1817964127620315 0.3023571523311175 
0 10 0 1 0.6159078604880297 -0.0799640919812865 
0 10 6.5 1 0.6478672148476753 0.399961672574039 
0 5 10 1 0.3771163207329196 0.7845814584094033 
10 5 10 1 -0.03261547727561749 0.4954157566628123 
0 6 0 1 0.4173723168474313 -0.1292640835164095 
0 8 0 1 0.523123386298313 -0.1030041668629133 
0 8 5 1 0.5423328347235565 0.2825123005963409 
0 6 5 1 0.4299729895946455 0.2832419040396497 
0 2 2.5 1 0.1501462746289254 0.03496582722161916 
0 4 2.5 1 0.2974653898345611 0.0535401953423156 
0 4 5 1 0.2993411463799671 0.2840901558551079 
0 2 5 1 0.1455857238794558 0.2850885595602311 
0.5 0.5 -0.5 1 0.01152695407081877 -0.2533857996841689 
0.5 0.5 6 1 -0.01764179038639869 0.3888525234335899 
10.5 0.5 -0.5 1 -0.2256156047564685 -0.06749252022766178 
10.5 0.5 6 1 -0.25566464718069 0.2772582658505356 
10.5 10.5 -0.5 1 0.1896406361337423 -0.005024952354320296 
10.5 10.5 6 1 0.1864781908464259 0.27640017265949 
0.5 10.5 -0.5 1 0.6013587605061324 -0.1001207203366327 
0.5 10.5 6 1 0.6303858168499604 0.3522451035660036 
0.5 5.5 9.5 1 0.3735077619783923 0.6987404306526371 
10.5 5.5 9.5 1 -0.01920210187709127 0.4585250918816501 
0.5 6.5 -0.5 1 0.4120955244156818 -0.1492999008767306 
0.5 8.5 -0.5 1 0.5125808182211189 -0.1231892599104066 
0.5 8.5 4.5 1 0.5300019973567501 0.2392294049878112 
0.5 6.5 4.5 1 0.4235575368354862 0.2368568261693222 
0.5 2.5 2 1 0.161869735384183 -0.0001265680184137925 
0.5 4.5 2 1 0.2991108738357316 0.01985437519004378 
0.5 4.5 4.5 1 0.3009280654174266 0.2341234938288302 
0.5 2.5 4.5 1 0.1581184223932293 0.2309403583941074 
