0 0 0 1 0.386643012134232 -0.4917954001232409 
0 0 6.5 1 0.3179073321762121 0.08159714037669842 
10 0 0 1 -0.2476419521898256 -0.4123154876168491 
10 0 6.5 1 -0.2667931877960919 -0.01984909628448502 
10 10 0 1 0.05447817716701391 -0.295698114824877 
10 10 6.5 1 0.03253419735515375 -0.03535121514593674 
0 10 0 1 0.4984304166680095 -0.3091690185298313 
0 10 6.5 1 0.453898826430008 0.02004908249837185 
0 5 10 1 0.3765427658210845 0.2518723584954584 
10 5 10 1 -0.09896503625042836 0.1303052127646505 
0 6 0 1 0.4676511207620739 -0.3594529611863174 
0 8 0 1 0.4844890682409098 -0.331944912007212 
0 8 5 1 0.4472313511477146 -0.05246362536290815 
0 6 5 1 0.4272540085047657 -0.0509915837586559 
0 2 2.5 1 0.3959545726350487 -0.2371330852826554 
0 4 2.5 1 0.424426769881114 -0.2178218002799066 
0 4 5 1 0.4028265286223761 -0.0491916313167026 
0 2 5 1 0.3722755719534033 -0.04694046708178826 
0.5 0.5 -0.5 1 0.3568792700189823 -0.5157048563421766 
0.5 0.5 6 1 0.2934132986173054 0.03044425661235507 
10.5 0.5 -0.5 1 -0.2448378327719278 -0.4316847704818425 
10.5 0.5 6 1 -0.2634371403116747 -0.0521702855679352 
10.5 10.5 -0.5 1 0.04892251243688592 -0.3115544824799394 
10.5 10.5 6 1 0.02766557172900875 -0.05696282107475702 
0.5 10.5 -0.5 1 0.4775900320933824 -0.3287990063170448 
0.5 10.5 6 1 0.4351594726422451 -0.008727753351899931 
0.5 5.5 9.5 1 0.3564959875449734 0.2082569784670911 
10.5 5.5 9.5 1 -0.1009829923420887 0.1004287549893538 
0.5 6.5 -0.5 1 0.4437918436672204 -0.3811313669826818 
0.5 8.5 -0.5 1 0.4622272987111303 -0.352586319827248 
0.5 8.5 4.5 1 0.4268860637881691 -0.08165807137535168 
0.5 6.5 4.5 1 0.4056639645597434 -0.08305938086508272 
0.5 2.5 2 1 0.3700473656988607 -0.2692345807186491 
0.5 4.5 2 1 0.4001843256178794 -0.2472106268037851 
0.5 4.5 4.5 1 0.3799032151031282 -0.08476038048286723 
0.5 2.5 4.5 1 0.3479734989984492 -0.08686872111874425 
