0 0 0 1 -0.05920644786322934 -0.03806843626461917 
0 0 6.5 1 -0.04355450102974212 0.2135193617543698 
10 0 0 1 0.339904787087093 -0.09242106245651481 
10 0 6.5 1 0.3744974495324024 0.1939330584229479 
10 10 0 1 0.3255102955107074 -0.236263925047859 
10 10 6.5 1 0.3843903666248791 0.2493561080525193 
0 10 0 1 -0.2910091076444212 -0.1242937144374837 
0 10 6.5 1 -0.2795625660311218 0.269109212340588 
0 5 10 1 -0.1261853408680323 0.4118924982452806 
10 5 10 1 0.4035480196298653 0.4244384176183081 
0 6 0 1 -0.1731457646564777 -0.08045125143420215 
0 8 0 1 -0.226221491218875 -0.1001942055978408 
0 8 5 1 -0.2158915626480004 0.1685630985040811 
0 6 5 1 -0.1618983998884542 0.1638524393090426 
0 2 2.5 1 -0.08549975922785066 0.05179066445200526 
0 4 2.5 1 -0.1231019436244229 0.04619498832474488 
0 4 5 1 -0.117147274802255 0.1599481060916234 
0 2 5 1 -0.07945231893497379 0.1566593917176653 
0.5 0.5 -0.5 1 -0.05016043644433756 -0.06242039877903809 
0.5 0.5 6 1 -0.0338195959799408 0.1939332457706063 
10.5 0.5 -0.5 1 0.3601903911863259 -0.1216518880198931 
10.5 0.5 6 1 0.3965480352619797 0.1708810768660506 
10.5 10.5 -0.5 1 0.3596245780677227 -0.2924312456059625 
10.5 10.5 6 1 0.4237778058045177 0.2111924751572931 
0.5 10.5 -0.5 1 -0.2847138439030918 -0.1654810197008024 
0.5 10.5 6 1 -0.2724780480425573 0.239693718741418 
0.5 5.5 9.5 1 -0.1162405726074307 0.392798811142466 
10.5 5.5 9.5 1 0.4335477251496277 0.4019797445698886 
0.5 6.5 -0.5 1 -0.1647448845730079 -0.1127677567648524 
0.5 8.5 -0.5 1 -0.2185862046428941 -0.1364251401206056 
0.5 8.5 4.5 1 -0.2076184473936209 0.139433859493348 
0.5 6.5 4.5 1 -0.1528667205532495 0.137392416336073 
0.5 2.5 2 1 -0.0762234024336122 0.02727241804998415 
0.5 4.5 2 1 -0.1139959167961781 0.01941388491474367 
0.5 4.5 4.5 1 -0.1077331085392556 0.1357095889856646 
0.5 2.5 4.5 1 -0.06988785359308891 0.1342985113593748 
