0 0 0 1 -0.2173039549783689 -0.01117006396373229 
0 0 6.5 1 -0.2395019763465994 0.2543692444601661 
10 0 0 1 0.1752562727148871 0.009744682978989746 
10 0 6.5 1 0.1721202782071297 0.2707000335689205 
10 10 0 1 0.321700658932822 -0.09518972993500396 
10 10 6.5 1 0.3280423496310285 0.3318753160459875 
0 10 0 1 -0.3172454129394712 -0.13301350196703 
0 10 6.5 1 -0.3630024534210722 0.3064545405006209 
0 5 10 1 -0.3032101346126015 0.4692091148340949 
10 5 10 1 0.2301955459166693 0.4844771868166984 
0 6 0 1 -0.2650443555679965 -0.06937268235818113 
0 8 0 1 -0.2881824923179476 -0.09758149767986427 
0 8 5 1 -0.3170111822830001 0.1964221521834807 
0 6 5 1 -0.2896668661886666 0.1945775769608487 
0 2 2.5 1 -0.2397887560884647 0.08013750044564194 
0 4 2.5 1 -0.25666508344109 0.07078050379868987 
0 4 5 1 -0.2676035099370018 0.1930892413180948 
0 2 5 1 -0.2494259796318818 0.1918630332135003 
0.5 0.5 -0.5 1 -0.1984101317416501 -0.03363638162982972 
0.5 0.5 6 1 -0.2200326571411359 0.2350244348981894 
10.5 0.5 -0.5 1 0.1995992495436645 -0.01195382308424349 
10.5 0.5 6 1 0.1975855253963195 0.2520220254865359 
10.5 10.5 -0.5 1 0.3650440425719519 -0.1332027635786913 
10.5 10.5 6 1 0.3750676350129068 0.3019928888216257 
0.5 10.5 -0.5 1 -0.2884636051759596 -0.1732840932345905 
0.5 10.5 6 1 -0.3330455113494561 0.2747655886442225 
0.5 5.5 9.5 1 -0.2791068472275143 0.4484096439212537 
10.5 5.5 9.5 1 0.2644118938646923 0.4645616969006495 
0.5 6.5 -0.5 1 -0.241208011104444 -0.100003904020962 
0.5 8.5 -0.5 1 -0.2620945129969104 -0.1323930177494748 
0.5 8.5 4.5 1 -0.2901458196821438 0.1665644018891688 
0.5 6.5 4.5 1 -0.2651618551713732 0.1679393151566854 
0.5 2.5 2 1 -0.2192370360070731 0.05678480043169154 
0.5 4.5 2 1 -0.2344465395039788 0.04500822475180197 
0.5 4.5 4.5 1 -0.2450938669017847 0.1690436932593813 
0.5 2.5 4.5 1 -0.2286208762209927 0.169950232068822 
