-0.05147788857738798 -0.04063867220882886 -0.03424783603319193 0.2110050697077662 
0.3491944117959131 -0.0977051210099717 0.3848383433154046 0.191335530301264 
0.3251718441819224 -0.2371281815492267 0.3853666414734727 0.2547622497093941 
-0.2900659580655635 -0.1204047122149784 -0.2756317472104442 0.2721708319197695 
-0.05147788857738798 -0.04063867220882886 0.3491944117959131 -0.0977051210099717 
0.3491944117959131 -0.0977051210099717 0.3251718441819224 -0.2371281815492267 
0.3251718441819224 -0.2371281815492267 -0.2900659580655635 -0.1204047122149784 
-0.2900659580655635 -0.1204047122149784 -0.05147788857738798 -0.04063867220882886 
-0.03424783603319193 0.2110050697077662 -0.1180478256950043 0.4106468928889183 
-0.1180478256950043 0.4106468928889183 -0.2756317472104442 0.2721708319197695 
0.3848383433154046 0.191335530301264 0.4110355049083447 0.4259937267106574 
0.4110355049083447 0.4259937267106574 0.3853666414734727 0.2547622497093941 
-0.1180478256950043 0.4106468928889183 0.4110355049083447 0.4259937267106574 
-0.03424783603319193 0.2110050697077662 0.3848383433154046 0.191335530301264 
-0.2756317472104442 0.2721708319197695 0.3853666414734727 0.2547622497093941 
-0.1689038122683821 -0.07989713532891843 -0.2235037213041627 -0.09815126906587816 
-0.2235037213041627 -0.09815126906587816 -0.2112340742313166 0.1704410393759702 
-0.2112340742313166 0.1704410393759702 -0.1559694368525451 0.1643656687030556 
-0.1559694368525451 0.1643656687030556 -0.1689038122683821 -0.07989713532891843 
-0.0781199248045915 0.05024809884908481 -0.1167987334685181 0.04566725105578361 
-0.1167987334685181 0.04566725105578361 -0.1100933522223505 0.1593224035633573 
-0.1100933522223505 0.1593224035633573 -0.07140068726220906 0.155068828526854 
-0.07140068726220906 0.155068828526854 -0.0781199248045915 0.05024809884908481 
