0.2645861792558679 -0.2672778091183542 0.3092597526453711 0.1198589392602167 
-0.3675061177249799 -0.2890072167785667 -0.3354069673377868 0.198281895990069 
-0.3613404470231873 -0.1251976705075153 -0.3425895162629835 0.1610160160280968 
0.04366648153698185 -0.1323627055766714 0.06777290090536782 0.1161070667654166 
0.2645861792558679 -0.2672778091183542 -0.3675061177249799 -0.2890072167785667 
-0.3675061177249799 -0.2890072167785667 -0.3613404470231873 -0.1251976705075153 
-0.3613404470231873 -0.1251976705075153 0.04366648153698185 -0.1323627055766714 
0.04366648153698185 -0.1323627055766714 0.2645861792558679 -0.2672778091183542 
0.3092597526453711 0.1198589392602167 0.1791694563403715 0.2865416575950873 
0.1791694563403715 0.2865416575950873 0.06777290090536782 0.1161070667654166 
-0.3354069673377868 0.198281895990069 -0.3266460777329084 0.3774052631526066 
-0.3266460777329084 0.3774052631526066 -0.3425895162629835 0.1610160160280968 
0.1791694563403715 0.2865416575950873 -0.3266460777329084 0.3774052631526066 
0.3092597526453711 0.1198589392602167 -0.3354069673377868 0.198281895990069 
0.06777290090536782 0.1161070667654166 -0.3425895162629835 0.1610160160280968 
0.1098803299652733 -0.1727993362114079 0.07422011685415919 -0.1510217337889819 
0.07422011685415919 -0.1510217337889819 0.09461486986338012 0.05387266483631048 
0.09461486986338012 0.05387266483631048 0.1326257878227299 0.04913703308542246 
0.1326257878227299 0.04913703308542246 0.1098803299652733 -0.1727993362114079 
0.2171872535659004 -0.09772778139030706 0.1647519327069262 -0.07864705896001886 
0.1647519327069262 -0.07864705896001886 0.1777000297186983 0.04352140940335221 
0.1777000297186983 0.04352140940335221 0.2320080547273726 0.03675538476184947 
0.2320080547273726 0.03675538476184947 0.2171872535659004 -0.09772778139030706 
