0 0 0 1 0.2804248078598873 -0.3586841359661086 
0 0 6.5 1 0.2447571599884039 -0.03832007209892069 
10 0 0 1 0.6720798175649584 -0.6095227375405858 
10 0 6.5 1 0.5843848201172624 0.01431820496426323 
10 10 0 1 -0.3271550626020526 -0.7887844482692582 
10 10 6.5 1 -0.3700807844347415 -0.06605875164725741 
0 10 0 1 -0.2235018637256473 -0.4260480137000493 
0 10 6.5 1 -0.2474889646969024 -0.08144913761290333 
0 5 10 1 -0.008696518362779185 0.1122684519515965 
10 5 10 1 0.1047825389790753 0.3085517990485506 
0 6 0 1 -0.0134953052845697 -0.3979747702623894 
0 8 0 1 -0.1170130376771327 -0.4118128071463009 
0 8 5 1 -0.1376140085436507 -0.1490049277384746 
0 6 5 1 -0.03600681745104539 -0.139048502944733 
0 2 2.5 1 0.1719721049573523 -0.2443682342760476 
0 4 2.5 1 0.07489013046252781 -0.2555923972831651 
0 4 5 1 0.0628628851826282 -0.1293603229245355 
0 2 5 1 0.1591042584978918 -0.1199296912423104 
0.5 0.5 -0.5 1 0.2694161729732317 -0.3946206325113205 
0.5 0.5 6 1 0.232978387949185 -0.06368991800783576 
10.5 0.5 -0.5 1 0.6741887923264868 -0.6975035633948785 
10.5 0.5 6 1 0.5812309374601544 -0.03234935099895343 
10.5 10.5 -0.5 1 -0.3967001851190424 -0.9038934085854893 
10.5 10.5 6 1 -0.4382772963209214 -0.1252410531875728 
0.5 10.5 -0.5 1 -0.2519871281578751 -0.4668754778673362 
0.5 10.5 6 1 -0.2759176974531222 -0.1100295061737699 
0.5 5.5 9.5 1 -0.0284404597352918 0.09100433187036423 
10.5 5.5 9.5 1 0.0722463653357035 0.27802929518854 
0.5 6.5 -0.5 1 -0.03441708719959959 -0.4367251323872847 
0.5 8.5 -0.5 1 -0.1416129181348785 -0.4515800789713123 
0.5 8.5 4.5 1 -0.1623252708490315 -0.179519070973899 
0.5 6.5 4.5 1 -0.05717874407243711 -0.1688201780488154 
0.5 2.5 2 1 0.1575806671557868 -0.2768869332885351 
0.5 4.5 2 1 0.05725708607445428 -0.2889190568593255 
0.5 4.5 4.5 1 0.04504719878089018 -0.1584184610327387 
0.5 2.5 4.5 1 0.1444725755093492 -0.1483017078477855 
