0 0 0 1 0.08055031558201399 -0.389637237349145 
0 0 6.5 1 0.09846184392109646 -0.1136427272702846 
10 0 0 1 0.5409716252396415 -0.5359424122062721 
10 0 6.5 1 0.544702566233074 -0.1403554724891188 
10 10 0 1 0.1972348910942381 -0.774914923695851 
10 10 6.5 1 0.2302085741592541 -0.09690024918034999 
0 10 0 1 -0.3086998784488877 -0.4662320061423978 
0 10 6.5 1 -0.2656595186296264 -0.07719473136015878 
0 5 10 1 -0.03971885257599544 0.06531205309479306 
10 5 10 1 0.4326933599990087 0.1215496996418533 
0 6 0 1 -0.1196816233902811 -0.4290379089629147 
0 8 0 1 -0.2069316404004227 -0.446206544926571 
0 8 5 1 -0.1793425905655545 -0.1668420267516572 
0 6 5 1 -0.0967063195344625 -0.1695148355218723 
0 2 2.5 1 0.0304117270704926 -0.2859389952568173 
0 4 2.5 1 -0.03426026318208801 -0.2912149777587137 
0 4 5 1 -0.02475467961249337 -0.171842057839811 
0 2 5 1 0.0384587347923584 -0.1738866487477545 
0.5 0.5 -0.5 1 0.08152678964273445 -0.4204157555026978 
0.5 0.5 6 1 0.09998279017688134 -0.1344635197742634 
10.5 0.5 -0.5 1 0.5646790056613797 -0.5876340958264495 
10.5 0.5 6 1 0.5674238111325831 -0.1713047781247627 
10.5 10.5 -0.5 1 0.2098507105751878 -0.8878848439634878 
10.5 10.5 6 1 0.2443761249727965 -0.1466836320485886 
0.5 10.5 -0.5 1 -0.3259700735404149 -0.5141026794166272 
0.5 10.5 6 1 -0.2801288927955838 -0.1049891343589707 
0.5 5.5 9.5 1 -0.04308792326733706 0.04805266354775205 
10.5 5.5 9.5 1 0.4541892161542986 0.09843207571450874 
0.5 6.5 -0.5 1 -0.1266665634701288 -0.4682811419503577 
0.5 8.5 -0.5 1 -0.2183264879545701 -0.489354522255793 
0.5 8.5 4.5 1 -0.1891664844237018 -0.1965926372309229 
0.5 6.5 4.5 1 -0.1025577807752614 -0.1972335489025537 
0.5 2.5 2 1 0.02967872757260667 -0.3146031669475115 
0.5 4.5 2 1 -0.03746468232832655 -0.3220274878364134 
0.5 4.5 4.5 1 -0.02756032403191718 -0.1977885363731496 
0.5 2.5 4.5 1 0.03801419998207178 -0.1982737933511642 
