0.3946826577424455 -0.6569443440288726 0.3566861965251901 -0.1212932610723098 
-0.3253676715627386 -0.5764176233714193 -0.2994387697493949 -0.1348346775692982 
-0.08789959514213917 -0.4309658767361149 -0.08355099458313719 -0.1598701259611113 
0.3467752483607246 -0.4586154823576324 0.3271298906850793 -0.1547857589641307 
0.3946826577424455 -0.6569443440288726 -0.3253676715627386 -0.5764176233714193 
-0.3253676715627386 -0.5764176233714193 -0.08789959514213917 -0.4309658767361149 
-0.08789959514213917 -0.4309658767361149 0.3467752483607246 -0.4586154823576324 
0.3467752483607246 -0.4586154823576324 0.3946826577424455 -0.6569443440288726 
0.3566861965251901 -0.1212932610723098 0.3255633273671724 0.04442981929742494 
0.3255633273671724 0.04442981929742494 0.3271298906850793 -0.1547857589641307 
-0.2994387697493949 -0.1348346775692982 -0.1617026376216007 0.01400685606335025 
-0.1617026376216007 0.01400685606335025 -0.08355099458313719 -0.1598701259611113 
0.3255633273671724 0.04442981929742494 -0.1617026376216007 0.01400685606335025 
0.3566861965251901 -0.1212932610723098 -0.2994387697493949 -0.1348346775692982 
0.3271298906850793 -0.1547857589641307 -0.08355099458313719 -0.1598701259611113 
0.3598574854355678 -0.5127738102791776 0.3526906787898183 -0.483104399592744 
0.3526906787898183 -0.483104399592744 0.3357019311796053 -0.22357140481551 
0.3357019311796053 -0.22357140481551 0.3407887108379599 -0.2256725081733022 
0.3407887108379599 -0.2256725081733022 0.3598574854355678 -0.5127738102791776 
0.3669441519595064 -0.4075107270307354 0.3575364279334649 -0.3840048308836528 
0.3575364279334649 -0.3840048308836528 0.3470083493338887 -0.2282415408827466 
0.3470083493338887 -0.2282415408827466 0.3547867105090813 -0.2314544067587976 
0.3547867105090813 -0.2314544067587976 0.3669441519595064 -0.4075107270307354 
