-0.5091765168540308 -0.3234366266556297 -0.4876847798136449 0.3063632552395463 
-0.2527486641348023 -0.1169048232712971 -0.2333815144512858 0.203984442583958 
0.2343831361249685 -0.159978846805694 0.2703805762560322 0.161142298320415 
0.4390650915372746 -0.4095670433824414 0.5256778586662558 0.221041932135911 
-0.5091765168540308 -0.3234366266556297 -0.2527486641348023 -0.1169048232712971 
-0.2527486641348023 -0.1169048232712971 0.2343831361249685 -0.159978846805694 
0.2343831361249685 -0.159978846805694 0.4390650915372746 -0.4095670433824414 
0.4390650915372746 -0.4095670433824414 -0.5091765168540308 -0.3234366266556297 
-0.4876847798136449 0.3063632552395463 0.04838504421627524 0.6401667362435643 
0.04838504421627524 0.6401667362435643 0.5256778586662558 0.221041932135911 
-0.2333815144512858 0.203984442583958 0.03350865730900664 0.3646354054309357 
0.03350865730900664 0.3646354054309357 0.2703805762560322 0.161142298320415 
0.04838504421627524 0.6401667362435643 0.03350865730900664 0.3646354054309357 
-0.4876847798136449 0.3063632552395463 -0.2333815144512858 0.203984442583958 
0.5256778586662558 0.221041932135911 0.2703805762560322 0.161142298320415 
0.05751033360019295 -0.3749097682593095 0.2479083667497684 -0.3922039491874796 
0.2479083667497684 -0.3922039491874796 0.3034749165282346 0.08523754543515884 
0.3034749165282346 0.08523754543515884 0.1031350373972087 0.102427861282747 
0.1031350373972087 0.102427861282747 0.05751033360019295 -0.3749097682593095 
-0.3083625848137161 -0.1079427240663328 -0.1147008501056891 -0.1250588106621552 
-0.1147008501056891 -0.1250588106621552 -0.09637040917436988 0.1195465780093185 
-0.09637040917436988 0.1195465780093185 -0.2950466255756982 0.1365941420098385 
-0.2950466255756982 0.1365941420098385 -0.3083625848137161 -0.1079427240663328 
