0 0 0 1 -0.09005770128518908 -0.2549111493290591 
0 0 6.5 1 -0.1204839973711425 0.4449274768117705 
10 0 0 1 -0.2480889931714506 -0.04354232260018336 
10 0 6.5 1 -0.2741179616323112 0.3128316647750316 
10 10 0 1 0.199423428741391 0.005317139215889258 
10 10 6.5 1 0.2040937534053664 0.302941911894244 
0 10 0 1 0.6129975853490685 -0.1159019958134638 
0 10 6.5 1 0.6631078105502649 0.3881489263438166 
0 5 10 1 0.3556177177933803 0.7890522083915574 
10 5 10 1 -0.01710732551790852 0.4999086503103385 
0 6 0 1 0.3833335408703187 -0.1613115176859125 
0 8 0 1 0.5047790081492406 -0.1372991364042521 
0 8 5 1 0.5360114603911409 0.2634053455587508 
0 6 5 1 0.4061370644826655 0.2639219007594621 
0 2 2.5 1 0.08828958975010449 0.01140599524436611 
0 4 2.5 1 0.2516747887709422 0.02800581460654692 
0 4 5 1 0.2577895963413478 0.2645119297304899 
0 2 5 1 0.08672593032270115 0.2651923088438367 
0.5 0.5 -0.5 1 -0.05728876265430788 -0.2709253650137139 
0.5 0.5 6 1 -0.08094785433090834 0.3719017107385962 
10.5 0.5 -0.5 1 -0.2245119258085679 -0.0600696334915541 
10.5 0.5 6 1 -0.2479013482504431 0.2809799171993912 
10.5 10.5 -0.5 1 0.2052141359614646 -0.01013046862673571 
10.5 10.5 6 1 0.210057221311825 0.2767421454120345 
0.5 10.5 -0.5 1 0.6012402534656808 -0.1349096583008787 
0.5 10.5 6 1 0.6474067110177556 0.3389865883619488 
0.5 5.5 9.5 1 0.3575794724071269 0.7001910849584148 
10.5 5.5 9.5 1 -0.002089730824626684 0.4629575840615884 
0.5 6.5 -0.5 1 0.3833589116195076 -0.1799119041629628 
0.5 8.5 -0.5 1 0.4982343812896424 -0.1561849797470685 
0.5 8.5 4.5 1 0.5271487035284232 0.2197489538569174 
0.5 6.5 4.5 1 0.4047542265929712 0.2175141783803066 
0.5 2.5 2 1 0.108239924590971 -0.02220926004092679 
0.5 4.5 2 1 0.2600259817583236 -0.00451842656190081 
0.5 4.5 4.5 1 0.2660987822447343 0.2149824972580331 
0.5 2.5 4.5 1 0.1077112105794343 0.2120905312982928 
