0.2562561619443749 -0.04207833729126339 0.2586712150448809 0.3313745006898512 
-0.1764842869331008 -0.2222786783306715 -0.2254349375985233 0.4162086657976611 
-0.5467514226560453 -0.08693537543081768 -0.6030637794702954 0.3034985822732443 
-0.1173705214479903 0.00522850744847917 -0.1344037512445031 0.2775906071123459 
0.2562561619443749 -0.04207833729126339 -0.1764842869331008 -0.2222786783306715 
-0.1764842869331008 -0.2222786783306715 -0.5467514226560453 -0.08693537543081768 
-0.5467514226560453 -0.08693537543081768 -0.1173705214479903 0.00522850744847917 
-0.1173705214479903 0.00522850744847917 0.2562561619443749 -0.04207833729126339 
0.2586712150448809 0.3313745006898512 0.02433457296824546 0.4854857402133476 
0.02433457296824546 0.4854857402133476 -0.1344037512445031 0.2775906071123459 
-0.2254349375985233 0.4162086657976611 -0.4976186258029099 0.6452578091504559 
-0.4976186258029099 0.6452578091504559 -0.6030637794702954 0.3034985822732443 
0.02433457296824546 0.4854857402133476 -0.4976186258029099 0.6452578091504559 
0.2586712150448809 0.3313745006898512 -0.2254349375985233 0.4162086657976611 
-0.1344037512445031 0.2775906071123459 -0.6030637794702954 0.3034985822732443 
0.00563456930214646 -0.010345815770304 -0.0592935844480966 -0.002124919819263782 
-0.0592935844480966 -0.002124919819263782 -0.07064811735808883 0.2166868630689975 
-0.07064811735808883 0.2166868630689975 -0.003631607108681408 0.2215734651116271 
-0.003631607108681408 0.2215734651116271 0.00563456930214646 -0.010345815770304 
0.1601097729957366 0.09851158280194303 0.07550938965497374 0.1009940472175461 
0.07550938965497374 0.1009940472175461 0.07217048575583587 0.2271006801284764 
0.07217048575583587 0.2271006801284764 0.1586069765850893 0.2334033170618536 
0.1586069765850893 0.2334033170618536 0.1601097729957366 0.09851158280194303 
