0 0 0 1 0.02149787511677052 -0.1973115644193471 
0 0 6.5 1 0.0469467839786693 0.05742496042048671 
10 0 0 1 0.444418497847906 -0.2928539532452067 
10 0 6.5 1 0.475934031946697 0.03442032445226417 
10 10 0 1 0.2780832624909558 -0.4489651979845852 
10 10 6.5 1 0.3329663354710952 0.1136097302971988 
0 10 0 1 -0.2946621421151813 -0.2559331838235335 
0 10 6.5 1 -0.2559516379137066 0.1217636421071268 
0 5 10 1 -0.05861889535402631 0.2465425826083544 
10 5 10 1 0.4447555533643189 0.2852122235954231 
0 6 0 1 -0.1374566936303089 -0.2267845329282385 
0 8 0 1 -0.2091288082560596 -0.2400738016418137 
0 8 5 1 -0.1821406456478095 0.02505923889974477 
0 6 5 1 -0.1127965813527072 0.01688191883427524 
0 2 2.5 1 -0.01357430937282422 -0.1008198763617852 
0 4 2.5 1 -0.06516791855816099 -0.1026735652459939 
0 4 5 1 -0.05382829726741872 0.009928150871888993 
0 2 5 1 -0.003069135832196343 0.003942434379353276 
0.5 0.5 -0.5 1 0.02545137648225548 -0.2233604803214585 
0.5 0.5 6 1 0.05161062624371381 0.03862979194449419 
10.5 0.5 -0.5 1 0.4650443340500623 -0.3300887852087221 
10.5 0.5 6 1 0.4976537683881184 0.009256308479064492 
10.5 10.5 -0.5 1 0.3037492782143751 -0.5248626198986627 
10.5 10.5 6 1 0.3620418392670535 0.0743513800951551 
0.5 10.5 -0.5 1 -0.3021798748557645 -0.2976094397756136 
0.5 10.5 6 1 -0.2618015539779718 0.09625619249998409 
0.5 5.5 9.5 1 -0.05660275587980963 0.2304122671154879 
10.5 5.5 9.5 1 0.4709671644702975 0.264840351928227 
0.5 6.5 -0.5 1 -0.1381415202680138 -0.2604344844287979 
0.5 8.5 -0.5 1 -0.2126490773938228 -0.2773196520233716 
0.5 8.5 4.5 1 -0.184611156854732 -0.001867621936640961 
0.5 6.5 4.5 1 -0.1126078404311395 -0.00807973531822604 
0.5 2.5 2 1 -0.01040400682683197 -0.1257893766412163 
0.5 4.5 2 1 -0.06343778083047959 -0.1296345158676693 
0.5 4.5 4.5 1 -0.051729786132158 -0.01333201249849846 
0.5 2.5 4.5 1 0.000416545888363577 -0.01783095703376878 
