0 0 0 1 -0.2613143744181285 -0.3734879583802974 
0 0 6.5 1 -0.2792047578952319 0.2844747088067489 
10 0 0 1 -0.2480532471537563 -0.09571567990603233 
10 0 6.5 1 -0.2558303483078913 0.2418289051238809 
10 10 0 1 0.2195381725390819 -0.07753842340894375 
10 10 6.5 1 0.2406778305626135 0.2246925557289078 
0 10 0 1 0.5668605629549691 -0.2914746346594954 
0 10 6.5 1 0.6446034750660032 0.2442371278281515 
0 5 10 1 0.2600258425213209 0.6448344916772925 
10 5 10 1 0.01149580883981195 0.4218559062782832 
0 6 0 1 0.2740706830817971 -0.3204693193771703 
0 8 0 1 0.4259227049417662 -0.3054315677326172 
0 8 5 1 0.4743651972461138 0.111413059901816 
0 6 5 1 0.3108294685411626 0.1126151039669072 
0 2 2.5 1 -0.06483151569221041 -0.1305394998326331 
0 4 2.5 1 0.120914943164427 -0.1215530230472723 
0 4 5 1 0.132875913594624 0.1139231240324874 
0 2 5 1 -0.06149007465521298 0.115351781149079 
0.5 0.5 -0.5 1 -0.2116720585824561 -0.3852802390788359 
0.5 0.5 6 1 -0.2218876705306321 0.22449701805382 
10.5 0.5 -0.5 1 -0.2220242952347017 -0.1113091269480292 
10.5 0.5 6 1 -0.2278345232024694 0.2131822941016113 
10.5 10.5 -0.5 1 0.2288808672930804 -0.09214206830667727 
10.5 10.5 6 1 0.2498882431277914 0.1995843260448511 
0.5 10.5 -0.5 1 0.5648859063080587 -0.3055327389589532 
0.5 10.5 6 1 0.6379457672243662 0.1978617402491015 
0.5 5.5 9.5 1 0.2782540460356976 0.5630925709299982 
10.5 5.5 9.5 1 0.02953443147394421 0.3875871130482118 
0.5 6.5 -0.5 1 0.2883265494343051 -0.3339336032119569 
0.5 8.5 -0.5 1 0.4314826876721193 -0.3192323900798611 
0.5 8.5 4.5 1 0.4775521405846088 0.07215698782557411 
0.5 6.5 4.5 1 0.3240656051030363 0.07172925343002404 
0.5 2.5 2 1 -0.02742282126108858 -0.1576714904947301 
0.5 4.5 2 1 0.1456052399184486 -0.148155749167335 
0.5 4.5 4.5 1 0.1579021871962469 0.0712661912539321 
0.5 2.5 4.5 1 -0.02257629284329624 0.07076323603817122 
