0 0 0 1 -0.6265862630273958 -0.299348464608307 
0 0 6.5 1 -0.569102912407107 0.2795192751119596 
10 0 0 1 -0.2493045082813715 -0.1668000008058286 
10 0 6.5 1 -0.2185501202837946 0.1409582932713943 
10 10 0 1 0.236482492255789 -0.2333434668517194 
10 10 6.5 1 0.2703489746102402 0.1027044794682026 
0 10 0 1 0.2964151082194651 -0.4604606999433201 
0 10 6.5 1 0.3658259346228699 0.2273099968364063 
0 5 10 1 -0.1079739353240793 0.5947242994128259 
10 5 10 1 0.03251668676476697 0.2958180684121667 
0 6 0 1 -0.1115640901949932 -0.3892468939031986 
0 8 0 1 0.0850244320455045 -0.4235619201274689 
0 8 5 1 0.1362787158160214 0.0861736250367887 
0 6 5 1 -0.06227245817276455 0.10265607231933 
0 2 2.5 1 -0.4432644324336446 -0.09757654358500031 
0 4 2.5 1 -0.2711259320864119 -0.1197127317187608 
0 4 5 1 -0.247379834444717 0.1180225015864987 
0 2 5 1 -0.4203641100684598 0.1323825486534477 
0.5 0.5 -0.5 1 -0.5591317015296898 -0.3367944223948892 
0.5 0.5 6 1 -0.5035924398469757 0.2218061040643321 
10.5 0.5 -0.5 1 -0.2199588547338027 -0.1895460819073896 
10.5 0.5 6 1 -0.1897700331856587 0.1123880267826031 
10.5 10.5 -0.5 1 0.2584761455169525 -0.2567697159876925 
10.5 10.5 6 1 0.2916578317524 0.0723461513903129 
0.5 10.5 -0.5 1 0.3379999571529296 -0.4980242188263355 
0.5 10.5 6 1 0.4045938483760356 0.1613233526312415 
0.5 5.5 9.5 1 -0.05445703963186885 0.5202583683480416 
10.5 5.5 9.5 1 0.05759924567134846 0.2629550733513611 
0.5 6.5 -0.5 1 -0.05709551598167042 -0.427018851790221 
0.5 8.5 -0.5 1 0.1335699937875305 -0.4612846822612216 
0.5 8.5 4.5 1 0.1828245289746644 0.02812384616265136 
0.5 6.5 4.5 1 -0.009655917071751339 0.04592801817587287 
0.5 2.5 2 1 -0.3802609500338865 -0.1434883983291561 
0.5 4.5 2 1 -0.2124740861877371 -0.1662969030373388 
0.5 4.5 4.5 1 -0.1895886854143587 0.06257154755347208 
0.5 2.5 4.5 1 -0.3581620086679099 0.07816434415018653 
