0.2994949145363244 -0.3999685999088283 0.3263618089547498 0.02807592010830095 
-0.3814533252479053 -0.3550764494063436 -0.3274740234747436 0.09548007613568307 
-0.262210800446879 -0.2409094290140039 -0.2326250659542375 0.02583288753143985 
0.1438899261365552 -0.2717593770738889 0.1636835809817592 -0.01306574283972243 
0.2994949145363244 -0.3999685999088283 -0.3814533252479053 -0.3550764494063436 
-0.3814533252479053 -0.3550764494063436 -0.262210800446879 -0.2409094290140039 
-0.262210800446879 -0.2409094290140039 0.1438899261365552 -0.2717593770738889 
0.1438899261365552 -0.2717593770738889 0.2994949145363244 -0.3999685999088283 
0.3263618089547498 0.02807592010830095 0.237250441003819 0.1690771528254972 
0.237250441003819 0.1690771528254972 0.1636835809817592 -0.01306574283972243 
-0.3274740234747436 0.09548007613568307 -0.2483764763308972 0.2246331953499584 
-0.2483764763308972 0.2246331953499584 -0.2326250659542375 0.02583288753143985 
0.237250441003819 0.1690771528254972 -0.2483764763308972 0.2246331953499584 
0.3263618089547498 0.02807592010830095 -0.3274740234747436 0.09548007613568307 
0.1636835809817592 -0.01306574283972243 -0.2326250659542375 0.02583288753143985 
0.1884662072347726 -0.3084875720710278 0.1642516874750245 -0.2885362530828301 
0.1642516874750245 -0.2885362530828301 0.1804817121335638 -0.07126149654582019 
0.1804817121335638 -0.07126149654582019 0.2057188786309295 -0.07066899278476121 
0.2057188786309295 -0.07066899278476121 0.1884662072347726 -0.3084875720710278 
0.2637604456138067 -0.2139040342467112 0.2270298304279208 -0.1998245199972574 
0.2270298304279208 -0.1998245199972574 0.2361145118489074 -0.06995538149233262 
0.2361145118489074 -0.06995538149233262 0.2734302317958208 -0.06907930436150746 
0.2734302317958208 -0.06907930436150746 0.2637604456138067 -0.2139040342467112 
