0.4041644616763404 -0.5596125803610577 0.3502024142386964 -0.01821270023203655 
-0.2907321965000233 -0.4931986894327896 -0.2821238468724349 -0.07414037732504038 
-0.03064194350536946 -0.3759111528235852 -0.03737807226467112 -0.1107644025344996 
0.4063395980567189 -0.3931546084657543 0.3744775268849595 -0.08383604841307278 
0.4041644616763404 -0.5596125803610577 -0.2907321965000233 -0.4931986894327896 
-0.2907321965000233 -0.4931986894327896 -0.03064194350536946 -0.3759111528235852 
-0.03064194350536946 -0.3759111528235852 0.4063395980567189 -0.3931546084657543 
0.4063395980567189 -0.3931546084657543 0.4041644616763404 -0.5596125803610577 
0.3502024142386964 -0.01821270023203655 0.3461272197057457 0.1306756761687406 
0.3461272197057457 0.1306756761687406 0.3744775268849595 -0.08383604841307278 
-0.2821238468724349 -0.07414037732504038 -0.1346193020506808 0.06349777120935123 
-0.1346193020506808 0.06349777120935123 -0.03737807226467112 -0.1107644025344996 
0.3461272197057457 0.1306756761687406 -0.1346193020506808 0.06349777120935123 
0.3502024142386964 -0.01821270023203655 -0.2821238468724349 -0.07414037732504038 
0.3744775268849595 -0.08383604841307278 -0.03737807226467112 -0.1107644025344996 
0.4057450162203565 -0.4386565307817421 0.4060706875462005 -0.4137336850726356 
0.4060706875462005 -0.4137336850726356 0.3789999256167616 -0.1498455291681192 
0.3789999256167616 -0.1498455291681192 0.3759808945481454 -0.1470685460657791 
0.3759808945481454 -0.1470685460657791 0.4057450162203565 -0.4386565307817421 
0.3856367867007091 -0.317838681306472 0.3883302879896163 -0.3017766065793756 
0.3883302879896163 -0.3017766065793756 0.3722901335050099 -0.1436736883055837 
0.3722901335050099 -0.1436736883055837 0.3676753913342473 -0.139428928732527 
0.3676753913342473 -0.139428928732527 0.3856367867007091 -0.317838681306472 
