0 0 0 1 0.4039390814331135 -0.540674052750464 
0 0 6.5 1 0.3474702854362211 0.002109268968890752 
10 0 0 1 -0.2847659270383371 -0.4771164596301428 
10 0 6.5 1 -0.2795439396899627 -0.06223285819863082 
10 10 0 1 -0.02011192668109937 -0.3637791270631376 
10 10 6.5 1 -0.02890679059531329 -0.09973729105422688 
0 10 0 1 0.4172506665541632 -0.3789376698875429 
0 10 6.5 1 0.3833138942178486 -0.06837888443786594 
0 5 10 1 0.3495078614163754 0.1489731749096773 
10 5 10 1 -0.1299906684585978 0.07429191435305661 
0 6 0 1 0.4136097028365813 -0.4231755496337815 
0 8 0 1 0.4156037697845812 -0.3989475427943862 
0 8 5 1 0.3868397979596093 -0.1341155875067486 
0 6 5 1 0.3820677074312188 -0.1306160322951762 
0 2 2.5 1 0.387845437790718 -0.299988038868623 
0 4 2.5 1 0.3931862064844912 -0.2850099868939298 
0 4 5 1 0.3762342100555013 -0.1263381071339847 
0 2 5 1 0.3689408803406065 -0.1209896314792102 
0.5 0.5 -0.5 1 0.3660871588702378 -0.566889458432953 
0.5 0.5 6 1 0.3152609430924507 -0.04399877384094123 
10.5 0.5 -0.5 1 -0.2900832845726376 -0.4993140071698196 
10.5 0.5 6 1 -0.2846627229885841 -0.09614097061446628 
10.5 10.5 -0.5 1 -0.02931853868572042 -0.3804734581189833 
10.5 10.5 6 1 -0.0375142852826168 -0.1212076019283206 
0.5 10.5 -0.5 1 0.3951044341316454 -0.3982157649744253 
0.5 10.5 6 1 0.3631649282921364 -0.09424160040189533 
0.5 5.5 9.5 1 0.3261593620202736 0.1112925433802583 
10.5 5.5 9.5 1 -0.1376052635906572 0.04483066292306093 
0.5 6.5 -0.5 1 0.3870534954744309 -0.4450148371439103 
0.5 8.5 -0.5 1 0.391451963350017 -0.4194471084219616 
0.5 8.5 4.5 1 0.3645421938264965 -0.1608414691608484 
0.5 6.5 4.5 1 0.3577457700571813 -0.1600410426974986 
0.5 2.5 2 1 0.3564951791125444 -0.3312372777738419 
0.5 4.5 2 1 0.3651223135401122 -0.3133086361074383 
0.5 4.5 4.5 1 0.3494872227277058 -0.1590684194391927 
0.5 2.5 4.5 1 0.3392378599045212 -0.1578613344317525 
