0 0 0 1 -0.1445896762200232 -0.02865754540007404 
0 0 6.5 1 -0.1500434020611775 0.2256779283984645 
10 0 0 1 0.2451389016598456 -0.04215715504601859 
10 0 6.5 1 0.2605271002738522 0.223497917854201 
10 10 0 1 0.3248610378239338 -0.1966919585657218 
10 10 6.5 1 0.3582296894982949 0.2390152470068818 
0 10 0 1 -0.3009388531941051 -0.1646239211002969 
0 10 6.5 1 -0.3231638224970352 0.2414421390216009 
0 5 10 1 -0.2218956560796484 0.4173001964488456 
10 5 10 1 0.3095828084859331 0.4263056729332367 
0 6 0 1 -0.2204449296238074 -0.09462376334085817 
0 8 0 1 -0.2564328801251867 -0.1259200662268191 
0 8 5 1 -0.2687940928675357 0.1483759338974998 
0 6 5 1 -0.2297218642837414 0.1536815948313421 
0 2 2.5 1 -0.1684549302483556 0.05508059919012317 
0 4 2.5 1 -0.194187436830547 0.04203610916752332 
0 4 5 1 -0.1977917790660311 0.1580174162547489 
0 2 5 1 -0.1712095267995505 0.1616270495543019 
0.5 0.5 -0.5 1 -0.1302099918538421 -0.05258289685989999 
0.5 0.5 6 1 -0.1350059351908178 0.205111542525983 
10.5 0.5 -0.5 1 0.2672069688011069 -0.06742079580384071 
10.5 0.5 6 1 0.2841056048279388 0.2018970477961539 
10.5 10.5 -0.5 1 0.3637443471815687 -0.2430937097926495 
10.5 10.5 6 1 0.4018844898851876 0.2024526455238271 
0.5 10.5 -0.5 1 -0.2821514523735463 -0.2068710359123543 
0.5 10.5 6 1 -0.3034041629741041 0.2077504226808709 
0.5 5.5 9.5 1 -0.2041215003718138 0.3951847976268377 
10.5 5.5 9.5 1 0.3417659570815273 0.4030134010657235 
0.5 6.5 -0.5 1 -0.2035374598853715 -0.1270428799699467 
0.5 8.5 -0.5 1 -0.238582039279139 -0.1626287096707161 
0.5 8.5 4.5 1 -0.250225008993586 0.1167047715848432 
0.5 6.5 4.5 1 -0.2121470635730766 0.1253956301011925 
0.5 2.5 2 1 -0.1530229955339277 0.03024360478444045 
0.5 4.5 2 1 -0.1778835614077692 0.01466324973544958 
0.5 4.5 4.5 1 -0.1811776930439796 0.1324640371445989 
0.5 2.5 4.5 1 -0.155496246668589 0.1383255355652441 
