-0.5314024213602819 -0.4476611295255795 -0.5162297412086807 -0.07114924343154237 
-0.0697060365186796 -0.3565881407336834 -0.07934686797604565 -0.08380478886066302 
0.3012887153094835 -0.4170844662252395 0.263967418971705 -0.02691671088164132 
-0.2550241945710393 -0.616035319204179 -0.2579515437836562 0.02825451902161569 
-0.5314024213602819 -0.4476611295255795 -0.0697060365186796 -0.3565881407336834 
-0.0697060365186796 -0.3565881407336834 0.3012887153094835 -0.4170844662252395 
0.3012887153094835 -0.4170844662252395 -0.2550241945710393 -0.616035319204179 
-0.2550241945710393 -0.616035319204179 -0.5314024213602819 -0.4476611295255795 
-0.5162297412086807 -0.07114924343154237 -0.4139668586357571 0.1930895183553037 
-0.4139668586357571 0.1930895183553037 -0.2579515437836562 0.02825451902161569 
-0.07934686797604565 -0.08380478886066302 0.0531640712800532 0.0989693043436425 
0.0531640712800532 0.0989693043436425 0.263967418971705 -0.02691671088164132 
-0.4139668586357571 0.1930895183553037 0.0531640712800532 0.0989693043436425 
-0.5162297412086807 -0.07114924343154237 -0.07934686797604565 -0.08380478886066302 
-0.2579515437836562 0.02825451902161569 0.263967418971705 -0.02691671088164132 
-0.4034970995702028 -0.5255831683278899 -0.3388447701694502 -0.564970437361882 
-0.3388447701694502 -0.564970437361882 -0.3349452709296061 -0.1219164412060559 
-0.3349452709296061 -0.1219164412060559 -0.3959320829479008 -0.132476482050432 
-0.3959320829479008 -0.132476482050432 -0.4034970995702028 -0.5255831683278899 
-0.4910155526770096 -0.3041211332686115 -0.4498561465499048 -0.3124496301554003 
-0.4498561465499048 -0.3124496301554003 -0.4451173165275691 -0.1409930458509085 
-0.4451173165275691 -0.1409930458509085 -0.4856243589122712 -0.1480069560375734 
-0.4856243589122712 -0.1480069560375734 -0.4910155526770096 -0.3041211332686115 
