0.2918517494472869 -0.2800276726012488 0.2532531205785884 0.0656890125175234 
0.3119479622316222 -0.5417479035820737 0.2327586651727652 0.1710621920728032 
-0.589346797592984 -0.5138271693014282 -0.6208644800654211 0.04397470939310811 
-0.1968727003077221 -0.2967203092761894 -0.2216827365756826 0.007951380959560361 
0.2918517494472869 -0.2800276726012488 0.3119479622316222 -0.5417479035820737 
0.3119479622316222 -0.5417479035820737 -0.589346797592984 -0.5138271693014282 
-0.589346797592984 -0.5138271693014282 -0.1968727003077221 -0.2967203092761894 
-0.1968727003077221 -0.2967203092761894 0.2918517494472869 -0.2800276726012488 
0.2532531205785884 0.0656890125175234 -0.01548130800793776 0.2040924269246797 
-0.01548130800793776 0.2040924269246797 -0.2216827365756826 0.007951380959560361 
0.2327586651727652 0.1710621920728032 -0.2713019634230454 0.4175036920967927 
-0.2713019634230454 0.4175036920967927 -0.6208644800654211 0.04397470939310811 
-0.01548130800793776 0.2040924269246797 -0.2713019634230454 0.4175036920967927 
0.2532531205785884 0.0656890125175234 0.2327586651727652 0.1710621920728032 
-0.2216827365756826 0.007951380959560361 -0.6208644800654211 0.04397470939310811 
-0.01641632236932572 -0.2905567282355612 -0.1088995910567928 -0.2937155421714808 
-0.1088995910567928 -0.2937155421714808 -0.1298459793224972 -0.05258249555899658 
-0.1298459793224972 -0.05258249555899658 -0.03929994157861931 -0.04338478290277518 
-0.03929994157861931 -0.04338478290277518 -0.01641632236932572 -0.2905567282355612 
0.1697788415377076 -0.1525727974881305 0.06833605228726057 -0.1594731525174136 
0.06833605228726057 -0.1594731525174136 0.05593585194379423 -0.03371068246467377 
0.05593585194379423 -0.03371068246467377 0.1562354407012295 -0.02352219912609235 
0.1562354407012295 -0.02352219912609235 0.1697788415377076 -0.1525727974881305 
