0 0 0 1 0.2458543676319226 -0.4848972414866326 
0 0 6.5 1 0.1924280601704449 0.1365694431969635 
10 0 0 1 -0.2252611207239863 -0.2962769209020383 
10 0 6.5 1 -0.2651184231881086 0.0646506141901254 
10 10 0 1 0.1378537644064298 -0.1731188966456772 
10 10 6.5 1 0.1139888524945538 0.09114903125761512 
0 10 0 1 0.5860513510312751 -0.2347609285538378 
0 10 6.5 1 0.5606632275404477 0.1465458475625338 
0 5 10 1 0.4022592039698052 0.4073838635703689 
10 5 10 1 -0.06228811745998527 0.2484579819569561 
0 6 0 1 0.4873299993921484 -0.3073476830276874 
0 8 0 1 0.5408289475126411 -0.2680115622457641 
0 8 5 1 0.5189660933722812 0.04825065454588295 
0 6 5 1 0.4624362027643265 0.03766250589633911 
0 2 2.5 1 0.3276391075744198 -0.2040021438448744 
0 4 2.5 1 0.4088150070768902 -0.1667779010567208 
0 4 5 1 0.3942850258692016 0.02489766973892756 
0 2 5 1 0.3105183898121043 0.009208030418805161 
0.5 0.5 -0.5 1 0.2377284772052827 -0.4939377160041179 
0.5 0.5 6 1 0.1876425903618016 0.08541136811920873 
10.5 0.5 -0.5 1 -0.2117064266685284 -0.3090712546625262 
10.5 0.5 6 1 -0.2497233428746578 0.0372396591209208 
10.5 10.5 -0.5 1 0.1373764133088304 -0.1861321797571837 
10.5 10.5 6 1 0.1142040678011537 0.07021584897278257 
0.5 10.5 -0.5 1 0.5669724060904341 -0.2507178057762146 
0.5 10.5 6 1 0.5422734083270485 0.114315389678199 
0.5 5.5 9.5 1 0.3875672578178364 0.3534735844687438 
10.5 5.5 9.5 1 -0.05603549167369886 0.2187690154084123 
0.5 6.5 -0.5 1 0.4696866104553703 -0.3225850154797661 
0.5 8.5 -0.5 1 0.5222267632177401 -0.2837724205702895 
0.5 8.5 4.5 1 0.5010474748945957 0.01798234435724649 
0.5 6.5 4.5 1 0.4457025847185137 0.005230778228136125 
0.5 2.5 2 1 0.3154682041644437 -0.2287463901114985 
0.5 4.5 2 1 0.3934887493061328 -0.1911232263718497 
0.5 4.5 4.5 1 0.3795924652414541 -0.01000111685076004 
0.5 2.5 4.5 1 0.2992377864884464 -0.02851498500809921 
