0.08845729912723008 -0.400642358549758 0.1047894642522069 -0.1220155148989769 
0.5533899597809508 -0.5498488523871481 0.5528078001185511 -0.1458059061676217 
0.1877337082165588 -0.7908981245245256 0.2178294781092149 -0.1004437517783618 
-0.3079701105502515 -0.4763671423006603 -0.2655196136400133 -0.08613994165300291 
0.08845729912723008 -0.400642358549758 0.5533899597809508 -0.5498488523871481 
0.5533899597809508 -0.5498488523871481 0.1877337082165588 -0.7908981245245256 
0.1877337082165588 -0.7908981245245256 -0.3079701105502515 -0.4763671423006603 
-0.3079701105502515 -0.4763671423006603 0.08845729912723008 -0.400642358549758 
0.1047894642522069 -0.1220155148989769 -0.03729524002313503 0.05705336154383765 
-0.03729524002313503 0.05705336154383765 -0.2655196136400133 -0.08613994165300291 
0.5528078001185511 -0.1458059061676217 0.4306239967349135 0.1196499880900706 
0.4306239967349135 0.1196499880900706 0.2178294781092149 -0.1004437517783618 
-0.03729524002313503 0.05705336154383765 0.4306239967349135 0.1196499880900706 
0.1047894642522069 -0.1220155148989769 0.5528078001185511 -0.1458059061676217 
-0.2655196136400133 -0.08613994165300291 0.2178294781092149 -0.1004437517783618 
-0.1160761148270773 -0.4397119288252451 -0.2047959016771108 -0.4566590079364264 
-0.2047959016771108 -0.4566590079364264 -0.1778783080491788 -0.1757445505826488 
-0.1778783080491788 -0.1757445505826488 -0.09396194782745981 -0.1783833858107655 
-0.09396194782745981 -0.1783833858107655 -0.1160761148270773 -0.4397119288252451 
0.03636823329551512 -0.2956687102845312 -0.02968317935767102 -0.3008827547734548 
-0.02968317935767102 -0.3008827547734548 -0.02068664290692617 -0.1806876022408443 
-0.02068664290692617 -0.1806876022408443 0.04385094613778799 -0.182717052315406 
0.04385094613778799 -0.182717052315406 0.03636823329551512 -0.2956687102845312 
