0.2585755138236143 -0.4055139185172195 0.2279090481129407 -0.08917907586262389 
0.7237879490244095 -0.6024570453626327 0.6299422292368358 -0.02101767966078336 
-0.1937030789917094 -0.821963388351562 -0.2154285245136746 -0.04463368048465417 
-0.2417214356022658 -0.4774523138837832 -0.2498961595505574 -0.1108712664906719 
0.2585755138236143 -0.4055139185172195 0.7237879490244095 -0.6024570453626327 
0.7237879490244095 -0.6024570453626327 -0.1937030789917094 -0.821963388351562 
-0.1937030789917094 -0.821963388351562 -0.2417214356022658 -0.4774523138837832 
-0.2417214356022658 -0.4774523138837832 0.2585755138236143 -0.4055139185172195 
0.2279090481129407 -0.08917907586262389 -0.005183255045722533 0.0698169044417057 
-0.005183255045722533 0.0698169044417057 -0.2498961595505574 -0.1108712664906719 
0.6299422292368358 -0.02101767966078336 0.2298961932750509 0.2771981196288292 
0.2298961932750509 0.2771981196288292 -0.2154285245136746 -0.04463368048465417 
-0.005183255045722533 0.0698169044417057 0.2298961932750509 0.2771981196288292 
0.2279090481129407 -0.08917907586262389 0.6299422292368358 -0.02101767966078336 
-0.2498961595505574 -0.1108712664906719 -0.2154285245136746 -0.04463368048465417 
-0.02408570653417352 -0.4461581691932002 -0.1296331040263684 -0.4613349765261626 
-0.1296331040263684 -0.4613349765261626 -0.1403908099927356 -0.1846844160152452 
-0.1403908099927356 -0.1846844160152452 -0.03872815343544472 -0.1778613924641792 
-0.03872815343544472 -0.1778613924641792 -0.02408570653417352 -0.4461581691932002 
0.1587790421148581 -0.2893872223925062 0.06625694826237256 -0.2990648008359695 
0.06625694826237256 -0.2990648008359695 0.0573925427720846 -0.1714103140035328 
0.0573925427720846 -0.1714103140035328 0.1484124198963931 -0.1653015737220478 
0.1484124198963931 -0.1653015737220478 0.1587790421148581 -0.2893872223925062 
