-0.6735135510972942 -0.568181315003172 -0.607984139764966 -0.1033321708818638 
-0.1739242821348743 -0.4379080145232002 -0.1579493120208785 -0.1415152313568541 
0.2680911823950786 -0.5303115076282507 0.2579730452679971 -0.1358423383866156 
-0.1334054638392075 -0.8337526753670125 -0.1002732231046698 -0.07129111846849061 
-0.6735135510972942 -0.568181315003172 -0.1739242821348743 -0.4379080145232002 
-0.1739242821348743 -0.4379080145232002 0.2680911823950786 -0.5303115076282507 
0.2680911823950786 -0.5303115076282507 -0.1334054638392075 -0.8337526753670125 
-0.1334054638392075 -0.8337526753670125 -0.6735135510972942 -0.568181315003172 
-0.607984139764966 -0.1033321708818638 -0.3828034275140136 0.1745967413964654 
-0.3828034275140136 0.1745967413964654 -0.1002732231046698 -0.07129111846849061 
-0.1579493120208785 -0.1415152313568541 0.02540722300146326 0.02668499745704505 
0.02540722300146326 0.02668499745704505 0.2579730452679971 -0.1358423383866156 
-0.3828034275140136 0.1745967413964654 0.02540722300146326 0.02668499745704505 
-0.607984139764966 -0.1033321708818638 -0.1579493120208785 -0.1415152313568541 
-0.1002732231046698 -0.07129111846849061 0.2579730452679971 -0.1358423383866156 
-0.4163534380172624 -0.6946270444287141 -0.2911645053963935 -0.7561824921677047 
-0.2911645053963935 -0.7561824921677047 -0.2532281277643352 -0.222026080761999 
-0.2532281277643352 -0.222026080761999 -0.3716519197207821 -0.2161410094573797 
-0.3716519197207821 -0.2161410094573797 -0.4163534380172624 -0.6946270444287141 
-0.5762871019451611 -0.3980161800545389 -0.4928991355643195 -0.419423775851929 
-0.4928991355643195 -0.419423775851929 -0.4695891161029631 -0.2112740196864761 
-0.4695891161029631 -0.2112740196864761 -0.5519325834441147 -0.207181960407117 
-0.5519325834441147 -0.207181960407117 -0.5762871019451611 -0.3980161800545389 
