0 0 0 1 0.09675039519170461 -0.2991109660851811 
0 0 6.5 1 0.05585165672980252 0.3692575503251248 
10 0 0 1 -0.2410462955689362 -0.1214941089912702 
10 0 6.5 1 -0.279756919893168 0.2378039066010119 
10 10 0 1 0.1647696189531044 -0.03772298898840579 
10 10 6.5 1 0.1509838228819793 0.2415053646646696 
0 10 0 1 0.606446795512222 -0.1087154317208339 
0 10 6.5 1 0.6120687276695885 0.327018854597791 
0 5 10 1 0.3911094161481229 0.6619904276259717 
10 5 10 1 -0.04965244535003808 0.4209586182425661 
0 6 0 1 0.4514250149976672 -0.1666233445893979 
0 8 0 1 0.5346694036857483 -0.1355276573192231 
0 8 5 1 0.5356313936859893 0.2192542283398332 
0 6 5 1 0.4478996486187889 0.2163468707185303 
0 2 2.5 1 0.2285657463857703 -0.0261666627771363 
0 4 2.5 1 0.3490159660261647 -0.001158463878492264 
0 4 5 1 0.3440224324335088 0.2129044655101915 
0 2 5 1 0.2190911433429644 0.20876434570295 
0.5 0.5 -0.5 1 0.1068653984328839 -0.3140841707521237 
0.5 0.5 6 1 0.06997074015188992 0.3024167442084998 
10.5 0.5 -0.5 1 -0.2221043481248119 -0.1369076862954163 
10.5 0.5 6 1 -0.2582954977934729 0.2068738277128865 
10.5 10.5 -0.5 1 0.1671597257963954 -0.05237186222931281 
10.5 10.5 6 1 0.1539039666999275 0.2174048936231255 
0.5 10.5 -0.5 1 0.5895078758146266 -0.1276375905180469 
0.5 10.5 6 1 0.5938553710867965 0.2854993254202959 
0.5 5.5 9.5 1 0.3818966154334018 0.5889411478280102 
10.5 5.5 9.5 1 -0.03891556622378065 0.3865762584185242 
0.5 6.5 -0.5 1 0.4402345791100317 -0.1853024190300746 
0.5 8.5 -0.5 1 0.5201169834759093 -0.1544435497575439 
0.5 8.5 4.5 1 0.5203306349111942 0.180902167757514 
0.5 6.5 4.5 1 0.4363284640837655 0.1751092720731437 
0.5 2.5 2 1 0.2294822551567427 -0.05796512523314005 
0.5 4.5 2 1 0.3426799448699677 -0.03177511884147727 
0.5 4.5 4.5 1 0.3378140282304335 0.1683155922827091 
0.5 2.5 4.5 1 0.2206710399022151 0.1602372640102783 
