0 0 0 1 0.08605973784617423 -0.2885595447077057 
0 0 6.5 1 0.04582089454767778 0.3837726326236964 
10 0 0 1 -0.2420244800560044 -0.1115680281780132 
10 0 6.5 1 -0.2803461546792951 0.248035597026205 
10 10 0 1 0.1667059462143627 -0.03034903017115563 
10 10 6.5 1 0.1538348516627089 0.2502127548552205 
0 10 0 1 0.6077259913449279 -0.1022939003504314 
0 10 6.5 1 0.6158453732817817 0.3379324947034094 
0 5 10 1 0.3901466922474408 0.6786388640277128 
10 5 10 1 -0.04834400961925715 0.4313256000218222 
0 6 0 1 0.448509587367402 -0.1591435544735781 
0 8 0 1 0.5339459567493919 -0.1286377276393713 
0 8 5 1 0.5366779714345306 0.2293430167961432 
0 6 5 1 0.4465813249638526 0.2269880046679816 
0 2 2.5 1 0.2211556099164951 -0.01583973622994026 
0 4 2.5 1 0.3443676333377045 0.008317746888842686 
0 4 5 1 0.3400647963201249 0.2242037976344015 
0 2 5 1 0.2121896253716752 0.2208613027661564 
0.5 0.5 -0.5 1 0.0975007246193744 -0.3039842904378838 
0.5 0.5 6 1 0.06139567472888984 0.3157712306268833 
10.5 0.5 -0.5 1 -0.2227481361467029 -0.1271745226816323 
10.5 0.5 6 1 -0.2585162431256918 0.2168528076032861 
10.5 10.5 -0.5 1 0.1692892406342469 -0.04512736815243492 
10.5 10.5 6 1 0.1569320207362447 0.2258731586835735 
0.5 10.5 -0.5 1 0.5909699714890067 -0.121444418381833 
0.5 10.5 6 1 0.5976550254326957 0.2956787441618915 
0.5 5.5 9.5 1 0.3813987955734749 0.6040855722760908 
10.5 5.5 9.5 1 -0.0373211337647695 0.396603534784594 
0.5 6.5 -0.5 1 0.4378365428621459 -0.1780902106908243 
0.5 8.5 -0.5 1 0.5197274425868876 -0.1477978379581048 
0.5 8.5 4.5 1 0.5216042184871029 0.190360412243489 
0.5 6.5 4.5 1 0.4354419273066008 0.1850687620111811 
0.5 2.5 2 1 0.223082358683623 -0.04817672518698971 
0.5 4.5 2 1 0.3387476790988332 -0.02278133948523299 
0.5 4.5 4.5 1 0.3345457509104138 0.1788722313949354 
0.5 2.5 4.5 1 0.2147830714953071 0.171517016002379 
