0 0 0 1 0.3960212931639408 -0.4859259092606035 
0 0 6.5 1 0.3301949299142554 0.07212991792681901 
10 0 0 1 -0.2598627815497288 -0.4228616939413757 
10 0 6.5 1 -0.2705432934305462 -0.02389347221625199 
10 10 0 1 0.02824332595704593 -0.3140570107485255 
10 10 6.5 1 0.01043064773317406 -0.0533714640179872 
0 10 0 1 0.4689298854792844 -0.3239701905615702 
0 10 6.5 1 0.4269462699757732 -0.003675549272141988 
0 5 10 1 0.3658602812285753 0.2246869874025402 
10 5 10 1 -0.1098465882255193 0.116762213246657 
0 6 0 1 0.4489188775933683 -0.3684217025320394 
0 8 0 1 0.4598719401943428 -0.3440910842995021 
0 8 5 1 0.4246124473127555 -0.07163828608758054 
0 6 5 1 0.4105949209394492 -0.06764517925682928 
0 2 2.5 1 0.3945391468593836 -0.2413283125164036 
0 4 2.5 1 0.4139229995866985 -0.2265290564429994 
0 4 5 1 0.3934571264267009 -0.06276321631198445 
0 2 5 1 0.3720267389783479 -0.05665844260036704 
0.5 0.5 -0.5 1 0.3631290990630024 -0.5123400955801348 
0.5 0.5 6 1 0.3027871656607553 0.0218674481452249 
10.5 0.5 -0.5 1 -0.2599554072139743 -0.44400755898914 
10.5 0.5 6 1 -0.2702699896441877 -0.05737471171205724 
10.5 10.5 -0.5 1 0.02140130517453498 -0.3305480939923975 
10.5 10.5 6 1 0.004241558398794438 -0.0751749244004568 
0.5 10.5 -0.5 1 0.4477409238148782 -0.3439818390857975 
0.5 10.5 6 1 0.4078606301603771 -0.03166560304446592 
0.5 5.5 9.5 1 0.3447306751481136 0.1830070826612428 
10.5 5.5 9.5 1 -0.1138938948741234 0.08675444860199559 
0.5 6.5 -0.5 1 0.4241479071548445 -0.3909265676975875 
0.5 8.5 -0.5 1 0.437026255121678 -0.3653015889599028 
0.5 8.5 4.5 1 0.4036982071618951 -0.1003454844323647 
0.5 6.5 4.5 1 0.3881240080415619 -0.09926478841773731 
0.5 2.5 2 1 0.3666245164812532 -0.2741883770174193 
0.5 4.5 2 1 0.3883369700423002 -0.2563446475988058 
0.5 4.5 4.5 1 0.3692111793960599 -0.09795242439923443 
0.5 2.5 4.5 1 0.3457572897466851 -0.09632495547606541 
