-0.4204197854571966 -0.4190919675036793 -0.4373327433609152 -0.0910891380040159 
0.009097661682091121 -0.3196696112738483 -0.01389711267612769 -0.06013089675439871 
0.3232239527222435 -0.4118926154124373 0.2782944198571903 -0.01937579031724049 
-0.2867701292703104 -0.6284322288741875 -0.3221969661131677 -0.05484245044534814 
-0.4204197854571966 -0.4190919675036793 0.009097661682091121 -0.3196696112738483 
0.009097661682091121 -0.3196696112738483 0.3232239527222435 -0.4118926154124373 
0.3232239527222435 -0.4118926154124373 -0.2867701292703104 -0.6284322288741875 
-0.2867701292703104 -0.6284322288741875 -0.4204197854571966 -0.4190919675036793 
-0.4373327433609152 -0.0910891380040159 -0.4067490532320436 0.1350790534991546 
-0.4067490532320436 0.1350790534991546 -0.3221969661131677 -0.05484245044534814 
-0.01389711267612769 -0.06013089675439871 0.08697929458976653 0.1176449296408429 
0.08697929458976653 0.1176449296408429 0.2782944198571903 -0.01937579031724049 
-0.4067490532320436 0.1350790534991546 0.08697929458976653 0.1176449296408429 
-0.4373327433609152 -0.0910891380040159 -0.01389711267612769 -0.06013089675439871 
-0.3221969661131677 -0.05484245044534814 0.2782944198571903 -0.01937579031724049 
-0.3588160753337514 -0.5155840734063087 -0.3275149405369965 -0.5646121661563831 
-0.3275149405369965 -0.5646121661563831 -0.3502564752763555 -0.1771367943474624 
-0.3502564752763555 -0.1771367943474624 -0.3780994135699293 -0.1731308517436883 
-0.3780994135699293 -0.1731308517436883 -0.3588160753337514 -0.5155840734063087 
-0.4111797609012538 -0.3046188751242073 -0.392071158908911 -0.3213329417742417 
-0.392071158908911 -0.3213329417742417 -0.4003084054063139 -0.1699355012513596 
-0.4003084054063139 -0.1699355012513596 -0.4184363590184407 -0.1673273159754966 
-0.4184363590184407 -0.1673273159754966 -0.4111797609012538 -0.3046188751242073 
