0 0 0 1 0.3617388769495853 -0.5299431652379956 
0 0 6.5 1 0.2934260963143803 0.06615060413030167 
10 0 0 1 -0.2323623477585292 -0.4059183451372568 
10 0 6.5 1 -0.261973221021148 -0.02327557291023897 
10 10 0 1 0.0896984172296179 -0.2742356126714628 
10 10 6.5 1 0.06391289204729056 -0.01348560113607116 
0 10 0 1 0.5383962470040147 -0.3027461235578562 
0 10 6.5 1 0.4943543496323575 0.04215091205927986 
0 5 10 1 0.3923513153377501 0.2763046507176587 
10 5 10 1 -0.08342055089630537 0.1444456429451685 
0 6 0 1 0.4892784146229373 -0.3659160111616592 
0 8 0 1 0.5161030599177201 -0.3314171388348722 
0 8 5 1 0.4793857811941835 -0.04006127823281234 
0 6 5 1 0.4494606811947506 -0.04484774100053612 
0 2 2.5 1 0.3908855194752253 -0.2570192414214295 
0 4 2.5 1 0.4344000003877424 -0.2273821374714248 
0 4 5 1 0.4129199968872255 -0.05069235388231196 
0 2 5 1 0.3672973280636104 -0.05798961289540007 
0.5 0.5 -0.5 1 0.337444995386056 -0.5471580126683946 
0.5 0.5 6 1 0.2738402138581508 0.01606431952492057 
10.5 0.5 -0.5 1 -0.225633416197359 -0.4218512768457409 
10.5 0.5 6 1 -0.2543052889048861 -0.05302199667495548 
10.5 10.5 -0.5 1 0.08589949161611253 -0.288685205272966 
10.5 10.5 6 1 0.06084132574802085 -0.03442124949944835 
0.5 10.5 -0.5 1 0.5179120049464115 -0.3207818395504398 
0.5 10.5 6 1 0.4757982198372508 0.01285790850138854 
0.5 5.5 9.5 1 0.3737430068208717 0.230498792568941 
10.5 5.5 9.5 1 -0.08257113493132637 0.1152481250797895 
0.5 6.5 -0.5 1 0.4668274006919113 -0.3848619018540785 
0.5 8.5 -0.5 1 0.494637618477388 -0.3499770179565171 
0.5 8.5 4.5 1 0.4596633512698875 -0.06903416384335706 
0.5 6.5 4.5 1 0.4290640011982176 -0.07639440304119616 
0.5 2.5 2 1 0.3683225690160031 -0.2857671712585279 
0.5 4.5 2 1 0.4122800751623904 -0.2543997268033888 
0.5 4.5 4.5 1 0.3920022803297677 -0.08530907377885624 
0.5 2.5 4.5 1 0.3461892754246317 -0.09632874163728457 
