0 0 0 1 -0.2266594134323986 -0.3522808511485028 
0 0 6.5 1 -0.2475875649388699 0.3143607493380763 
10 0 0 1 -0.2475690733218721 -0.08372804690574513 
10 0 6.5 1 -0.2591512346005029 0.2576090206731934 
10 10 0 1 0.2167623641317258 -0.05828893266712115 
10 10 6.5 1 0.2349104408832899 0.2431409529292674 
0 10 0 1 0.5798225024523291 -0.2541939361643338 
0 10 6.5 1 0.6535239128871285 0.2752893974039385 
0 5 10 1 0.2839162268911553 0.6759827036312788 
10 5 10 1 0.006917648514467362 0.440139520030763 
0 6 0 1 0.2992755845063332 -0.2883149513385571 
0 8 0 1 0.4453895817615745 -0.2705440987695326 
0 8 5 1 0.4914052103641349 0.1430760534845856 
0 6 5 1 0.3340886289320541 0.1432934825555331 
0 2 2.5 1 -0.03244513447626937 -0.103951122863267 
0 4 2.5 1 0.1500114486463917 -0.09243444440267133 
0 4 5 1 0.1611074687763365 0.1435325618223319 
0 2 5 1 -0.03000052573393435 0.1437966943970342 
0.5 0.5 -0.5 1 -0.1800774957136213 -0.3642326256611931 
0.5 0.5 6 1 -0.1932857752793661 0.2522350866681348 
10.5 0.5 -0.5 1 -0.2219699648342342 -0.09933873538761634 
10.5 0.5 6 1 -0.2314153362904841 0.2284421393590636 
10.5 10.5 -0.5 1 0.2253375324740823 -0.07294416925731766 
10.5 10.5 6 1 0.2434047107269594 0.2178701056023284 
0.5 10.5 -0.5 1 0.5755303955666855 -0.2689957374567276 
0.5 10.5 6 1 0.6445337430615435 0.2284217115559011 
0.5 5.5 9.5 1 0.2985902261330486 0.592572904035259 
10.5 5.5 9.5 1 0.02436698649071944 0.4053456795613155 
0.5 6.5 -0.5 1 0.3104584181688524 -0.3024054338996794 
0.5 8.5 -0.5 1 0.448213726276077 -0.2850427421793086 
0.5 8.5 4.5 1 0.4917628502320303 0.1031231841837705 
0.5 6.5 4.5 1 0.3441002751811342 0.1015485876417629 
0.5 2.5 2 1 0.001589464815347626 -0.1318321823181136 
0.5 4.5 2 1 0.1713331601120283 -0.1197789952225831 
0.5 4.5 4.5 1 0.1826771833106537 0.09982725613869353 
0.5 2.5 4.5 1 0.005476078805136416 0.0979376761533915 
