0 0 0 1 0.3947217037232554 -0.4849869450393836 
0 0 6.5 1 0.3282560334417559 0.07540165974923103 
10 0 0 1 -0.2577202437480908 -0.4201395523409187 
10 0 6.5 1 -0.2698776812082168 -0.02234950269485619 
10 10 0 1 0.03274725264967249 -0.3104474759627039 
10 10 6.5 1 0.01417060750320985 -0.04988784269796237 
0 10 0 1 0.4739274176719535 -0.3205526648651725 
0 10 6.5 1 0.4313837681414245 0.001086427927220307 
0 5 10 1 0.3675818662552233 0.2301921035104467 
10 5 10 1 -0.1080029905266516 0.1195955549794392 
0 6 0 1 0.4521788479932431 -0.3657035791319607 
0 8 0 1 0.4640821047033218 -0.3409919345892652 
0 8 5 1 0.4283775201776547 -0.06747544809323158 
0 6 5 1 0.4133921189917624 -0.06376177676284708 
0 2 2.5 1 0.394923038075601 -0.2390484015458962 
0 4 2.5 1 0.4157824422584006 -0.2237215413456754 
0 4 5 1 0.3950702511948657 -0.05922126467962797 
0 2 5 1 0.3721580455194781 -0.05354317836902157 
0.5 0.5 -0.5 1 0.3623373509725512 -0.5111276887154127 
0.5 0.5 6 1 0.3013273713848428 0.02489284046750651 
10.5 0.5 -0.5 1 -0.2573155822018405 -0.4410426445519532 
10.5 0.5 6 1 -0.2690808032252835 -0.05568379520249505 
10.5 10.5 -0.5 1 0.02612698713159678 -0.3268584616293742 
10.5 10.5 6 1 0.008208952551389908 -0.0716799549096841 
0.5 10.5 -0.5 1 0.4528078379405235 -0.3405468423055175 
0.5 10.5 6 1 0.4123714987268685 -0.02706401649782404 
0.5 5.5 9.5 1 0.3466451220154697 0.1881591682559317 
10.5 5.5 9.5 1 -0.1117055607115624 0.08958469435434098 
0.5 6.5 -0.5 1 0.4275664135338922 -0.3881391973836862 
0.5 8.5 -0.5 1 0.4413431333720214 -0.3621633835078085 
0.5 8.5 4.5 1 0.4075714958302157 -0.09630515988839428 
0.5 6.5 4.5 1 0.3910791298499643 -0.09550735070022084 
0.5 2.5 2 1 0.3673423150379437 -0.2718807274904375 
0.5 4.5 2 1 0.3904256053644226 -0.2535426110304868 
0.5 4.5 4.5 1 0.3710522520997544 -0.09453856143743855 
0.5 2.5 4.5 1 0.3462182635934512 -0.0933372308198033 
