0 0 0 1 0.2472943660009925 -0.4021479775933137 
0 0 6.5 1 0.2197123470805996 -0.08890579737584133 
10 0 0 1 0.7221911752812537 -0.575365643215147 
10 0 6.5 1 0.6318211495757399 -0.01285415611565048 
10 10 0 1 -0.1530719613959312 -0.7872388463530988 
10 10 6.5 1 -0.1699053744879936 -0.01080689450351434 
0 10 0 1 -0.2481814237738734 -0.4706048432505355 
0 10 6.5 1 -0.2509588352473533 -0.1006599747002401 
0 5 10 1 -0.005913382550020111 0.07337959636529373 
10 5 10 1 0.2582875880905751 0.2872368205690201 
0 6 0 1 -0.03016411384180307 -0.4404827222408488 
0 8 0 1 -0.1354122874031561 -0.4550242199827088 
0 8 5 1 -0.1425606314623751 -0.1767006821127358 
0 6 5 1 -0.04165048028892351 -0.1716685749989584 
0 2 2.5 1 0.1511090184386809 -0.2856997601746734 
0 4 2.5 1 0.06049196981659857 -0.2941229547435803 
0 4 5 1 0.05302062469530526 -0.1669475916754725 
0 2 5 1 0.142013951671123 -0.1625097432672983 
0.5 0.5 -0.5 1 0.2413584088276839 -0.4363702410587242 
0.5 0.5 6 1 0.2131625540042518 -0.1108132644570332 
10.5 0.5 -0.5 1 0.7425993158543597 -0.6509941660569337 
10.5 0.5 6 1 0.6448719572027269 -0.04752845262577519 
10.5 10.5 -0.5 1 -0.2064861065431244 -0.9143023531248829 
10.5 10.5 6 1 -0.2178414104173653 -0.05790398183621551 
0.5 10.5 -0.5 1 -0.2760467106782716 -0.5140749781102099 
0.5 10.5 6 1 -0.277212705823965 -0.1268573009130226 
0.5 5.5 9.5 1 -0.02071898425155116 0.05612576604185942 
10.5 5.5 9.5 1 0.2480271267483769 0.2691161321448711 
0.5 6.5 -0.5 1 -0.04757026070909948 -0.4797620156017144 
0.5 8.5 -0.5 1 -0.1577079134677537 -0.4963026662919336 
0.5 8.5 4.5 1 -0.1640946885018973 -0.2053050075823679 
0.5 6.5 4.5 1 -0.05870235784154513 -0.1991383570058397 
0.5 2.5 2 1 0.1416701318838184 -0.3161012957366192 
0.5 4.5 2 1 0.04739440410214203 -0.3258313443698061 
0.5 4.5 4.5 1 0.03993818382370595 -0.1933667629124385 
0.5 2.5 4.5 1 0.1324556125787354 -0.1879534405976513 
