0.2576156774491314 -0.09986494176178592 0.2874402127391565 0.2765635524018035 
-0.2910844765263367 -0.2220383361825606 -0.3082454211966386 0.3406869905365693 
-0.4669417622944868 -0.04875517318627318 -0.4884769985252371 0.2875441635355691 
-0.04781499134401666 -0.002947611441660151 -0.04308699946119973 0.2566458431526272 
0.2576156774491314 -0.09986494176178592 -0.2910844765263367 -0.2220383361825606 
-0.2910844765263367 -0.2220383361825606 -0.4669417622944868 -0.04875517318627318 
-0.4669417622944868 -0.04875517318627318 -0.04781499134401666 -0.002947611441660151 
-0.04781499134401666 -0.002947611441660151 0.2576156774491314 -0.09986494176178592 
0.2874402127391565 0.2765635524018035 0.09807608058828519 0.4460161997113276 
0.09807608058828519 0.4460161997113276 -0.04308699946119973 0.2566458431526272 
-0.3082454211966386 0.3406869905365693 -0.4358122844564276 0.5642912177995369 
-0.4358122844564276 0.5642912177995369 -0.4884769985252371 0.2875441635355691 
0.09807608058828519 0.4460161997113276 -0.4358122844564276 0.5642912177995369 
0.2874402127391565 0.2765635524018035 -0.3082454211966386 0.3406869905365693 
-0.04308699946119973 0.2566458431526272 -0.4884769985252371 0.2875441635355691 
0.04862367975617708 -0.0335489213218457 -0.002759086408158157 -0.01724446656362603 
-0.002759086408158157 -0.01724446656362603 0.002932847095433769 0.1930324554928609 
0.002932847095433769 0.1930324554928609 0.0569990927836829 0.1914238527161028 
0.0569990927836829 0.1914238527161028 0.04862367975617708 -0.0335489213218457 
0.1845777844102108 0.05332063487670009 0.1135552336355376 0.06581143690006405 
0.1135552336355376 0.06581143690006405 0.119619379665855 0.1895607463347039 
0.119619379665855 0.1895607463347039 0.1929981491832408 0.1873775488350776 
0.1929981491832408 0.1873775488350776 0.1845777844102108 0.05332063487670009 
