0 0 0 1 0.01353038318312598 -0.1641251889304171 
0 0 6.5 1 0.0389842703672595 0.08911010232331865 
10 0 0 1 0.4325664898348855 -0.2523664279672369 
10 0 6.5 1 0.4663744268472026 0.0679346520116116 
10 10 0 1 0.2889645917705531 -0.3964204329713306 
10 10 6.5 1 0.3462600036035515 0.1543015158351114 
0 10 0 1 -0.2917549459334278 -0.2195916219994676 
0 10 6.5 1 -0.2550533104497749 0.1588184672001765 
0 5 10 1 -0.06257319959568082 0.2813245218182606 
10 5 10 1 0.4453193068085239 0.3193596747121976 
0 6 0 1 -0.1394650686249402 -0.1919225023884162 
0 8 0 1 -0.2087749143060892 -0.2045152133700564 
0 8 5 1 -0.182853071760045 0.06013425023750709 
0 6 5 1 -0.1154865933978962 0.05090140616309901 
0 2 2.5 1 -0.01984449476181492 -0.06798626119656762 
0 4 2.5 1 -0.06956719487880637 -0.06923218352029015 
0 4 5 1 -0.0584005815444773 0.04307754095466369 
0 2 5 1 -0.009408590505020954 0.03636299352455416 
0.5 0.5 -0.5 1 0.01803619711696797 -0.1895728910193237 
0.5 0.5 6 1 0.04420596214096614 0.07056953238228716 
10.5 0.5 -0.5 1 0.4529942987526728 -0.2878905295642568 
10.5 0.5 6 1 0.4880713910722045 0.0435409078027133 
10.5 10.5 -0.5 1 0.3160903377016286 -0.4679078220619945 
10.5 10.5 6 1 0.377135144638149 0.1165623221585959 
0.5 10.5 -0.5 1 -0.297641630809785 -0.2604180547544854 
0.5 10.5 6 1 -0.2594326008407608 0.1336260787891174 
0.5 5.5 9.5 1 -0.05965057130918287 0.2653390193050479 
10.5 5.5 9.5 1 0.4721576789446282 0.2994475196962616 
0.5 6.5 -0.5 1 -0.1390901137338608 -0.2248355488133065 
0.5 8.5 -0.5 1 -0.2109811440573096 -0.2409695036361836 
0.5 8.5 4.5 1 -0.1840848434376694 0.03358370382400813 
0.5 6.5 4.5 1 -0.1142801379175449 0.0263002948254403 
0.5 2.5 2 1 -0.01599036952898718 -0.09248135086257964 
0.5 4.5 2 1 -0.06699421925746285 -0.09569301525696176 
0.5 4.5 4.5 1 -0.05546784420439083 0.02016383187405221 
0.5 2.5 4.5 1 -0.005240957222512796 0.01492316854214554 
