0 0 0 1 -0.7147642850246468 -0.5249964144048059 
0 0 6.5 1 -0.6324247347491339 0.00311750767152395 
10 0 0 1 -0.2392907081394339 -0.3630395214450729 
10 0 6.5 1 -0.207513128686266 -0.06041637233326203 
10 10 0 1 0.2352827413886644 -0.4560920732269469 
10 10 6.5 1 0.2538902635762051 -0.08990178713560781 
0 10 0 1 0.07001946045557748 -0.7883386114094655 
0 10 6.5 1 0.1206472301246777 -0.03067640382347188 
0 5 10 1 -0.2821213990094634 0.2901865203730271 
10 5 10 1 0.01598126044472536 0.09456996070747602 
0 6 0 1 -0.3128553308698291 -0.6598610667278602 
0 8 0 1 -0.1365440637137953 -0.7190241122381031 
0 8 5 1 -0.0875478807562258 -0.1732656715938944 
0 6 5 1 -0.2575137512360097 -0.1551272078923059 
0 2 2.5 1 -0.565912161097555 -0.3393839996685356 
0 4 2.5 1 -0.4345049577667238 -0.3678324424721945 
0 4 5 1 -0.4054835060908866 -0.1393361316027437 
0 2 5 1 -0.5354675780116434 -0.125464456285435 
0.5 0.5 -0.5 1 -0.6533460569357161 -0.5624497053036296 
0.5 0.5 6 1 -0.5759277233397077 -0.04102818412374443 
10.5 0.5 -0.5 1 -0.2089354814303286 -0.3861573477993598 
10.5 0.5 6 1 -0.1784993130779558 -0.08573157267555323 
10.5 10.5 -0.5 1 0.2659891800121513 -0.4827697096336066 
10.5 10.5 6 1 0.2831343456017447 -0.1198096887783609 
0.5 10.5 -0.5 1 0.1373237891954692 -0.8348101143167134 
0.5 10.5 6 1 0.1814029635111217 -0.09102309084248845 
0.5 5.5 9.5 1 -0.2253739357830232 0.2353090149451461 
10.5 5.5 9.5 1 0.04460860072325674 0.06591152749224161 
0.5 6.5 -0.5 1 -0.2469212664918285 -0.7024500135232857 
0.5 8.5 -0.5 1 -0.06962564571913293 -0.7635226698616535 
0.5 8.5 4.5 1 -0.02558633477783593 -0.2271492061517816 
0.5 6.5 4.5 1 -0.1962770960084957 -0.205729820617365 
0.5 2.5 2 1 -0.5049822646995304 -0.3816360530647023 
0.5 4.5 2 1 -0.3721883886890138 -0.4122771103186654 
0.5 4.5 4.5 1 -0.3453008079168952 -0.1870293571820747 
0.5 2.5 4.5 1 -0.4765367946168316 -0.1705610130558397 
