0 0 0 1 -0.2126319246673438 -0.01070458395666619 
0 0 6.5 1 -0.2339038928063249 0.2541115137565395 
10 0 0 1 0.1796825346618748 0.008332033295917932 
10 0 6.5 1 0.1776768198616319 0.2696113218439531 
10 10 0 1 0.3222616947148484 -0.09985142065969621 
10 10 6.5 1 0.3303900877609986 0.3278743033064382 
0 10 0 1 -0.3161478692224494 -0.133902431382454 
0 10 6.5 1 -0.3606670863906656 0.3033676821993586 
0 5 10 1 -0.298263412220458 0.4674416242857531 
10 5 10 1 0.2353199736029587 0.4828434814091091 
0 6 0 1 -0.2621296173039883 -0.06961347196987136 
0 8 0 1 -0.2860866506128317 -0.0981255523748976 
0 8 5 1 -0.314028044699475 0.1945465058667605 
0 6 5 1 -0.2859157957305972 0.1932846385970517 
0 2 2.5 1 -0.2352444435853766 0.08002844337698031 
0 4 2.5 1 -0.2526782514783592 0.07035919066095568 
0 4 5 1 -0.2632162621465533 0.1922657304869581 
0 2 5 1 -0.2445034796836498 0.1914257746463114 
0.5 0.5 -0.5 1 -0.1940181623619604 -0.03325804063102007 
0.5 0.5 6 1 -0.2147041519403146 0.2346815129725088 
10.5 0.5 -0.5 1 0.2038884607738562 -0.01356800422800745 
10.5 0.5 6 1 0.2030361774194322 0.2507576136394318 
10.5 10.5 -0.5 1 0.3653593484356606 -0.1383319509870703 
10.5 10.5 6 1 0.3772660636217318 0.297595571164069 
0.5 10.5 -0.5 1 -0.2879918719885977 -0.17429609425798 
0.5 10.5 6 1 -0.3313347694562593 0.2715181307577697 
0.5 5.5 9.5 1 -0.2745399307814062 0.446537059717296 
10.5 5.5 9.5 1 0.2694426946024056 0.4627182561930862 
0.5 6.5 -0.5 1 -0.238723856096808 -0.1003534448186039 
0.5 8.5 -0.5 1 -0.2605119912544979 -0.1330536136957371 
0.5 8.5 4.5 1 -0.2876710203466857 0.1645548897970584 
0.5 6.5 4.5 1 -0.2618343491672253 0.1665285200481266 
0.5 2.5 2 1 -0.2150078662035238 0.05658042469721738 
0.5 4.5 2 1 -0.2308238427414919 0.04448266743644577 
0.5 4.5 4.5 1 -0.2410665981421586 0.1681149419747373 
0.5 2.5 4.5 1 -0.2240093114894876 0.1694179262758115 
