0.2772606753971574 -0.2311606851517384 0.2505930426998141 0.1181398554430637 
0.07223150693857303 -0.5480430105684315 0.01026588851049764 0.1199929193045847 
-0.5742266548367335 -0.4110392361319709 -0.6366911101729174 0.0426105196116961 
-0.161192625673011 -0.2086970137569379 -0.1911283913770278 0.07140585070910876 
0.2772606753971574 -0.2311606851517384 0.07223150693857303 -0.5480430105684315 
0.07223150693857303 -0.5480430105684315 -0.5742266548367335 -0.4110392361319709 
-0.5742266548367335 -0.4110392361319709 -0.161192625673011 -0.2086970137569379 
-0.161192625673011 -0.2086970137569379 0.2772606753971574 -0.2311606851517384 
0.2505930426998141 0.1181398554430637 -0.01086450015360471 0.2652593557334952 
-0.01086450015360471 0.2652593557334952 -0.1911283913770278 0.07140585070910876 
0.01026588851049764 0.1199929193045847 -0.4134496532628995 0.382263571928557 
-0.4134496532628995 0.382263571928557 -0.6366911101729174 0.0426105196116961 
-0.01086450015360471 0.2652593557334952 -0.4134496532628995 0.382263571928557 
0.2505930426998141 0.1181398554430637 0.01026588851049764 0.1199929193045847 
-0.1911283913770278 0.07140585070910876 -0.6366911101729174 0.0426105196116961 
-0.008133001834683875 -0.2165388548043741 -0.08777745770138531 -0.2124583589325436 
-0.08777745770138531 -0.2124583589325436 -0.110502689421006 0.01084339045270692 
-0.110502689421006 0.01084339045270692 -0.03054094475443109 0.01632432125292518 
-0.03054094475443109 0.01632432125292518 -0.008133001834683875 -0.2165388548043741 
0.1627588190144572 -0.09962322605144747 0.06769030502387441 -0.1003672983653136 
0.06769030502387441 -0.1003672983653136 0.05662675644079717 0.02229918010896089 
0.05662675644079717 0.02229918010896089 0.1520204504736593 0.02883788481020871 
0.1520204504736593 0.02883788481020871 0.1627588190144572 -0.09962322605144747 
