0 0 0 1 -0.06311604949933214 -0.03720716140232393 
0 0 6.5 1 -0.04829520217329144 0.2143428389215139 
10 0 0 1 0.3352347054905611 -0.09013987164087703 
10 0 6.5 1 0.3692305285034685 0.1948835834721285 
10 10 0 1 0.3255624354404234 -0.2362025560201817 
10 10 6.5 1 0.3836815431908341 0.2462541570512494 
0 10 0 1 -0.2914852513900241 -0.1267609786069804 
0 10 6.5 1 -0.2815654342820029 0.2669867157994921 
0 5 10 1 -0.1303601446110417 0.4119918578159647 
10 5 10 1 0.3996090546538936 0.4232525991652274 
0 6 0 1 -0.1752989686006379 -0.08119912068364493 
0 8 0 1 -0.2276018744016511 -0.1017094383035237 
0 8 5 1 -0.2182691280620181 0.1670982200262169 
0 6 5 1 -0.1649247621964177 0.1631031086240797 
0 2 2.5 1 -0.08924751213316665 0.05212330202859738 
0 4 2.5 1 -0.1263069280127307 0.04600250905399508 
0 4 5 1 -0.1207440506555699 0.1597942893782744 
0 2 5 1 -0.0835525221978641 0.1570089099479772 
0.5 0.5 -0.5 1 -0.05384062095859556 -0.06158154550789849 
0.5 0.5 6 1 -0.03833343592185302 0.1946442963485094 
10.5 0.5 -0.5 1 0.3555560809598441 -0.1192122379370528 
10.5 0.5 6 1 0.39131367427498 0.171817362317409 
10.5 10.5 -0.5 1 0.3598810259138874 -0.2919879666262117 
10.5 10.5 6 1 0.4232792635080988 0.207889180309707 
0.5 10.5 -0.5 1 -0.284614811251731 -0.168107406886184 
0.5 10.5 6 1 -0.2739157123441965 0.2372087566296032 
0.5 5.5 9.5 1 -0.1200723679335421 0.392646867417664 
10.5 5.5 9.5 1 0.4296934605621113 0.4005765092188412 
0.5 6.5 -0.5 1 -0.1665151473340591 -0.1135923486323311 
0.5 8.5 -0.5 1 -0.2195010298468361 -0.1380507456844129 
0.5 8.5 4.5 1 -0.2095353575880138 0.1377255153952391 
0.5 6.5 4.5 1 -0.1555137159062382 0.1364550966445766 
0.5 2.5 2 1 -0.07970305010622218 0.0275280448150769 
0.5 4.5 2 1 -0.1168830396396466 0.01911995700629281 
0.5 4.5 4.5 1 -0.1110134055431558 0.1354085895978529 
0.5 2.5 4.5 1 -0.07372108373848081 0.1345315917243806 
