0 0 0 1 -0.266192103191139 -0.05024967977990254 
0 0 6.5 1 -0.2963015797595588 0.2217846643242067 
10 0 0 1 0.1285834985349031 -0.01060880734779771 
10 0 6.5 1 0.1143490607150252 0.2449125692031853 
10 10 0 1 0.3146851838654015 -0.0918984437321695 
10 10 6.5 1 0.3021028116842867 0.3217654869170122 
0 10 0 1 -0.3238219391457335 -0.1673577352459114 
0 10 6.5 1 -0.3791574340468917 0.2914031564430686 
0 5 10 1 -0.3494403065543685 0.4451521028087566 
10 5 10 1 0.177168989480661 0.4558631464947634 
0 6 0 1 -0.2934541396849097 -0.1056481383898534 
0 8 0 1 -0.3068417348704975 -0.1328527141721882 
0 8 5 1 -0.3428792962108624 0.1734386617190861 
0 6 5 1 -0.3250224134913838 0.1680427246555083 
0 2 2.5 1 -0.286129822816064 0.04559814964106294 
0 4 2.5 1 -0.2964264812905477 0.03794076802499568 
0 4 5 1 -0.3106997656980262 0.1637147516665583 
0 2 5 1 -0.2989565920992752 0.1601662361355463 
0.5 0.5 -0.5 1 -0.2443013442738219 -0.07210697905998702 
0.5 0.5 6 1 -0.2740143398088281 0.2030694504609092 
10.5 0.5 -0.5 1 0.1542653064002635 -0.03053554448174594 
10.5 0.5 6 1 0.1407527552608984 0.2277617868898428 
10.5 10.5 -0.5 1 0.3601308868663596 -0.1258170043626651 
10.5 10.5 6 1 0.3499424191930949 0.2951714306421081 
0.5 10.5 -0.5 1 -0.2882651798647164 -0.2070090803604149 
0.5 10.5 6 1 -0.3426479239894676 0.2607461748472014 
0.5 5.5 9.5 1 -0.3214340490063614 0.4250372503268368 
10.5 5.5 9.5 1 0.2119614323806721 0.4376478887992613 
0.5 6.5 -0.5 1 -0.2649946142891489 -0.1356038412041746 
0.5 8.5 -0.5 1 -0.2752246551152958 -0.1669945054919421 
0.5 8.5 4.5 1 -0.3106617587427632 0.1444778968326868 
0.5 6.5 4.5 1 -0.296066058347537 0.142219792117615 
0.5 2.5 2 1 -0.262235726343812 0.02292309797156223 
0.5 4.5 2 1 -0.2703442466747388 0.01289096481252329 
0.5 4.5 4.5 1 -0.2844094393187718 0.1404163934674715 
0.5 2.5 4.5 1 -0.2748853592053001 0.1389429204837437 
