0 0 0 1 0.2994949145363244 -0.3999685999088283 
0 0 6.5 1 0.3263618089547498 0.02807592010830095 
10 0 0 1 -0.3814533252479053 -0.3550764494063436 
10 0 6.5 1 -0.3274740234747436 0.09548007613568307 
10 10 0 1 -0.262210800446879 -0.2409094290140039 
10 10 6.5 1 -0.2326250659542375 0.02583288753143985 
0 10 0 1 0.1438899261365552 -0.2717593770738889 
0 10 6.5 1 0.1636835809817592 -0.01306574283972243 
0 5 10 1 0.237250441003819 0.1690771528254972 
10 5 10 1 -0.2483764763308972 0.2246331953499584 
0 6 0 1 0.1884662072347726 -0.3084875720710278 
0 8 0 1 0.1642516874750245 -0.2885362530828301 
0 8 5 1 0.1804817121335638 -0.07126149654582019 
0 6 5 1 0.2057188786309295 -0.07066899278476121 
0 2 2.5 1 0.2637604456138067 -0.2139040342467112 
0 4 2.5 1 0.2270298304279208 -0.1998245199972574 
0 4 5 1 0.2361145118489074 -0.06995538149233262 
0 2 5 1 0.2734302317958208 -0.06907930436150746 
0.5 0.5 -0.5 1 0.2535344465114325 -0.4207745905953531 
0.5 0.5 6 1 0.2813021983093628 -0.00303433994370346 
10.5 0.5 -0.5 1 -0.4108310442349891 -0.3783363615749977 
10.5 0.5 6 1 -0.357244422663221 0.06082715886929234 
10.5 10.5 -0.5 1 -0.2817043611395205 -0.2566752947771685 
10.5 10.5 6 1 -0.2521737464265117 0.006034933560122631 
0.5 10.5 -0.5 1 0.1184415999586969 -0.2865059693955146 
0.5 10.5 6 1 0.1384648881412652 -0.03160859380529336 
0.5 5.5 9.5 1 0.2050717009251183 0.1429348722926286 
10.5 5.5 9.5 1 -0.2720724794365787 0.1963028330234158 
0.5 6.5 -0.5 1 0.1574370660125529 -0.3252635172132109 
0.5 8.5 -0.5 1 0.136283824077523 -0.3042393349489462 
0.5 8.5 4.5 1 0.152733918954428 -0.09044316437979195 
0.5 6.5 4.5 1 0.1749703392985795 -0.09160685970791241 
0.5 2.5 2 1 0.2243630403016411 -0.236462644157958 
0.5 4.5 2 1 0.1923891612935682 -0.2203965790720311 
0.5 4.5 4.5 1 0.2016574815590902 -0.09300347401402799 
0.5 2.5 4.5 1 0.2342801940786705 -0.09471071364891988 
