0 0 0 1 -0.2728841382085629 -0.3793554048249085 
0 0 6.5 1 -0.2896814665850246 0.2760415856363476 
10 0 0 1 -0.2482817869642821 -0.09937438350294618 
10 0 6.5 1 -0.2547906589555195 0.2369949473052632 
10 10 0 1 0.2203597370229193 -0.08375293410581472 
10 10 6.5 1 0.2424532797008704 0.2188120293315413 
0 10 0 1 0.562261867139517 -0.3032807435440573 
0 10 6.5 1 0.6411976894080684 0.2347523930902092 
0 5 10 1 0.2516907770897265 0.6356144681143887 
10 5 10 1 0.01289101965720822 0.4161128513455687 
0 6 0 1 0.2654081736558129 -0.330321577167311 
0 8 0 1 0.4191479743133659 -0.3163171956753175 
0 8 5 1 0.4683037808630389 0.1018055449235775 
0 6 5 1 0.3027458457421376 0.103459859519321 
0 2 2.5 1 -0.07574200324146589 -0.1381682566396852 
0 4 2.5 1 0.1109967649701942 -0.1301493732490568 
0 4 5 1 0.1232268072912408 0.1052536784945714 
0 2 5 1 -0.07209703125721442 0.1072054247323543 
0.5 0.5 -0.5 1 -0.2222524643549325 -0.3912254084065492 
0.5 0.5 6 1 -0.2314168566049926 0.2166228955556909 
10.5 0.5 -0.5 1 -0.2221129048288937 -0.1149977360000768 
10.5 0.5 6 1 -0.2267140204384404 0.2084846022177496 
10.5 10.5 -0.5 1 0.2299645537204371 -0.09836913817610463 
10.5 10.5 6 1 0.2519097181692917 0.1937304366157565 
0.5 10.5 -0.5 1 0.5610923291597768 -0.3171698111698865 
0.5 10.5 6 1 0.6353644517340521 0.1884574017459696 
0.5 5.5 9.5 1 0.2711169708770214 0.5543355516500555 
10.5 5.5 9.5 1 0.0311260187205622 0.3819908279455262 
0.5 6.5 -0.5 1 0.2807059637127129 -0.343676886881764 
0.5 8.5 -0.5 1 0.4256470885519166 -0.3299744896066624 
0.5 8.5 4.5 1 0.4724683953607883 0.06268691741710733 
0.5 6.5 4.5 1 0.3170772511535562 0.062754241150124 
0.5 2.5 2 1 -0.03722666357620374 -0.1651806912988884 
0.5 4.5 2 1 0.1368121670290953 -0.1566220282529277 
0.5 4.5 4.5 1 0.1494058089511256 0.0628268853633252 
0.5 2.5 4.5 1 -0.03206155650554164 0.06290550670642417 
