0.1607884862115048 -0.4077624086975468 0.1592896600347108 -0.1134811912772171 
0.6499916867710099 -0.5434123373975078 0.6074387546788235 -0.07828140361519234 
0.08060386492336684 -0.7348876028214701 0.08721851680489043 0.007671929163805632 
-0.2853289981117496 -0.4623169043519824 -0.2564405238697045 -0.07713675036404979 
0.1607884862115048 -0.4077624086975468 0.6499916867710099 -0.5434123373975078 
0.6499916867710099 -0.5434123373975078 0.08060386492336684 -0.7348876028214701 
0.08060386492336684 -0.7348876028214701 -0.2853289981117496 -0.4623169043519824 
-0.2853289981117496 -0.4623169043519824 0.1607884862115048 -0.4077624086975468 
0.1592896600347108 -0.1134811912772171 -0.016922476254815 0.06588673043463938 
-0.016922476254815 0.06588673043463938 -0.2564405238697045 -0.07713675036404979 
0.6074387546788235 -0.07828140361519234 0.3891722029906199 0.2185589926331289 
0.3891722029906199 0.2185589926331289 0.08721851680489043 0.007671929163805632 
-0.016922476254815 0.06588673043463938 0.3891722029906199 0.2185589926331289 
0.1592896600347108 -0.1134811912772171 0.6074387546788235 -0.07828140361519234 
-0.2564405238697045 -0.07713675036404979 0.08721851680489043 0.007671929163805632 
-0.07667195636212865 -0.4368008013580256 -0.1747609670058933 -0.4487958400932384 
-0.1747609670058933 -0.4487958400932384 -0.1590948222350005 -0.1654801964376237 
-0.1590948222350005 -0.1654801964376237 -0.06657707169936963 -0.169280524969057 
-0.06657707169936963 -0.169280524969057 -0.07667195636212865 -0.4368008013580256 
0.09061986704496838 -0.293439436667548 0.01378860727145014 -0.2964235081325198 
0.01378860727145014 -0.2964235081325198 0.01650894685620576 -0.1726934286016236 
0.01650894685620576 -0.1726934286016236 0.09153556079116512 -0.1757752780835135 
0.09153556079116512 -0.1757752780835135 0.09061986704496838 -0.293439436667548 
