0.2565102745933123 -0.0279676142915264 0.2646397399088764 0.3496392855030928 
-0.205640392481525 -0.189549547144883 -0.2505193562174849 0.4428771395643806 
-0.5355556447215671 -0.0542335027374075 -0.5867214766379888 0.3280601715001984 
-0.1057182944337842 0.02452941815389102 -0.1189492868384643 0.2961526745700298 
0.2565102745933123 -0.0279676142915264 -0.205640392481525 -0.189549547144883 
-0.205640392481525 -0.189549547144883 -0.5355556447215671 -0.0542335027374075 
-0.5355556447215671 -0.0542335027374075 -0.1057182944337842 0.02452941815389102 
-0.1057182944337842 0.02452941815389102 0.2565102745933123 -0.0279676142915264 
0.2646397399088764 0.3496392855030928 0.03697462392066215 0.5051312577727977 
0.03697462392066215 0.5051312577727977 -0.1189492868384643 0.2961526745700298 
-0.2505193562174849 0.4428771395643806 -0.4947915540862506 0.6664473480615331 
-0.4947915540862506 0.6664473480615331 -0.5867214766379888 0.3280601715001984 
0.03697462392066215 0.5051312577727977 -0.4947915540862506 0.6664473480615331 
0.2646397399088764 0.3496392855030928 -0.2505193562174849 0.4428771395643806 
-0.1189492868384643 0.2961526745700298 -0.5867214766379888 0.3280601715001984 
0.01246418721659027 0.007401477112842013 -0.05004777776899956 0.01646120606489444 
-0.05004777776899956 0.01646120606489444 -0.05835472640045686 0.235015588515802 
-0.05835472640045686 0.235015588515802 0.006438811721529913 0.2395818923692405 
0.006438811721529913 0.2395818923692405 0.01246418721659027 0.007401477112842013 
0.1642043720073775 0.1147635138035176 0.08167857498020727 0.1180562377447085 
0.08167857498020727 0.1180562377447085 0.08012449743866784 0.2447748674773439 
0.08012449743866784 0.2447748674773439 0.1646677063406145 0.250733023055516 
0.1646677063406145 0.250733023055516 0.1642043720073775 0.1147635138035176 
