0 0 0 1 -0.4383458442613283 -0.4310235640450814 
0 0 6.5 1 -0.4509764428869 -0.0948932460800872 
10 0 0 1 -0.003189438343377971 -0.3308084143172423 
10 0 6.5 1 -0.02473206434061907 -0.06889287977169113 
10 10 0 1 0.3209506492913031 -0.4174435035219904 
10 10 6.5 1 0.2760512614818288 -0.0243966303247382 
0 10 0 1 -0.2843564161754027 -0.6361701719845029 
0 10 6.5 1 -0.3149336046359135 -0.04833109646674802 
0 5 10 1 -0.4100797893958534 0.137748593846701 
10 5 10 1 0.08086718339240721 0.1100982643955048 
0 6 0 1 -0.3674347380617016 -0.5254922109054894 
0 8 0 1 -0.3313600051751922 -0.5735514132544883 
0 8 5 1 -0.3503301193927587 -0.1756137859253548 
0 6 5 1 -0.3830109290967574 -0.1738800923259238 
0 2 2.5 1 -0.4248692150426326 -0.3118958717604693 
0 4 2.5 1 -0.402652283204524 -0.3274456576717082 
0 4 5 1 -0.4090992570928503 -0.1724961251697749 
0 2 5 1 -0.4304071258117979 -0.1713657579619198 
0.5 0.5 -0.5 1 -0.4047674813464113 -0.4574808959821163 
0.5 0.5 6 1 -0.4186729695305408 -0.1170832653294266 
10.5 0.5 -0.5 1 0.02650049052580158 -0.3506243670084483 
10.5 0.5 6 1 0.003990907316342965 -0.08611848925190066 
10.5 10.5 -0.5 1 0.3698598296234247 -0.4485015185623181 
10.5 10.5 6 1 0.3224713928854822 -0.04959697705491778 
0.5 10.5 -0.5 1 -0.222055003165573 -0.6867968256108979 
0.5 10.5 6 1 -0.2568376212593845 -0.08582158495931701 
0.5 5.5 9.5 1 -0.3696013657463685 0.1131703284062187 
10.5 5.5 9.5 1 0.1156635687568338 0.09147214582572506 
0.5 6.5 -0.5 1 -0.3209869741174941 -0.5626308293159246 
0.5 8.5 -0.5 1 -0.2781316064038966 -0.6164170763455351 
0.5 8.5 4.5 1 -0.2995271249735301 -0.2106882939961174 
0.5 6.5 4.5 1 -0.3384257639894505 -0.2049434418246267 
0.5 2.5 2 1 -0.3884777703872666 -0.3391193274142222 
0.5 4.5 2 1 -0.3622113690314678 -0.3576852087516265 
0.5 4.5 4.5 1 -0.3693823702944576 -0.200371530532807 
0.5 2.5 4.5 1 -0.3946039554577417 -0.1966466115649627 
