0.3204453308522248 -0.540184381895512 0.3317444372075279 -0.07889844531964686 
-0.3826921365865361 -0.4843880036636888 -0.3295868538557914 -0.0327228252672894 
-0.2214936777623485 -0.3441806002323253 -0.1951693858860614 -0.07582738838689888 
0.1926602552955606 -0.3757233309382451 0.2041177920500371 -0.1039872066292085 
0.3204453308522248 -0.540184381895512 -0.3826921365865361 -0.4843880036636888 
-0.3826921365865361 -0.4843880036636888 -0.2214936777623485 -0.3441806002323253 
-0.2214936777623485 -0.3441806002323253 0.1926602552955606 -0.3757233309382451 
0.1926602552955606 -0.3757233309382451 0.3204453308522248 -0.540184381895512 
0.3317444372075279 -0.07889844531964686 0.2581784617556248 0.07701856272944411 
0.2581784617556248 0.07701856272944411 0.2041177920500371 -0.1039872066292085 
-0.3295868538557914 -0.0327228252672894 -0.2280384588669631 0.1094531563842659 
-0.2280384588669631 0.1094531563842659 -0.1951693858860614 -0.07582738838689888 
0.2581784617556248 0.07701856272944411 -0.2280384588669631 0.1094531563842659 
0.3317444372075279 -0.07889844531964686 -0.3295868538557914 -0.0327228252672894 
0.2041177920500371 -0.1039872066292085 -0.1951693858860614 -0.07582738838689888 
0.2286029474564887 -0.421982042303944 0.2090136331887624 -0.3967703405620308 
0.2090136331887624 -0.3967703405620308 0.2181750317460548 -0.1669286289671451 
0.2181750317460548 -0.1669286289671451 0.2379808562279416 -0.1693170865180849 
0.2379808562279416 -0.1693170865180849 0.2286029474564887 -0.421982042303944 
0.287059049425248 -0.3300758890221211 0.257324053548605 -0.3098107534649934 
0.257324053548605 -0.3098107534649934 0.2619742130336554 -0.1722105340636495 
0.2619742130336554 -0.1722105340636495 0.2916401435948284 -0.1757880582368688 
0.2916401435948284 -0.1757880582368688 0.287059049425248 -0.3300758890221211 
