-0.3870779766008873 -0.3792608472276257 -0.4109512893010591 -0.06710302151812034 
0.03163772459772419 -0.2853875762950547 0.006822586516943101 -0.03056875322817333 
0.324706932550783 -0.384591875010612 0.281280156479422 0.005841233466450563 
-0.2911958587665382 -0.5867019162656644 -0.3348536491182444 -0.04334829789434596 
-0.3870779766008873 -0.3792608472276257 0.03163772459772419 -0.2853875762950547 
0.03163772459772419 -0.2853875762950547 0.324706932550783 -0.384591875010612 
0.324706932550783 -0.384591875010612 -0.2911958587665382 -0.5867019162656644 
-0.2911958587665382 -0.5867019162656644 -0.3870779766008873 -0.3792608472276257 
-0.4109512893010591 -0.06710302151812034 -0.3991499627023479 0.1488531895851803 
-0.3991499627023479 0.1488531895851803 -0.3348536491182444 -0.04334829789434596 
0.006822586516943101 -0.03056875322817333 0.09884239541003109 0.1460717283465756 
0.09884239541003109 0.1460717283465756 0.281280156479422 0.005841233466450563 
-0.3991499627023479 0.1488531895851803 0.09884239541003109 0.1460717283465756 
-0.4109512893010591 -0.06710302151812034 0.006822586516943101 -0.03056875322817333 
-0.3348536491182444 -0.04334829789434596 0.281280156479422 0.005841233466450563 
-0.3427249516768731 -0.4752186661944925 -0.3202924855830138 -0.5237513316463469 
-0.3202924855830138 -0.5237513316463469 -0.3492715487163303 -0.1577730554632984 
-0.3492715487163303 -0.1577730554632984 -0.3680842595579165 -0.1512557242747213 
-0.3680842595579165 -0.1512557242747213 -0.3427249516768731 -0.4752186661944925 
-0.3852536968093894 -0.2726996321558951 -0.3718969314397219 -0.2903231623532888 
-0.3718969314397219 -0.2903231623532888 -0.3830856622606363 -0.1460587534325013 
-0.3830856622606363 -0.1460587534325013 -0.3953274375284286 -0.1418178067434165 
-0.3953274375284286 -0.1418178067434165 -0.3852536968093894 -0.2726996321558951 
