0.2860568677967152 -0.2630631240916507 0.2527459039756582 0.08519839962283293 
0.1686759663887608 -0.5804461595864497 0.1005878678008541 0.1134074670697294 
-0.5828206948072657 -0.4787501106856122 -0.6373485174465006 0.01443800879512483 
-0.1743055620492347 -0.2570375268807928 -0.2041885360212996 0.03216448791100437 
0.2860568677967152 -0.2630631240916507 0.1686759663887608 -0.5804461595864497 
0.1686759663887608 -0.5804461595864497 -0.5828206948072657 -0.4787501106856122 
-0.5828206948072657 -0.4787501106856122 -0.1743055620492347 -0.2570375268807928 
-0.1743055620492347 -0.2570375268807928 0.2860568677967152 -0.2630631240916507 
0.2527459039756582 0.08519839962283293 -0.01402654318259136 0.227760674603954 
-0.01402654318259136 0.227760674603954 -0.2041885360212996 0.03216448791100437 
0.1005878678008541 0.1134074670697294 -0.3642694970788889 0.3706158386679536 
-0.3642694970788889 0.3706158386679536 -0.6373485174465006 0.01443800879512483 
-0.01402654318259136 0.227760674603954 -0.3642694970788889 0.3706158386679536 
0.2527459039756582 0.08519839962283293 0.1005878678008541 0.1134074670697294 
-0.2041885360212996 0.03216448791100437 -0.6373485174465006 0.01443800879512483 
-0.01016780905588923 -0.2591858950414269 -0.09510504530621607 -0.2580741675400771 
-0.09510504530621607 -0.2580741675400771 -0.11856766947538 -0.02806636582706162 
-0.11856766947538 -0.02806636582706162 -0.03414536541141904 -0.02081929221289594 
-0.03414536541141904 -0.02081929221289594 -0.01016780905588923 -0.2591858950414269 
0.1671099315991845 -0.1334202876357591 0.06892563255058665 -0.1369582251034967 
0.06892563255058665 -0.1369582251034967 0.05664788583769654 -0.01302531664249129 
0.05664788583769654 -0.01302531664249129 0.1545615405432265 -0.004620103454453091 
0.1545615405432265 -0.004620103454453091 0.1671099315991845 -0.1334202876357591 
