0 0 0 1 -0.4088781226942433 -0.4082357516276065 
0 0 6.5 1 -0.4283521383585698 -0.08561926545859723 
10 0 0 1 0.0169310164702287 -0.3100969732350692 
10 0 6.5 1 -0.006831808887473693 -0.05216287432921851 
10 10 0 1 0.3241847245786911 -0.4053610795999978 
10 10 6.5 1 0.2795306760257068 -0.01343585698660531 
0 10 0 1 -0.2882078718662698 -0.6185213695405239 
0 10 6.5 1 -0.3266086017993556 -0.05488942757876871 
0 5 10 1 -0.4042922710947482 0.1366600036701626 
10 5 10 1 0.09100551319740263 0.1249845629186684 
0 6 0 1 -0.3532028423204262 -0.5052580968663967 
0 8 0 1 -0.3249495179187284 -0.5544936602230599 
0 8 5 1 -0.3499704534287886 -0.1741821202727248 
0 6 5 1 -0.3747149272533309 -0.1690070939864007 
0 2 2.5 1 -0.4022603240630895 -0.296637855443774 
0 4 2.5 1 -0.3851303184765173 -0.3138802987099829 
0 4 5 1 -0.394447052387161 -0.1648803436268386 
0 2 5 1 -0.4105497485634524 -0.1615126472036337 
0.5 0.5 -0.5 1 -0.3769872812806673 -0.4338130072785756 
0.5 0.5 6 1 -0.3974308481385189 -0.1071099522211292 
10.5 0.5 -0.5 1 0.04619616419354382 -0.3296860275180014 
10.5 0.5 6 1 0.02166732728203971 -0.06914286148772206 
10.5 10.5 -0.5 1 0.3731431844030375 -0.436639586185516 
10.5 10.5 6 1 0.3264826138524808 -0.03866205242789041 
0.5 10.5 -0.5 1 -0.229544504446261 -0.6677837924448928 
0.5 10.5 6 1 -0.2710861875853841 -0.09158213980114771 
0.5 5.5 9.5 1 -0.3653729169014857 0.112825981748749 
10.5 5.5 9.5 1 0.1259330180284881 0.1066015821664999 
0.5 6.5 -0.5 1 -0.3092646301029621 -0.5412792542510405 
0.5 8.5 -0.5 1 -0.2746982914947415 -0.5961311334554947 
0.5 8.5 4.5 1 -0.3015344025010743 -0.2084059889964347 
0.5 6.5 4.5 1 -0.3321770638296903 -0.1992425937965859 
0.5 2.5 2 1 -0.3676168272642316 -0.3230237898312848 
0.5 4.5 2 1 -0.3466660453745475 -0.3432317135390403 
0.5 4.5 4.5 1 -0.3565315358401348 -0.1919596215533445 
0.5 2.5 4.5 1 -0.3763532989157076 -0.186032112624816 
