0 0 0 1 -0.432301441556102 -0.427599532543232 
0 0 6.5 1 -0.4464169348179554 -0.09417760216658129 
10 0 0 1 0.0009721873689364115 -0.327498042101702 
10 0 6.5 1 -0.02109400124641413 -0.06636680992471332 
10 10 0 1 0.3218132057979267 -0.416107851744369 
10 10 6.5 1 0.2768440962359174 -0.02318384635199385 
0 10 0 1 -0.2852165384364778 -0.6344878457159143 
0 10 6.5 1 -0.31745825949661 -0.05128513955455446 
0 5 10 1 -0.4090297736777805 0.1362392943152042 
10 5 10 1 0.0829087688779893 0.1121950620808607 
0 6 0 1 -0.3645530958385507 -0.5228937515178634 
0 8 0 1 -0.3300983197817159 -0.5713575322863331 
0 8 5 1 -0.3503702580694364 -0.1768559678825267 
0 6 5 1 -0.3814117086005382 -0.1743047915670505 
0 2 2.5 1 -0.4202784765974766 -0.3100616933990384 
0 4 2.5 1 -0.39911791527169 -0.3260441135382099 
0 4 5 1 -0.4061836273619209 -0.1722688837292509 
0 2 5 1 -0.4264112065808243 -0.1706064575172097 
0.5 0.5 -0.5 1 -0.3990624998793396 -0.4538796136016751 
0.5 0.5 6 1 -0.4143902167581418 -0.1162221985442298 
10.5 0.5 -0.5 1 0.03058432366515324 -0.3472662578107832 
10.5 0.5 6 1 0.007589829920857489 -0.08353822114028804 
10.5 10.5 -0.5 1 0.3707591614010713 -0.4472139035733143 
10.5 10.5 6 1 0.3233896134197878 -0.04838539150530104 
0.5 10.5 -0.5 1 -0.223625788248285 -0.6848694753835473 
0.5 10.5 6 1 -0.2598555313994568 -0.08862094415356465 
0.5 5.5 9.5 1 -0.368857176520963 0.1118166995917892 
10.5 5.5 9.5 1 0.1177399929701472 0.09362368044397966 
0.5 6.5 -0.5 1 -0.3186028604959402 -0.5598173093519007 
0.5 8.5 -0.5 1 -0.2774562289131662 -0.6139932834324144 
0.5 8.5 4.5 1 -0.3000285266585715 -0.2117641174650541 
0.5 6.5 4.5 1 -0.3372292632791583 -0.2052027364314478 
0.5 2.5 2 1 -0.3842363597495607 -0.3371161776702171 
0.5 4.5 2 1 -0.35906989390637 -0.3561068057253637 
0.5 4.5 4.5 1 -0.366823744745514 -0.1999829293245826 
0.5 2.5 4.5 1 -0.3909284222240086 -0.1957314013174446 
