-0.3420352829649654 -0.3983941740486756 -0.3512494836561927 0.2458313279939039 
-0.2501282988700556 -0.1157738278193853 -0.2490926360347429 0.2147203073357147 
0.2245846902505285 -0.1165895418715339 0.2519095056670008 0.1890077347008634 
0.5325961646314332 -0.3632866466125794 0.617187608396827 0.1924257228185416 
-0.3420352829649654 -0.3983941740486756 -0.2501282988700556 -0.1157738278193853 
-0.2501282988700556 -0.1157738278193853 0.2245846902505285 -0.1165895418715339 
0.2245846902505285 -0.1165895418715339 0.5325961646314332 -0.3632866466125794 
0.5325961646314332 -0.3632866466125794 -0.3420352829649654 -0.3983941740486756 
-0.3512494836561927 0.2458313279939039 0.1988965310797456 0.5983448207936537 
0.1988965310797456 0.5983448207936537 0.617187608396827 0.1924257228185416 
-0.2490926360347429 0.2147203073357147 0.02012905516628163 0.3880240961278884 
0.02012905516628163 0.3880240961278884 0.2519095056670008 0.1890077347008634 
0.1988965310797456 0.5983448207936537 0.02012905516628163 0.3880240961278884 
-0.3512494836561927 0.2458313279939039 -0.2490926360347429 0.2147203073357147 
0.617187608396827 0.1924257228185416 0.2519095056670008 0.1890077347008634 
0.2114044415797048 -0.3761792166891233 0.3762692100681447 -0.3695615785984055 
0.3762692100681447 -0.3695615785984055 0.4288460930497993 0.05921239368464132 
0.4288460930497993 0.05921239368464132 0.2516718951411169 0.06473171343602166 
0.2516718951411169 0.06473171343602166 0.2114044415797048 -0.3761792166891233 
-0.1417432515054086 -0.1668731283164819 0.0499367512278911 -0.1657137866436439 
0.0499367512278911 -0.1657137866436439 0.06368744812457253 0.07058779340487518 
0.06368744812457253 0.07058779340487518 -0.136127758998918 0.07681242448728165 
-0.136127758998918 0.07681242448728165 -0.1417432515054086 -0.1668731283164819 
