0.2545898454845933 -0.4947861521214728 0.2001709725992573 0.1249977485322757 
-0.2246217587951951 -0.3069445818626154 -0.264266066534547 0.05478264834783771 
0.1359237135318534 -0.1816736692343787 0.1116394997788965 0.08207840222582483 
0.5844619356212426 -0.2422396073606533 0.5574695343201754 0.1364852111256575 
0.2545898454845933 -0.4947861521214728 -0.2246217587951951 -0.3069445818626154 
-0.2246217587951951 -0.3069445818626154 0.1359237135318534 -0.1816736692343787 
0.1359237135318534 -0.1816736692343787 0.5844619356212426 -0.2422396073606533 
0.5844619356212426 -0.2422396073606533 0.2545898454845933 -0.4947861521214728 
0.2001709725992573 0.1249977485322757 0.4026558606344139 0.3940636538703425 
0.4026558606344139 0.3940636538703425 0.5574695343201754 0.1364852111256575 
-0.264266066534547 0.05478264834783771 -0.06302922002672399 0.238521220358821 
-0.06302922002672399 0.238521220358821 0.1116394997788965 0.08207840222582483 
0.4026558606344139 0.3940636538703425 -0.06302922002672399 0.238521220358821 
0.2001709725992573 0.1249977485322757 -0.264266066534547 0.05478264834783771 
0.5574695343201754 0.1364852111256575 0.1116394997788965 0.08207840222582483 
0.4890143436840348 -0.3153132630903546 0.540767252600883 -0.2756917894371662 
0.540767252600883 -0.2756917894371662 0.5176708116118283 0.03880672088563203 
0.5176708116118283 0.03880672088563203 0.4629164939270285 0.02801351915304512 
0.4629164939270285 0.02801351915304512 0.4890143436840348 -0.3153132630903546 
0.3331347161291336 -0.2133090011215031 0.4119261156616882 -0.1756695179237126 
0.4119261156616882 -0.1756695179237126 0.3968400549132561 0.01498849453029096 
0.3968400549132561 0.01498849453029096 0.315524752053257 -0.001040423458728549 
0.315524752053257 -0.001040423458728549 0.3331347161291336 -0.2133090011215031 
