0.2683718954937466 -0.2722867349254761 0.3127375734347894 0.1189727918384436 
-0.3710092409569994 -0.2802520424104498 -0.3344200289409088 0.202485343505562 
-0.3493589712474677 -0.1282329170160719 -0.327744420208159 0.1547305587439169 
0.05502945012079277 -0.1411214363842771 0.07993140499538616 0.1077420490791774 
0.2683718954937466 -0.2722867349254761 -0.3710092409569994 -0.2802520424104498 
-0.3710092409569994 -0.2802520424104498 -0.3493589712474677 -0.1282329170160719 
-0.3493589712474677 -0.1282329170160719 0.05502945012079277 -0.1411214363842771 
0.05502945012079277 -0.1411214363842771 0.2683718954937466 -0.2722867349254761 
0.3127375734347894 0.1189727918384436 0.1877293474393895 0.2804351083505786 
0.1877293474393895 0.2804351083505786 0.07993140499538616 0.1077420490791774 
-0.3344200289409088 0.202485343505562 -0.3150885885105714 0.3706406521353988 
-0.3150885885105714 0.3706406521353988 -0.327744420208159 0.1547305587439169 
0.1877293474393895 0.2804351083505786 -0.3150885885105714 0.3706406521353988 
0.3127375734347894 0.1189727918384436 -0.3344200289409088 0.202485343505562 
0.07993140499538616 0.1077420490791774 -0.327744420208159 0.1547305587439169 
0.1185856201652723 -0.1801964737189537 0.08431591186638263 -0.1591270774622184 
0.08431591186638263 -0.1591270774622184 0.1052743717676062 0.04658929854922406 
0.1052743717676062 0.04658929854922406 0.1417981867070718 0.04297515983081077 
0.1417981867070718 0.04297515983081077 0.1185856201652723 -0.1801964737189537 
0.2228211558037431 -0.1019560025721172 0.1721280262880734 -0.08411794758021428 
0.1721280262880734 -0.08411794758021428 0.1852117342258401 0.03867926184613131 
0.1852117342258401 0.03867926184613131 0.2376675199333015 0.03348860784560212 
0.2376675199333015 0.03348860784560212 0.2228211558037431 -0.1019560025721172 
