0 0 0 1 0.1769217861647682 -0.3992360539313627 
0 0 6.5 1 0.1706928836560623 -0.1024854109778253 
10 0 0 1 0.6670265720395981 -0.5282610686909026 
10 0 6.5 1 0.6147008285197983 -0.05061899756752775 
10 10 0 1 0.04658488605391727 -0.7076851432400576 
10 10 6.5 1 0.0488827540337747 0.0375588329902235 
0 10 0 1 -0.2786821726382633 -0.4511509989472131 
0 10 6.5 1 -0.2545669619532668 -0.06939916283316101 
0 5 10 1 -0.01371326936955492 0.07530485035198087 
10 5 10 1 0.3720457353659355 0.2502444620396722 
0 6 0 1 -0.06759914803505772 -0.427098610015289 
0 8 0 1 -0.1672629476299161 -0.4384550536459176 
0 8 5 1 -0.1552075071457903 -0.1563729298266708 
0 6 5 1 -0.06108073591540249 -0.1597227782327413 
0 2 2.5 1 0.1022943101557833 -0.283786397253821 
0 4 2.5 1 0.0230907511374966 -0.2867500838484769 
0 4 5 1 0.02405728947464985 -0.1627527289568641 
0 2 5 1 0.1014354771729905 -0.1655065172291875 
0.5 0.5 -0.5 1 0.1748321225231329 -0.4304660500084353 
0.5 0.5 6 1 0.1685086924316173 -0.1217430261707417 
10.5 0.5 -0.5 1 0.6932485439180021 -0.5880505133017414 
10.5 0.5 6 1 0.6356412810270955 -0.07863987441096242 
10.5 10.5 -0.5 1 0.02785136386040851 -0.8240523402575032 
10.5 10.5 6 1 0.03301278247323691 0.00154080929447708 
0.5 10.5 -0.5 1 -0.3031332455086563 -0.494503406786884 
0.5 10.5 6 1 -0.2761569494960626 -0.09270788028871882 
0.5 5.5 9.5 1 -0.02297470791421817 0.06099979188251066 
10.5 5.5 9.5 1 0.3807521148111336 0.2370874351685299 
0.5 6.5 -0.5 1 -0.0804065426872048 -0.4646626896834721 
0.5 8.5 -0.5 1 -0.1852895507947307 -0.4787148178488161 
0.5 8.5 4.5 1 -0.1717431932533951 -0.182470984636613 
0.5 6.5 4.5 1 -0.07296647856915164 -0.1845943515171168 
0.5 2.5 2 1 0.0973693929571562 -0.311474336624266 
0.5 4.5 2 1 0.01481062143038904 -0.3159612344087555 
0.5 4.5 4.5 1 0.01601670056137735 -0.1865071903485325 
0.5 2.5 4.5 1 0.09659406648095001 -0.1882393324901171 
