0 0 0 1 0.2554916174506682 -0.1955646996869139 
0 0 6.5 1 0.2945631917515083 0.1773434634594828 
10 0 0 1 -0.3297999864723314 -0.2894488460363948 
10 0 6.5 1 -0.3260099918799526 0.2285436940200163 
10 10 0 1 -0.422243696677245 -0.09488531389879193 
10 10 6.5 1 -0.4247412366240107 0.2144660206473023 
0 10 0 1 -0.0115243237436827 -0.06763549422862919 
0 10 6.5 1 0.003288714100281449 0.1834196747234141 
0 5 10 1 0.1324539607218084 0.3552049613442069 
10 5 10 1 -0.3891291110947512 0.4495660423301158 
0 6 0 1 0.07113880109711704 -0.107239975647532 
0 8 0 1 0.02691116421564466 -0.08605020540296804 
0 8 5 1 0.04030362827395959 0.1184971964076454 
0 6 5 1 0.08717354803072802 0.1125112842711222 
0 2 2.5 1 0.194784448639246 -0.0345440786130302 
0 4 2.5 1 0.1320916330965771 -0.0154652749348211 
0 4 5 1 0.1419813765788207 0.1055115956054482 
0 2 5 1 0.2069302250411112 0.09721676381821261 
0.5 0.5 -0.5 1 0.2122295294977736 -0.2161560124990088 
0.5 0.5 6 1 0.2480363467434657 0.1495957741770795 
10.5 0.5 -0.5 1 -0.377130382435547 -0.3157476109525677 
10.5 0.5 6 1 -0.377484505751226 0.1885054340538306 
10.5 10.5 -0.5 1 -0.4496671516719335 -0.1131531726154001 
10.5 10.5 6 1 -0.4535053050717922 0.1912810814843985 
0.5 10.5 -0.5 1 -0.03807565129485625 -0.08284139223329229 
0.5 10.5 6 1 -0.02449449476131659 0.1649662351729784 
0.5 5.5 9.5 1 0.09646216954379061 0.3301862255746943 
10.5 5.5 9.5 1 -0.427338905891142 0.4152760528725863 
0.5 6.5 -0.5 1 0.03967602113313746 -0.1242525793766771 
0.5 8.5 -0.5 1 -0.001894482982640174 -0.1021117832776917 
0.5 8.5 4.5 1 0.01039505522827906 0.09962795412790999 
0.5 6.5 4.5 1 0.05439632378882364 0.09225832323120112 
0.5 2.5 2 1 0.1553354962387543 -0.05595599466684435 
0.5 4.5 2 1 0.0966760101349135 -0.03536455536972706 
0.5 4.5 4.5 1 0.105752894764179 0.08365677639879053 
0.5 2.5 4.5 1 0.1664772540310286 0.07348624884638479 
