0 0 0 1 0.3801572454419364 -0.5029262492978472 
0 0 6.5 1 0.3108808912835915 0.07862136461554245 
10 0 0 1 -0.2420748069588947 -0.4105155730612929 
10 0 6.5 1 -0.26505607926647 -0.02111835135145297 
10 10 0 1 0.06684710420564807 -0.2886165342051724 
10 10 6.5 1 0.04328263056789496 -0.02818085334122854 
0 10 0 1 0.5125454535572572 -0.3059904552668285 
0 10 6.5 1 0.4675489478502801 0.0282849207694674 
0 5 10 1 0.3820500470494346 0.2610680857183398 
10 5 10 1 -0.09364673133517017 0.1348717627922608 
0 6 0 1 0.4760060156573199 -0.3603451694722132 
0 8 0 1 0.4959867682703093 -0.3306225420781722 
0 8 5 1 0.4583969570202516 -0.04722360118956551 
0 6 5 1 0.4352694788019548 -0.04764863951384055 
0 2 2.5 1 0.3955536627501194 -0.2420351375307783 
0 4 2.5 1 0.4288193230818187 -0.2194968092397973 
0 4 5 1 0.4069946623408781 -0.04816827596077029 
0 2 5 1 0.3716389177953041 -0.04881804617234739 
0.5 0.5 -0.5 1 0.3520756488292107 -0.5248778840960794 
0.5 0.5 6 1 0.287916794621567 0.02755343658344483 
10.5 0.5 -0.5 1 -0.2379057819716431 -0.4287749396591337 
10.5 0.5 6 1 -0.2602181617964351 -0.05264549628270548 
10.5 10.5 -0.5 1 0.06189678355485555 -0.3040388128347659 
10.5 10.5 6 1 0.03903529448855641 -0.04959916522543171 
0.5 10.5 -0.5 1 0.4918316675580748 -0.3251953685403835 
0.5 10.5 6 1 0.4489056966703178 -0.0007324338465924552 
0.5 5.5 9.5 1 0.3624917215192185 0.216650279212649 
10.5 5.5 9.5 1 -0.09468612735721788 0.1051811371523344 
0.5 6.5 -0.5 1 0.4525889873287896 -0.381265061828756 
0.5 8.5 -0.5 1 0.4739833468229711 -0.350696936310032 
0.5 8.5 4.5 1 0.4382760376654937 -0.07644565128346621 
0.5 6.5 4.5 1 0.4140764313045712 -0.07967127499319239 
0.5 2.5 2 1 0.3706864057316429 -0.2732505121376145 
0.5 4.5 2 1 0.4052454092336121 -0.2482778049300614 
0.5 4.5 4.5 1 0.3847143647107309 -0.08358501543835059 
0.5 2.5 4.5 1 0.3483406474992456 -0.08843335565092957 
