-0.3626409136782107 -0.3304161869406203 -0.3906836585300121 -0.03013306417015296 
0.04824929206875597 -0.2444241626570175 0.02300250223789054 0.007086928519716948 
0.3229960273800804 -0.3441408716861754 0.282246606907995 0.04471862192542415 
-0.2959840315326532 -0.5262183674281056 -0.3448930601114968 -0.006966452829145337 
-0.3626409136782107 -0.3304161869406203 0.04824929206875597 -0.2444241626570175 
0.04824929206875597 -0.2444241626570175 0.3229960273800804 -0.3441408716861754 
0.3229960273800804 -0.3441408716861754 -0.2959840315326532 -0.5262183674281056 
-0.2959840315326532 -0.5262183674281056 -0.3626409136782107 -0.3304161869406203 
-0.3906836585300121 -0.03013306417015296 -0.392879462615313 0.1812752505441751 
-0.392879462615313 0.1812752505441751 -0.3448930601114968 -0.006966452829145337 
0.02300250223789054 0.007086928519716948 0.1082616537436916 0.1850724059824519 
0.1082616537436916 0.1850724059824519 0.282246606907995 0.04471862192542415 
-0.392879462615313 0.1812752505441751 0.1082616537436916 0.1850724059824519 
-0.3906836585300121 -0.03013306417015296 0.02300250223789054 0.007086928519716948 
-0.3448930601114968 -0.006966452829145337 0.282246606907995 0.04471862192542415 
-0.3316845469273343 -0.4213493946558547 -0.3161080772835158 -0.4671047108720671 
-0.3161080772835158 -0.4671047108720671 -0.3489145376322078 -0.1179113102029181 
-0.3489145376322078 -0.1179113102029181 -0.3607230686152056 -0.1116433480782157 
-0.3607230686152056 -0.1116433480782157 -0.3316845469273343 -0.4213493946558547 
-0.36605586847693 -0.2285832210208853 -0.3571520292403311 -0.2454400281212833 
-0.3571520292403311 -0.2454400281212833 -0.3701451470893883 -0.1066421137081503 
-0.3701451470893883 -0.1066421137081503 -0.3778378175764508 -0.102558848201192 
-0.3778378175764508 -0.102558848201192 -0.36605586847693 -0.2285832210208853 
