0.06452531925507725 -0.2698464865358183 0.02555983612361622 0.4101478463340164 
-0.2437880332821583 -0.09337671067061652 -0.2811982647986575 0.266799926635734 
0.1706791050090121 -0.01706898887813984 0.1597214802762715 0.266169468332813 
0.6101668556534431 -0.09143917560085366 0.6234072888834085 0.3578676195826948 
0.06452531925507725 -0.2698464865358183 -0.2437880332821583 -0.09337671067061652 
-0.2437880332821583 -0.09337671067061652 0.1706791050090121 -0.01706898887813984 
0.1706791050090121 -0.01706898887813984 0.6101668556534431 -0.09143917560085366 
0.6101668556534431 -0.09143917560085366 0.06452531925507725 -0.2698464865358183 
0.02555983612361622 0.4101478463340164 0.3880461160400266 0.709783941106782 
0.3880461160400266 0.709783941106782 0.6234072888834085 0.3578676195826948 
-0.2811982647986575 0.266799926635734 -0.0454548984124424 0.4504681157583978 
-0.0454548984124424 0.4504681157583978 0.1597214802762715 0.266169468332813 
0.3880461160400266 0.709783941106782 -0.0454548984124424 0.4504681157583978 
0.02555983612361622 0.4101478463340164 -0.2811982647986575 0.266799926635734 
0.6234072888834085 0.3578676195826948 0.1597214802762715 0.266169468332813 
0.4424300984202024 -0.1462837242773775 0.5323059637700772 -0.1168971941373452 
0.5323059637700772 -0.1168971941373452 0.53864077118077 0.2475183502736223 
0.53864077118077 0.2475183502736223 0.4437303027628264 0.2461704672075125 
0.4437303027628264 0.2461704672075125 0.4424300984202024 -0.1462837242773775 
0.206070630813133 0.002505645512317773 0.3347952999297314 0.02507784861988998 
0.3347952999297314 0.02507784861988998 0.3318812008298776 0.2445820279871817 
0.3318812008298776 0.2445820279871817 0.198114633543541 0.2426823251002155 
0.198114633543541 0.2426823251002155 0.206070630813133 0.002505645512317773 
