0 0 0 1 0.2633666110494864 -0.1449270863837066 
0 0 6.5 1 0.2485762794915386 0.2115133884883301 
10 0 0 1 -0.05401429182422039 -0.4078191221179456 
10 0 6.5 1 -0.1104245810746524 0.237212425252736 
10 10 0 1 -0.5656532153095108 -0.2598553622594165 
10 10 6.5 1 -0.6305091981767132 0.1562822631962137 
0 10 0 1 -0.1448631254947139 -0.1078810170949136 
0 10 6.5 1 -0.171146093342516 0.1655147609758714 
0 5 10 1 -0.002324885420581001 0.362972925442487 
10 5 10 1 -0.468220326269584 0.4904750681703361 
0 6 0 1 -0.006200032780243747 -0.1204644280536162 
0 8 0 1 -0.07885040913439459 -0.1138715450876264 
0 8 5 1 -0.09794535454803117 0.1047650213286126 
0 6 5 1 -0.0240381755781572 0.1093002589008939 
0 2 2.5 1 0.1565610583472216 -0.01012733040450501 
0 4 2.5 1 0.06617549844786166 -0.00865408904133671 
0 4 5 1 0.05794904786531011 0.1143313200425917 
0 2 5 1 0.1494179855027661 0.1199442167659145 
0.5 0.5 -0.5 1 0.2290647512605468 -0.1760965742357549 
0.5 0.5 6 1 0.2125552464098556 0.1803175846576722 
10.5 0.5 -0.5 1 -0.1183559788465271 -0.4661024607725678 
10.5 0.5 6 1 -0.1810629314924193 0.1786685364377182 
10.5 10.5 -0.5 1 -0.6098788836141923 -0.2970671239502525 
10.5 10.5 6 1 -0.6775910982804443 0.1189868940887671 
0.5 10.5 -0.5 1 -0.1725526388908942 -0.1317961925753973 
0.5 10.5 6 1 -0.1999391220848259 0.1415839133795588 
0.5 5.5 9.5 1 -0.03513089358278522 0.3359167892462825 
10.5 5.5 9.5 1 -0.5272360183813888 0.4450186776412524 
0.5 6.5 -0.5 1 -0.03621700545351741 -0.1468346862843101 
0.5 8.5 -0.5 1 -0.1076583878275606 -0.1389543489704296 
0.5 8.5 4.5 1 -0.1276659369447916 0.07966268299469967 
0.5 6.5 4.5 1 -0.05504837467395909 0.08290806930930721 
0.5 2.5 2 1 0.1232264991173613 -0.0395362741073912 
0.5 4.5 2 1 0.03431521169217479 -0.03647024201140424 
0.5 4.5 4.5 1 0.02553726694276175 0.08650956088074511 
0.5 2.5 4.5 1 0.1154785814469633 0.09052917131769572 
