0 0 0 1 0.3933270715110053 -0.4848722636983424 
0 0 6.5 1 0.3262809643373079 0.07796219312787289 
10 0 0 1 -0.2556231394486391 -0.4178560774087509 
10 0 6.5 1 -0.2692332077316385 -0.02119414601674295 
10 10 0 1 0.03719860916992497 -0.3070820375901321 
10 10 6.5 1 0.01788677645138752 -0.04661640993789808 
0 10 0 1 0.4788974908399686 -0.3175373578872393 
0 10 6.5 1 0.4358451308585569 0.005508870994840715 
0 5 10 1 0.3693297357965355 0.2352886729538815 
10 5 10 1 -0.1061744096715544 0.1221739850115298 
0 6 0 1 0.4553905647442616 -0.3635056877724975 
0 8 0 1 0.4682551859400785 -0.3383486277396168 
0 8 5 1 0.4321480744104855 -0.06371961336972985 
0 6 5 1 0.4161856260569856 -0.06034487803500342 
0 2 2.5 1 0.395255817546292 -0.2374393311746468 
0 4 2.5 1 0.4176052511736749 -0.2214885552309745 
0 4 5 1 0.3966684377035551 -0.05621860970121165 
0 2 5 1 0.3722602978589166 -0.05105831034333864 
0.5 0.5 -0.5 1 0.3614545652353734 -0.5106808689296058 
0.5 0.5 6 1 0.2998328320201656 0.02724513257053059 
10.5 0.5 -0.5 1 -0.2547267359990273 -0.4384931576609161 
10.5 0.5 6 1 -0.2679163968416774 -0.05436209038228299 
10.5 10.5 -0.5 1 0.03079713384327565 -0.3234020906225922 
10.5 10.5 6 1 0.01214962607972531 -0.06838863121234651 
0.5 10.5 -0.5 1 0.4578424337433581 -0.3374955002609955 
0.5 10.5 6 1 0.4168998166473621 -0.02279041324406402 
0.5 5.5 9.5 1 0.3485805375315028 0.1929144054958881 
10.5 5.5 9.5 1 -0.1095347815803589 0.09217026435635238 
0.5 6.5 -0.5 1 0.430933405109656 -0.385844427533475 
0.5 8.5 -0.5 1 0.4456187021654418 -0.3594585490616047 
0.5 8.5 4.5 1 0.4114446077341839 -0.09265549450739816 
0.5 6.5 4.5 1 0.3940256733928557 -0.09219616530155113 
0.5 2.5 2 1 0.3680082820579648 -0.2702044835622076 
0.5 4.5 2 1 0.3924747744607812 -0.2512845186181443 
0.5 4.5 4.5 1 0.3728747531577594 -0.09163842536154403 
0.5 2.5 4.5 1 0.3466485912718591 -0.09094685365713245 
