0 0 0 1 -0.70972669514124 -0.6014268416156134 
0 0 6.5 1 -0.6314989470847036 -0.1047614299300009 
10 0 0 1 -0.2063649904730075 -0.4441885792748306 
10 0 6.5 1 -0.1824159965460011 -0.1420444711636621 
10 10 0 1 0.2531360187909766 -0.546488934910868 
10 10 6.5 1 0.2547242099432284 -0.1567066380055882 
0 10 0 1 -0.06790423202707802 -0.9016285883581161 
0 10 6.5 1 -0.02638690979831155 -0.1136335827073966 
0 5 10 1 -0.3581291530208 0.1740206445459085 
10 5 10 1 0.01800457645627917 0.01966432610681663 
0 6 0 1 -0.397570247951528 -0.747432810694039 
0 8 0 1 -0.2499798810087532 -0.8164657419249097 
0 8 5 1 -0.2046623148489509 -0.2599946840310854 
0 6 5 1 -0.3446565846969317 -0.2449383171112403 
0 2 2.5 1 -0.5911992584706725 -0.424690407908302 
0 4 2.5 1 -0.4898266017125889 -0.452770618207158 
0 4 5 1 -0.4621731720506069 -0.2322994222458553 
0 2 5 1 -0.5622233426968417 -0.221539038401012 
0.5 0.5 -0.5 1 -0.6547868112072578 -0.6390957005980887 
0.5 0.5 6 1 -0.5814263669076288 -0.1429528111528997 
10.5 0.5 -0.5 1 -0.1753796176754031 -0.4677517521139001 
10.5 0.5 6 1 -0.1530595373188238 -0.1657746734955188 
10.5 10.5 -0.5 1 0.2902303504493682 -0.5761634392484036 
10.5 10.5 6 1 0.289497761277521 -0.186699303327977 
0.5 10.5 -0.5 1 0.0110375162947899 -0.9574330617403467 
0.5 10.5 6 1 0.04275364522235416 -0.1711583897337134 
0.5 5.5 9.5 1 -0.3030153557004389 0.1280725912090146 
10.5 5.5 9.5 1 0.0489239408122913 -0.006871584223561746 
0.5 6.5 -0.5 1 -0.330218814730856 -0.794274950201596 
0.5 8.5 -0.5 1 -0.1772473938618545 -0.8674121373517152 
0.5 8.5 4.5 1 -0.1385518869556751 -0.3120960120680338 
0.5 6.5 4.5 1 -0.2830053450489223 -0.2926681924565075 
0.5 2.5 2 1 -0.5348880950313927 -0.4653460758188791 
0.5 4.5 2 1 -0.4297367489715528 -0.4965418035299374 
0.5 4.5 4.5 1 -0.4044572110555657 -0.2763339005994222 
0.5 2.5 4.5 1 -0.5079962198881067 -0.2624087428849122 
