0 0 0 1 -0.1488918957427764 -0.02724076111134943 
0 0 6.5 1 -0.1554470694641081 0.2276190884953727 
10 0 0 1 0.2408360581193471 -0.03841794585256113 
10 0 6.5 1 0.2550929872857046 0.2267919435976349 
10 10 0 1 0.3249375637527565 -0.1908188079870249 
10 10 6.5 1 0.3567612547435658 0.2439466336266594 
0 10 0 1 -0.301660336163053 -0.1634793668360408 
0 10 6.5 1 -0.325485308264073 0.2441442855200592 
0 5 10 1 -0.2268323114609272 0.4201141914534348 
10 5 10 1 0.3048559881764956 0.4298315783181371 
0 6 0 1 -0.2229481985367157 -0.0932840316325082 
0 8 0 1 -0.2581233283466921 -0.1246531457526269 
0 8 5 1 -0.2715888446712616 0.1505311074759652 
0 6 5 1 -0.2332463347848333 0.1557277961703819 
0 2 2.5 1 -0.1726776558721857 0.0567072071106224 
0 4 2.5 1 -0.1978454947657836 0.04368661604345232 
0 4 5 1 -0.2019364423022276 0.1599713306904148 
0 2 5 1 -0.1758868629916311 0.163501917360371 
0.5 0.5 -0.5 1 -0.1342343923146206 -0.05108852673436183 
0.5 0.5 6 1 -0.1401331872940404 0.2070970310449273 
10.5 0.5 -0.5 1 0.2630385950476065 -0.06345440947697698 
10.5 0.5 6 1 0.2787875452268345 0.205355656962983 
10.5 10.5 -0.5 1 0.3641019514315754 -0.236675298922386 
10.5 10.5 6 1 0.4006521477123571 0.2077522701447608 
0.5 10.5 -0.5 1 -0.2822570831223515 -0.2056400868080339 
0.5 10.5 6 1 -0.3050894993074816 0.2104831840197079 
0.5 5.5 9.5 1 -0.2086587164513538 0.3980167158484882 
10.5 5.5 9.5 1 0.3371782836266674 0.4067036498286527 
0.5 6.5 -0.5 1 -0.2056127845549214 -0.1256152213653773 
0.5 8.5 -0.5 1 -0.2397639692362045 -0.1612727198343941 
0.5 8.5 4.5 1 -0.2525023715720698 0.1189098389638029 
0.5 6.5 4.5 1 -0.215239028002728 0.1274945927507943 
0.5 2.5 2 1 -0.1569284804025113 0.0319378597836533 
0.5 4.5 2 1 -0.1811746429480152 0.01638337853738331 
0.5 4.5 4.5 1 -0.1849546103974833 0.1344715369490426 
0.5 2.5 4.5 1 -0.1598564051348483 0.1402536781107488 
