0 0 0 1 -0.1939314517183022 -0.01232355052410591 
0 0 6.5 1 -0.2112627481676195 0.2494662016311879 
10 0 0 1 0.1973817332943593 -0.001220700042587994 
10 0 6.5 1 0.1999974720204619 0.2611351219851564 
10 10 0 1 0.3240141762928619 -0.1231260414703291 
10 10 6.5 1 0.3392306068413987 0.3065573074239544 
0 10 0 1 -0.3115370768993335 -0.1411586557697958 
0 10 6.5 1 -0.3506672683798884 0.2869824140220986 
0 5 10 1 -0.2779094640705226 0.4562259427266282 
10 5 10 1 0.2557713063068465 0.4713684809360533 
0 6 0 1 -0.2503975168396372 -0.07418123319463288 
0 8 0 1 -0.2775747631029528 -0.1039534773133354 
0 8 5 1 -0.3016963689149427 0.183248536392679 
0 6 5 1 -0.2706018121361243 0.1843870547702237 
0 2 2.5 1 -0.216955218493244 0.07605788164421706 
0 4 2.5 1 -0.2365916877085709 0.065096370522699 
0 4 5 1 -0.2454156956583691 0.1853092372818728 
0 2 5 1 -0.2246000934558612 0.1860713946528812 
0.5 0.5 -0.5 1 -0.1764470913422624 -0.03525058841645057 
0.5 0.5 6 1 -0.1931590839963683 0.2296817147568004 
10.5 0.5 -0.5 1 0.2210203853818611 -0.02397312949339856 
10.5 0.5 6 1 0.2249042985009215 0.2415436567333561 
10.5 10.5 -0.5 1 0.3660541934288823 -0.1635904875957135 
10.5 10.5 6 1 0.3853934390616952 0.2745944296351165 
0.5 10.5 -0.5 1 -0.2858921740332266 -0.1820882567296636 
0.5 10.5 6 1 -0.3238660686486631 0.2544702001091897 
0.5 5.5 9.5 1 -0.2557383399328243 0.4348854686971279 
10.5 5.5 9.5 1 0.2894553203132977 0.4503546592351107 
0.5 6.5 -0.5 1 -0.2287256015731153 -0.1053903731965726 
0.5 8.5 -0.5 1 -0.2540642683880025 -0.1393861513693511 
0.5 8.5 4.5 1 -0.2773986100062948 0.1527003955985884 
0.5 6.5 4.5 1 -0.2482381487003033 0.1571397999316214 
0.5 2.5 2 1 -0.197993365061937 0.0522069289859705 
0.5 4.5 2 1 -0.2162097217482505 0.03877925888781231 
0.5 4.5 4.5 1 -0.2247267428886423 0.1607191890140067 
0.5 2.5 4.5 1 -0.2053678236061798 0.1636664013109446 
