-0.6442524864408347 -0.3226996421398639 -0.5811798550616185 0.2451151084237123 
-0.2487625497163936 -0.1914557288224824 -0.2169471920627297 0.1141298661213536 
0.235498677542536 -0.2614534333086408 0.2677659796474381 0.07772446466974707 
0.2627287243648319 -0.4961003169841879 0.3283031336350471 0.1997781375677052 
-0.6442524864408347 -0.3226996421398639 -0.2487625497163936 -0.1914557288224824 
-0.2487625497163936 -0.1914557288224824 0.235498677542536 -0.2614534333086408 
0.235498677542536 -0.2614534333086408 0.2627287243648319 -0.4961003169841879 
0.2627287243648319 -0.4961003169841879 -0.6442524864408347 -0.3226996421398639 
-0.5811798550616185 0.2451151084237123 -0.1375690771059559 0.5555729153903154 
-0.1375690771059559 0.5555729153903154 0.3283031336350471 0.1997781375677052 
-0.2169471920627297 0.1141298661213536 0.0300678213746701 0.2684226635774235 
0.0300678213746701 0.2684226635774235 0.2677659796474381 0.07772446466974707 
-0.1375690771059559 0.5555729153903154 0.0300678213746701 0.2684226635774235 
-0.5811798550616185 0.2451151084237123 -0.2169471920627297 0.1141298661213536 
0.3283031336350471 0.1997781375677052 0.2677659796474381 0.07772446466974707 
-0.1449077667157232 -0.4181665717175667 0.05015174970697859 -0.4554589118228913 
0.05015174970697859 -0.4554589118228913 0.1005750766592915 0.05816544890400498 
0.1005750766592915 0.05816544890400498 -0.09479423418733889 0.07415047880913882 
-0.09479423418733889 0.07415047880913882 -0.1449077667157232 -0.4181665717175667 
-0.4657764455771256 -0.1238535764386548 -0.2995744151518912 -0.1464496595856585 
-0.2995744151518912 -0.1464496595856585 -0.2748343940694218 0.08888128441708515 
-0.2748343940694218 0.08888128441708515 -0.4412814398146711 0.1024999074870497 
-0.4412814398146711 0.1024999074870497 -0.4657764455771256 -0.1238535764386548 
