-0.3075657095313633 -0.3925560570267391 -0.3208067797965199 0.2563346095543135 
-0.2491292284411163 -0.1088873640904112 -0.2518472508004445 0.2242838417379962 
0.2225901729493544 -0.1012844209172448 0.2474080467223992 0.202557476036297 
0.547812247020155 -0.3359153396542221 0.6298899095079431 0.2100801989454516 
-0.3075657095313633 -0.3925560570267391 -0.2491292284411163 -0.1088873640904112 
-0.2491292284411163 -0.1088873640904112 0.2225901729493544 -0.1012844209172448 
0.2225901729493544 -0.1012844209172448 0.547812247020155 -0.3359153396542221 
0.547812247020155 -0.3359153396542221 -0.3075657095313633 -0.3925560570267391 
-0.3208067797965199 0.2563346095543135 0.2258009847941321 0.6127505979004104 
0.2258009847941321 0.6127505979004104 0.6298899095079431 0.2100801989454516 
-0.2518472508004445 0.2242838417379962 0.01672913470220899 0.4005360343129312 
0.01672913470220899 0.4005360343129312 0.2474080467223992 0.202557476036297 
0.2258009847941321 0.6127505979004104 0.01672913470220899 0.4005360343129312 
-0.3208067797965199 0.2563346095543135 -0.2518472508004445 0.2242838417379962 
0.6298899095079431 0.2100801989454516 0.2474080467223992 0.202557476036297 
0.2387862538230413 -0.3563781699240186 0.3981297288944223 -0.3458268941195092 
0.3981297288944223 -0.3458268941195092 0.4491691000824679 0.07693287171679143 
0.4491691000824679 0.07693287171679143 0.2776903566156289 0.08029490419215746 
0.2776903566156289 0.08029490419215746 0.2387862538230413 -0.3563781699240186 
-0.1086874516461403 -0.156433545373541 0.08073716742449227 -0.1516474858681493 
0.08073716742449227 -0.1516474858681493 0.09373886755415048 0.08390147878917863 
0.09373886755415048 0.08390147878917863 -0.1040975598286716 0.08778028312506443 
-0.1040975598286716 0.08778028312506443 -0.1086874516461403 -0.156433545373541 
