0.3089021292122793 -0.539906101810768 0.2475852045280164 0.07110868418009898 
-0.2234605676012475 -0.3676349758851329 -0.2605217453213026 0.001808133275934919 
0.120322849853297 -0.2323826383573766 0.09407453183349299 0.02920721996938905 
0.5705055458990624 -0.282225996615852 0.5340411103148752 0.08106384458672894 
0.3089021292122793 -0.539906101810768 -0.2234605676012475 -0.3676349758851329 
-0.2234605676012475 -0.3676349758851329 0.120322849853297 -0.2323826383573766 
0.120322849853297 -0.2323826383573766 0.5705055458990624 -0.282225996615852 
0.5705055458990624 -0.282225996615852 0.3089021292122793 -0.539906101810768 
0.2475852045280164 0.07110868418009898 0.4026049129566644 0.3226946891799959 
0.4026049129566644 0.3226946891799959 0.5340411103148752 0.08106384458672894 
-0.2605217453213026 0.001808133275934919 -0.0694685531481134 0.182774153323457 
-0.0694685531481134 0.182774153323457 0.09407453183349299 0.02920721996938905 
0.4026049129566644 0.3226946891799959 -0.0694685531481134 0.182774153323457 
0.2475852045280164 0.07110868418009898 -0.2605217453213026 0.001808133275934919 
0.5340411103148752 0.08106384458672894 0.09407453183349299 0.02920721996938905 
0.4962462719421558 -0.3553715914527276 0.5366522835459803 -0.3155715557634136 
0.5366522835459803 -0.3155715557634136 0.5061281799159366 -0.01145643631794141 
0.5061281799159366 -0.01145643631794141 0.4627690136240464 -0.02182346511522273 
0.4627690136240464 -0.02182346511522273 0.4962462719421558 -0.3553715914527276 
0.3655842716828792 -0.2568233413356996 0.4286493274860496 -0.2190541319735825 
0.4286493274860496 -0.2190541319735825 0.4101180463370953 -0.03441213184359191 
0.4101180463370953 -0.03441213184359191 0.3448300074885113 -0.05002227928749899 
0.3448300074885113 -0.05002227928749899 0.3655842716828792 -0.2568233413356996 
