0.2580293015997565 -0.04253162643782012 0.278554128771756 0.3377843834946448 
-0.2569649386682799 -0.1783851063617747 -0.28873917177908 0.4234776505525251 
-0.5015811644112627 -0.02847773813310526 -0.5379030172216743 0.3309663201302614 
-0.07562631308895686 0.02964216607756807 -0.0793724429439539 0.2963953461141108 
0.2580293015997565 -0.04253162643782012 -0.2569649386682799 -0.1783851063617747 
-0.2569649386682799 -0.1783851063617747 -0.5015811644112627 -0.02847773813310526 
-0.5015811644112627 -0.02847773813310526 -0.07562631308895686 0.02964216607756807 
-0.07562631308895686 0.02964216607756807 0.2580293015997565 -0.04253162643782012 
0.278554128771756 0.3377843834946448 0.06949470067647975 0.4992466259497019 
0.06949470067647975 0.4992466259497019 -0.0793724429439539 0.2963953461141108 
-0.28873917177908 0.4234776505525251 -0.4697216672803965 0.6436366862980287 
-0.4697216672803965 0.6436366862980287 -0.5379030172216743 0.3309663201302614 
0.06949470067647975 0.4992466259497019 -0.4697216672803965 0.6436366862980287 
0.278554128771756 0.3377843834946448 -0.28873917177908 0.4234776505525251 
-0.0793724429439539 0.2963953461141108 -0.5379030172216743 0.3309663201302614 
0.03125319906346784 0.006522819677742754 -0.02551366796873224 0.01880218769243372 
-0.02551366796873224 0.01880218769243372 -0.02636551500388341 0.2341791628217387 
-0.02636551500388341 0.2341791628217387 0.03298249699518335 0.2362931990103589 
0.03298249699518335 0.2362931990103589 0.03125319906346784 0.006522819677742754 
0.1755122005953225 0.1054466722344636 0.09858148184507001 0.112608092973896 
0.09858148184507001 0.112608092973896 0.1011933893647028 0.2387229399582022 
0.1011933893647028 0.2387229399582022 0.180412707043111 0.2415448121451355 
0.180412707043111 0.2415448121451355 0.1755122005953225 0.1054466722344636 
