-0.02934576939529147 -0.05742824218524076 -0.008141300785869604 0.1941941428711216 
0.376215105820994 -0.1221320668604995 0.4137502860373121 0.1750839864948387 
0.3213636291982716 -0.2508353219873393 0.3836924648365364 0.2588421798482095 
-0.2877578739202964 -0.1209698260815985 -0.2650489606590083 0.2678559595715418 
-0.02934576939529147 -0.05742824218524076 0.376215105820994 -0.1221320668604995 
0.376215105820994 -0.1221320668604995 0.3213636291982716 -0.2508353219873393 
0.3213636291982716 -0.2508353219873393 -0.2877578739202964 -0.1209698260815985 
-0.2877578739202964 -0.1209698260815985 -0.02934576939529147 -0.05742824218524076 
-0.008141300785869604 0.1941941428711216 -0.09589564711867869 0.3955415018873956 
-0.09589564711867869 0.3955415018873956 -0.2650489606590083 0.2678559595715418 
0.4137502860373121 0.1750839864948387 0.4295359017745876 0.4201040254663027 
0.4295359017745876 0.4201040254663027 0.3836924648365364 0.2588421798482095 
-0.09589564711867869 0.3955415018873956 0.4295359017745876 0.4201040254663027 
-0.008141300785869604 0.1941941428711216 0.4137502860373121 0.1750839864948387 
-0.2650489606590083 0.2678559595715418 0.3836924648365364 0.2588421798482095 
-0.1571003391573567 -0.08884212555421375 -0.2161243454504028 -0.1033556827061227 
-0.2161243454504028 -0.1033556827061227 -0.1985758166174148 0.1641198548089725 
-0.1985758166174148 0.1641198548089725 -0.1396691056740449 0.1548676232705096 
-0.1396691056740449 0.1548676232705096 -0.1571003391573567 -0.08884212555421375 
-0.05729693699109019 0.03605957262112568 -0.09916417386928286 0.03397476159742863 
-0.09916417386928286 0.03397476159742863 -0.0905098883755027 0.1471463899269441 
-0.0905098883755027 0.1471463899269441 -0.04886361743996556 0.1406051837513086 
-0.04886361743996556 0.1406051837513086 -0.05729693699109019 0.03605957262112568 
