0.009976207483789112 -0.2401071407613573 -0.02597806478816667 0.455432056234839 
-0.2468845369109459 -0.05934707964954256 -0.2812107078019074 0.3014668443718088 
0.1810645011272556 0.005922459988601341 0.1753312741748697 0.2955169083029751 
0.6149073036844295 -0.07854741354410642 0.6414639378913048 0.3930579967884832 
0.009976207483789112 -0.2401071407613573 -0.2468845369109459 -0.05934707964954256 
-0.2468845369109459 -0.05934707964954256 0.1810645011272556 0.005922459988601341 
0.1810645011272556 0.005922459988601341 0.6149073036844295 -0.07854741354410642 
0.6149073036844295 -0.07854741354410642 0.009976207483789112 -0.2401071407613573 
-0.02597806478816667 0.455432056234839 0.3810286218302253 0.7697543843482838 
0.3810286218302253 0.7697543843482838 0.6414639378913048 0.3930579967884832 
-0.2812107078019074 0.3014668443718088 -0.03667299463809384 0.4865387607611501 
-0.03667299463809384 0.4865387607611501 0.1753312741748697 0.2955169083029751 
0.3810286218302253 0.7697543843482838 -0.03667299463809384 0.4865387607611501 
-0.02597806478816667 0.455432056234839 -0.2812107078019074 0.3014668443718088 
0.6414639378913048 0.3930579967884832 0.1753312741748697 0.2955169083029751 
0.425275966410192 -0.1291924990989526 0.5264683813849017 -0.1021669104617526 
0.5264683813849017 -0.1021669104617526 0.5420092482648974 0.2777449344509619 
0.5420092482648974 0.2777449344509619 0.4346942055384786 0.2781388670173977 
0.4346942055384786 0.2781388670173977 0.425275966410192 -0.1291924990989526 
0.1666697639525851 0.03134708462188382 0.308855312835641 0.05080555277516351 
0.308855312835641 0.05080555277516351 0.3093927382167884 0.2785988242363128 
0.3093927382167884 0.2785988242363128 0.1611693482271626 0.2791429233573771 
0.1611693482271626 0.2791429233573771 0.1666697639525851 0.03134708462188382 
