0 0 0 1 0.218460969655499 -0.4512490550602895 
0 0 6.5 1 0.1679333634953643 0.1763403436684547 
10 0 0 1 -0.2277414131952061 -0.2621610777110202 
10 0 6.5 1 -0.2680215583348491 0.096935119326667 
10 10 0 1 0.14335803925501 -0.1460746712139226 
10 10 6.5 1 0.1209468018132464 0.1201190545309398 
0 10 0 1 0.5904570354751114 -0.2103059923414518 
0 10 6.5 1 0.5702391772961939 0.1794933797054415 
0 5 10 1 0.4006450003371898 0.4516385618340371 
10 5 10 1 -0.06019526255821308 0.2806591068188517 
0 6 0 1 0.4815458078282128 -0.2808481490061871 
0 8 0 1 0.5404681297639941 -0.2426839692898435 
0 8 5 1 0.5225391166722084 0.07944690879700352 
0 6 5 1 0.4604534615607221 0.06982442567663269 
0 2 2.5 1 0.3100948746500155 -0.1723079962447406 
0 4 2.5 1 0.3986257182959443 -0.1368144076813247 
0 4 5 1 0.3858379119605656 0.0582599690359575 
0 2 5 1 0.2944736502887323 0.04409967606387435 
0.5 0.5 -0.5 1 0.2136939662871283 -0.4608575461721735 
0.5 0.5 6 1 0.1664472321938384 0.1229857240778488 
10.5 0.5 -0.5 1 -0.2130858220886288 -0.2752566055582691 
10.5 0.5 6 1 -0.251377140825188 0.06908587871186053 
10.5 10.5 -0.5 1 0.1434473415764141 -0.1592656315191177 
10.5 10.5 6 1 0.1217064822710962 0.09873736768580636 
0.5 10.5 -0.5 1 0.5717451118625623 -0.2265791710033209 
0.5 10.5 6 1 0.5518917915999046 0.1459019377573863 
0.5 5.5 9.5 1 0.3868674544635547 0.3948392288182684 
10.5 5.5 9.5 1 -0.05303830603959496 0.2502738921377956 
0.5 6.5 -0.5 1 0.4650239406499969 -0.2964084758296317 
0.5 8.5 -0.5 1 0.5225625350190413 -0.2587600879809759 
0.5 8.5 4.5 1 0.5050630919409275 0.04804155054735798 
0.5 6.5 4.5 1 0.4445922096227013 0.03617186426423311 
0.5 2.5 2 1 0.3002316579232144 -0.1978671892821375 
0.5 4.5 2 1 0.384857518992035 -0.1619069378420037 
0.5 4.5 4.5 1 0.3725924538243173 0.02203920270836167 
0.5 2.5 4.5 1 0.2854194206099097 0.004928214461848552 
