0.2781577186935593 -0.2871930352136549 0.3197727782993082 0.1137303719707101 
-0.3757403230561313 -0.26868124098678 -0.3305229994179358 0.2022031010343949 
-0.3209524906018132 -0.1425871404815987 -0.2943197996280023 0.1333095236046823 
0.08237782826971579 -0.1657786958413723 0.1077416792536356 0.08452662722598255 
0.2781577186935593 -0.2871930352136549 -0.3757403230561313 -0.26868124098678 
-0.3757403230561313 -0.26868124098678 -0.3209524906018132 -0.1425871404815987 
-0.3209524906018132 -0.1425871404815987 0.08237782826971579 -0.1657786958413723 
0.08237782826971579 -0.1657786958413723 0.2781577186935593 -0.2871930352136549 
0.3197727782993082 0.1137303719707101 0.20623440286155 0.2626270970418659 
0.20623440286155 0.2626270970418659 0.1077416792536356 0.08452662722598255 
-0.3305229994179358 0.2022031010343949 -0.2895176145543125 0.3472773426058715 
-0.2895176145543125 0.3472773426058715 -0.2943197996280023 0.1333095236046823 
0.20623440286155 0.2626270970418659 -0.2895176145543125 0.3472773426058715 
0.3197727782993082 0.1137303719707101 -0.3305229994179358 0.2022031010343949 
0.1077416792536356 0.08452662722598255 -0.2943197996280023 0.1333095236046823 
0.1399300452061375 -0.2014701265783002 0.1088176255544068 -0.1821755306414538 
0.1088176255544068 -0.1821755306414538 0.1299669355310028 0.0258552799841394 
0.1299669355310028 0.0258552799841394 0.1630365999375228 0.02494055434995969 
0.1630365999375228 0.02494055434995969 0.1399300452061375 -0.2014701265783002 
0.2363433911538164 -0.1152060240124486 0.1897861601645972 -0.1005109290900341 
0.1897861601645972 -0.1005109290900341 0.2025358978553533 0.0238479814138274 
0.2025358978553533 0.0238479814138274 0.2505418883055223 0.02252010854765165 
0.2505418883055223 0.02252010854765165 0.2363433911538164 -0.1152060240124486 
