0.2898016510444842 -0.4065141391166509 0.2568275694660311 -0.06225121450173974 
0.5524569415542179 -0.6679390918734518 0.4583234918453661 0.04280226072617466 
-0.5389523917654567 -0.7022042703503788 -0.5144085822955723 -0.01592131369512706 
-0.2360479054292503 -0.4288200309641916 -0.2398376501288441 -0.09034634840574329 
0.2898016510444842 -0.4065141391166509 0.5524569415542179 -0.6679390918734518 
0.5524569415542179 -0.6679390918734518 -0.5389523917654567 -0.7022042703503788 
-0.5389523917654567 -0.7022042703503788 -0.2360479054292503 -0.4288200309641916 
-0.2360479054292503 -0.4288200309641916 0.2898016510444842 -0.4065141391166509 
0.2568275694660311 -0.06225121450173974 -0.002991446965843495 0.09231146093104128 
-0.002991446965843495 0.09231146093104128 -0.2398376501288441 -0.09034634840574329 
0.4583234918453661 0.04280226072617466 -0.05250302217507374 0.3301009857780141 
-0.05250302217507374 0.3301009857780141 -0.5144085822955723 -0.01592131369512706 
-0.002991446965843495 0.09231146093104128 -0.05250302217507374 0.3301009857780141 
0.2568275694660311 -0.06225121450173974 0.4583234918453661 0.04280226072617466 
-0.2398376501288441 -0.09034634840574329 -0.5144085822955723 -0.01592131369512706 
-0.02844440029117569 -0.4200137454481715 -0.1326943295138494 -0.424435899308961 
-0.1326943295138494 -0.424435899308961 -0.1400423478654861 -0.1598680419444393 
-0.1400423478654861 -0.1598680419444393 -0.04026298428127197 -0.1545358349966605 
-0.04026298428127197 -0.1545358349966605 -0.02844440029117569 -0.4200137454481715 
0.1720665048874881 -0.2744623331480297 0.0683521619679983 -0.2794455925276464 
0.0683521619679983 -0.2794455925276464 0.06034833263144291 -0.1491591684817017 
0.06034833263144291 -0.1491591684817017 0.1618020515856441 -0.1437374840205757 
0.1618020515856441 -0.1437374840205757 0.1720665048874881 -0.2744623331480297 
