0 0 0 1 0.3488955717347858 -0.652005385636225 
0 0 6.5 1 0.3424580913521778 -0.1539302136500076 
10 0 0 1 -0.3723893772798641 -0.5814864685724973 
10 0 6.5 1 -0.3252760504910864 -0.125063645232048 
10 10 0 1 -0.1770496568473267 -0.419794640413949 
10 10 6.5 1 -0.1570000002141038 -0.14755782615716 
0 10 0 1 0.2466899265549295 -0.4523167828947637 
0 10 6.5 1 0.2476870285033607 -0.1657670813064463 
0 5 10 1 0.2825426525618087 0.01724637204281417 
10 5 10 1 -0.2066324016504232 0.02929246615913645 
0 6 0 1 0.274981242323441 -0.5075921378479065 
0 8 0 1 0.2595185911709694 -0.4773813290625201 
0 8 5 1 0.2598505250618568 -0.2336116213827242 
0 6 5 1 0.2746669732785562 -0.2385693550020268 
0 2 2.5 1 0.3164859341333633 -0.4170105567493517 
0 4 2.5 1 0.2933293477708055 -0.3909177397951594 
0 4 5 1 0.2927085553079871 -0.2446062510559613 
0 2 5 1 0.3151569109875831 -0.2521176982005853 
0.5 0.5 -0.5 1 0.3029695831706926 -0.6717197383534589 
0.5 0.5 6 1 0.3002652656606867 -0.1875643702671293 
10.5 0.5 -0.5 1 -0.3924352060327731 -0.6018776829669328 
10.5 0.5 6 1 -0.3452455199641024 -0.1571374573081906 
10.5 10.5 -0.5 1 -0.1927555273582038 -0.4350806006647186 
10.5 10.5 6 1 -0.1723681396798292 -0.1670211523015823 
0.5 10.5 -0.5 1 0.2219384330757583 -0.4677050132328341 
0.5 10.5 6 1 0.2240630254812018 -0.185787318643623 
0.5 5.5 9.5 1 0.2531491504139796 -0.01112946435968935 
10.5 5.5 9.5 1 -0.2240087175207956 0.002158062072019468 
0.5 6.5 -0.5 1 0.2446028520010579 -0.5247679475691536 
0.5 8.5 -0.5 1 0.2322381014456794 -0.4936368185800522 
0.5 8.5 4.5 1 0.2336313969836025 -0.2542287184668069 
0.5 6.5 4.5 1 0.245599237325609 -0.2610532186908823 
0.5 2.5 2 1 0.2783399889917881 -0.4404952471140162 
0.5 4.5 2 1 0.2599198505292967 -0.4125136965656164 
0.5 4.5 4.5 1 0.2601073976932279 -0.2693263022924585 
0.5 2.5 4.5 1 0.2780607320782514 -0.2795639501079499 
