-0.3006695843703948 -0.1337766726848076 -0.3333841372705 0.1434694870115863 
0.09635630099912483 -0.07876893536934307 0.07570786617482883 0.1717326533287126 
0.3132235454758831 -0.1611947047361902 0.2877925537771906 0.2375666765112669 
-0.3179066322732934 -0.2694542471684659 -0.3749010556167831 0.2016557585185547 
-0.3006695843703948 -0.1337766726848076 0.09635630099912483 -0.07876893536934307 
0.09635630099912483 -0.07876893536934307 0.3132235454758831 -0.1611947047361902 
0.3132235454758831 -0.1611947047361902 -0.3179066322732934 -0.2694542471684659 
-0.3179066322732934 -0.2694542471684659 -0.3006695843703948 -0.1337766726848076 
-0.3333841372705 0.1434694870115863 -0.3721211810304909 0.3619526846298791 
-0.3721211810304909 0.3619526846298791 -0.3749010556167831 0.2016557585185547 
0.07570786617482883 0.1717326533287126 0.1441738377375051 0.3697408401508269 
0.1441738377375051 0.3697408401508269 0.2877925537771906 0.2375666765112669 
-0.3721211810304909 0.3619526846298791 0.1441738377375051 0.3697408401508269 
-0.3333841372705 0.1434694870115863 0.07570786617482883 0.1717326533287126 
-0.3749010556167831 0.2016557585185547 0.2877925537771906 0.2375666765112669 
-0.3087728926409667 -0.1975600547139131 -0.3127854355045595 -0.229143890084726 
-0.3127854355045595 -0.229143890084726 -0.3506412907007077 0.08609601134406977 
-0.3506412907007077 0.08609601134406977 -0.3423281131372187 0.08349419903733217 
-0.3423281131372187 0.08349419903733217 -0.3087728926409667 -0.1975600547139131 
-0.3164218148016677 -0.03694417904144461 -0.3204419190918387 -0.04677951721477101 
-0.3204419190918387 -0.04677951721477101 -0.335675424338685 0.08141207731471416 
-0.335675424338685 0.08141207731471416 -0.3302308953595262 0.07970807876612311 
-0.3302308953595262 0.07970807876612311 -0.3164218148016677 -0.03694417904144461 
