0.2795738499915344 -0.2905511413330586 0.32056370747805 0.1117661607119885 
-0.3761628059017438 -0.2690664223602217 -0.3299502839745912 0.2000379113199068 
-0.3169054646649311 -0.1459905079151359 -0.2897516291326334 0.1289748202119797 
0.08634339421586949 -0.1702602935167423 0.1116100714477875 0.08032231215753668 
0.2795738499915344 -0.2905511413330586 -0.3761628059017438 -0.2690664223602217 
-0.3761628059017438 -0.2690664223602217 -0.3169054646649311 -0.1459905079151359 
-0.3169054646649311 -0.1459905079151359 0.08634339421586949 -0.1702602935167423 
0.08634339421586949 -0.1702602935167423 0.2795738499915344 -0.2905511413330586 
0.32056370747805 0.1117661607119885 0.2086510592162241 0.2590777934213938 
0.2086510592162241 0.2590777934213938 0.1116100714477875 0.08032231215753668 
-0.3299502839745912 0.2000379113199068 -0.2861308888538994 0.3424247585752676 
-0.2861308888538994 0.3424247585752676 -0.2897516291326334 0.1289748202119797 
0.2086510592162241 0.2590777934213938 -0.2861308888538994 0.3424247585752676 
0.32056370747805 0.1117661607119885 -0.3299502839745912 0.2000379113199068 
0.1116100714477875 0.08032231215753668 -0.2897516291326334 0.1289748202119797 
0.1430440671051397 -0.2055578970245683 0.1123814531057764 -0.1864696439878419 
0.1123814531057764 -0.1864696439878419 0.1334258369214545 0.02194527118303987 
0.1334258369214545 0.02194527118303987 0.1659950955404435 0.02136437180587401 
0.1659950955404435 0.02136437180587401 0.1430440671051397 -0.2055578970245683 
0.2382402246274618 -0.1182354189342956 0.1922940012024609 -0.1039277377124123 
0.1922940012024609 -0.1039277377124123 0.2049207536264672 0.02067010084310912 
0.2049207536264672 0.02067010084310912 0.252264857379118 0.01982568001351258 
0.252264857379118 0.01982568001351258 0.2382402246274618 -0.1182354189342956 
