0 0 0 1 -0.270273160634503 -0.05733285578313019 
0 0 6.5 1 -0.3008552016721288 0.215201108234665 
10 0 0 1 0.1246831115095873 -0.01605670893058699 
10 0 6.5 1 0.1096028390605045 0.2388532548772842 
10 10 0 1 0.3142097229507766 -0.09659790748487458 
10 10 6.5 1 0.3000524494417143 0.3153978280734349 
0 10 0 1 -0.3236922311330798 -0.1754196363304154 
0 10 6.5 1 -0.3794824242887898 0.284679064686454 
0 5 10 1 -0.3526569985469512 0.4384676422772042 
10 5 10 1 0.1729320152731317 0.4487105923886349 
0 6 0 1 -0.295524437802562 -0.1131526594160427 
0 8 0 1 -0.3079369858145037 -0.1405915088650957 
0 8 5 1 -0.344360997458828 0.166629022813594 
0 6 5 1 -0.3274836847356645 0.1612871184032185 
0 2 2.5 1 -0.2898470662241345 0.03871981163122064 
0 4 2.5 1 -0.299489357034451 0.03098547704521964 
0 4 5 1 -0.3139513692285932 0.1570039521743552 
0 2 5 1 -0.3028592703302092 0.1534931484701448 
0.5 0.5 -0.5 1 -0.248116370462162 -0.07917787365057237 
0.5 0.5 6 1 -0.2783242105606175 0.196503434375291 
10.5 0.5 -0.5 1 0.150472472577797 -0.03586979485782561 
10.5 0.5 6 1 0.1360735142356282 0.2217969974071803 
10.5 10.5 -0.5 1 0.3597962675795069 -0.1302524588702046 
10.5 10.5 6 1 0.3479011239528817 0.2889930855143276 
0.5 10.5 -0.5 1 -0.2875282929028801 -0.2151100691576878 
0.5 10.5 6 1 -0.3424075944527409 0.254018283939137 
0.5 5.5 9.5 1 -0.3243203925478516 0.4183548079279233 
10.5 5.5 9.5 1 0.2077416465085832 0.4305860537073935 
0.5 6.5 -0.5 1 -0.2666535021503746 -0.1431126642605315 
0.5 8.5 -0.5 1 -0.2758265566123116 -0.1747506396572656 
0.5 8.5 4.5 1 -0.3116784880846353 0.1376737309635921 
0.5 6.5 4.5 1 -0.2981408628446434 0.1354753885971568 
0.5 2.5 2 1 -0.2656592841827849 0.01605933207628661 
0.5 4.5 2 1 -0.2730676501120912 0.00594712267822899 
0.5 4.5 4.5 1 -0.2873327026528872 0.1337202774878193 
0.5 2.5 4.5 1 -0.2785041282385022 0.132286626546365 
