0 0 0 1 0.2868824031221114 -0.2652496484099345 
0 0 6.5 1 0.2528954750338864 0.08292278885724494 
10 0 0 1 0.1807470038840342 -0.5799759130143058 
10 0 6.5 1 0.1117800535389207 0.1167707036843779 
10 10 0 1 -0.5839043647539531 -0.4840921750647003 
10 10 6.5 1 -0.6370165761743326 0.01446785040711204 
0 10 0 1 -0.1760976057784617 -0.2614105455860897 
0 10 6.5 1 -0.2057920466969884 0.02906167275375453 
0 5 10 1 -0.01433249582097164 0.2249278975624579 
10 5 10 1 -0.3575151640227786 0.372887312793356 
0 6 0 1 -0.01057036230345771 -0.2627831234417884 
0 8 0 1 -0.09616328065546306 -0.2620733735428098 
0 8 5 1 -0.1195879529640862 -0.03113314607441649 
0 6 5 1 -0.0346220311300835 -0.02365090589172474 
0 2 2.5 1 0.1674945238374781 -0.1358333522296216 
0 4 2.5 1 0.06896468112912935 -0.1397346284189031 
0 4 5 1 0.05659479610070733 -0.01561820059868645 
0 2 5 1 0.1547786869815128 -0.006971964110172455 
0.5 0.5 -0.5 1 0.2586839995758665 -0.3000928450662397 
0.5 0.5 6 1 0.2240839261006799 0.05321991016676464 
10.5 0.5 -0.5 1 0.120226277260134 -0.6603746535271908 
10.5 0.5 6 1 0.04869930389286841 0.05726444133713793 
10.5 10.5 -0.5 1 -0.6434940953670377 -0.5391016053941492 
10.5 10.5 6 1 -0.6980694925174316 -0.0299347574647641 
0.5 10.5 -0.5 1 -0.2053839504598885 -0.2903746056268308 
0.5 10.5 6 1 -0.2355378208161144 0.003666594875073412 
0.5 5.5 9.5 1 -0.0442256950179982 0.1998527692362211 
10.5 5.5 9.5 1 -0.4220417579981339 0.3299366411818135 
0.5 6.5 -0.5 1 -0.03973270124765859 -0.2938435771495521 
0.5 8.5 -0.5 1 -0.1254264848521247 -0.2920490280808802 
0.5 8.5 4.5 1 -0.1492241102235989 -0.058174866000788 
0.5 6.5 4.5 1 -0.06417893858425841 -0.05156416347030834 
0.5 2.5 2 1 0.1386194217865462 -0.1674970996478843 
0.5 4.5 2 1 0.0397897741990093 -0.1702732916910933 
0.5 4.5 4.5 1 0.02721042173617701 -0.04446031661006224 
0.5 2.5 4.5 1 0.1256813693676828 -0.03680600619903822 
