0 0 0 1 0.256246059440607 -0.03744162821467875 
0 0 6.5 1 0.2600844105792284 0.3371838788804019 
10 0 0 1 -0.1841739630410374 -0.2125434217683912 
10 0 6.5 1 -0.2322116316592068 0.4248230261310023 
10 10 0 1 -0.5442207603491983 -0.0775554672854973 
10 10 6.5 1 -0.5993514061596249 0.3109427491746523 
0 10 0 1 -0.1145940972611458 0.01098697533953323 
0 10 6.5 1 -0.1307121894337967 0.2832306322910657 
0 5 10 1 0.02732686898994102 0.491582529830789 
10 5 10 1 -0.4974693868879038 0.6523012677411901 
0 6 0 1 0.00721370322713531 -0.00492009829597317 
0 8 0 1 -0.05711660155776552 0.003480898118919303 
0 8 5 1 -0.06773342672602536 0.222281453877027 
0 6 5 1 -0.001263355968849086 0.2271258854288092 
0 2 2.5 1 0.1610292919503682 0.1036713763976113 
0 4 2.5 1 0.07692699322193626 0.1063122282630298 
0 4 5 1 0.07402521541996705 0.232613021617621 
0 2 5 1 0.1600118779655849 0.2388798496249233 
0.5 0.5 -0.5 1 0.2176731262182169 -0.06619278906985455 
0.5 0.5 6 1 0.218780494888893 0.3051785929564066 
10.5 0.5 -0.5 1 -0.246413230580128 -0.2597189703169112 
10.5 0.5 6 1 -0.3018729908572993 0.3681456771288813 
10.5 10.5 -0.5 1 -0.5818496271046606 -0.1073780804615118 
10.5 10.5 6 1 -0.6395621200768722 0.2775938655992586 
0.5 10.5 -0.5 1 -0.1420838727126531 -0.01023346339229391 
0.5 10.5 6 1 -0.1595602847481133 0.2602890772716566 
0.5 5.5 9.5 1 -0.007751167178629349 0.4634521356570455 
10.5 5.5 9.5 1 -0.550978638432961 0.6067627354972336 
0.5 6.5 -0.5 1 -0.02385175286226478 -0.02862418190484079 
0.5 8.5 -0.5 1 -0.08628573770423276 -0.01891272750227913 
0.5 8.5 4.5 1 -0.0980687042500805 0.1984316375975411 
0.5 6.5 4.5 1 -0.0336552505729447 0.2017836015415211 
0.5 2.5 2 1 0.1244681996068489 0.07579958271563296 
0.5 4.5 2 1 0.04295970613704608 0.08023519151006368 
0.5 4.5 4.5 1 0.03927993953266398 0.2055790218073979 
0.5 2.5 4.5 1 0.1225477605910005 0.2099121341922783 
