-0.2933778212243681 -0.1117294996160313 -0.3258351567242691 0.1641180788095581 
0.102964524331958 -0.06030680351138211 0.0835041326395437 0.1911312283370429 
0.3129491990221805 -0.1411321246893661 0.2901067984692142 0.2607195356224498 
-0.3200676537449295 -0.2414838015680508 -0.3771423821762962 0.2265711399277384 
-0.2933778212243681 -0.1117294996160313 0.102964524331958 -0.06030680351138211 
0.102964524331958 -0.06030680351138211 0.3129491990221805 -0.1411321246893661 
0.3129491990221805 -0.1411321246893661 -0.3200676537449295 -0.2414838015680508 
-0.3200676537449295 -0.2414838015680508 -0.2933778212243681 -0.1117294996160313 
-0.3258351567242691 0.1641180788095581 -0.368217009749742 0.3842759574946535 
-0.368217009749742 0.3842759574946535 -0.3771423821762962 0.2265711399277384 
0.0835041326395437 0.1911312283370429 0.1504875237130757 0.3924324907724622 
0.1504875237130757 0.3924324907724622 0.2901067984692142 0.2607195356224498 
-0.368217009749742 0.3842759574946535 0.1504875237130757 0.3924324907724622 
-0.3258351567242691 0.1641180788095581 0.0835041326395437 0.1911312283370429 
-0.3771423821762962 0.2265711399277384 0.2901067984692142 0.2607195356224498 
-0.3059417636637943 -0.172809897169564 -0.3121520600950157 -0.2030016444473887 
-0.3121520600950157 -0.2030016444473887 -0.3499171619671174 0.1099854437405262 
-0.3499171619671174 0.1099854437405262 -0.3393484866599415 0.1063634509944868 
-0.3393484866599415 0.1063634509944868 -0.3059417636637943 -0.172809897169564 
-0.3102371088002163 -0.01500777930898685 -0.3157253555672328 -0.0240952568764326 
-0.3157253555672328 -0.0240952568764326 -0.330887552825433 0.1034638027336966 
-0.330887552825433 0.1034638027336966 -0.3239610040622959 0.1010900038756565 
-0.3239610040622959 0.1010900038756565 -0.3102371088002163 -0.01500777930898685 
