0.1008352973327167 -0.4123585408324143 0.1145361596792411 -0.130029301309832 
0.5721763998912612 -0.5639746741920872 0.5647154196742784 -0.1475473803890272 
0.1726542237868154 -0.8039110211069157 0.1983382150011334 -0.09691205633172861 
-0.3058364797848571 -0.4855658728933627 -0.2647086850474567 -0.09423633871022834 
0.1008352973327167 -0.4123585408324143 0.5721763998912612 -0.5639746741920872 
0.5721763998912612 -0.5639746741920872 0.1726542237868154 -0.8039110211069157 
0.1726542237868154 -0.8039110211069157 -0.3058364797848571 -0.4855658728933627 
-0.3058364797848571 -0.4855658728933627 0.1008352973327167 -0.4123585408324143 
0.1145361596792411 -0.130029301309832 -0.03347603806399174 0.04940425949240561 
-0.03347603806399174 0.04940425949240561 -0.2647086850474567 -0.09423633871022834 
0.5647154196742784 -0.1475473803890272 0.4267298002221372 0.1237821237305775 
0.4267298002221372 0.1237821237305775 0.1983382150011334 -0.09691205633172861 
-0.03347603806399174 0.04940425949240561 0.4267298002221372 0.1237821237305775 
0.1145361596792411 -0.130029301309832 0.5647154196742784 -0.1475473803890272 
-0.2647086850474567 -0.09423633871022834 0.1983382150011334 -0.09691205633172861 
-0.1099889519567589 -0.4503102298668187 -0.2007693572161036 -0.466652134189643 
-0.2007693572161036 -0.466652134189643 -0.1751513723679076 -0.1838741958963805 
-0.1751513723679076 -0.1838741958963805 -0.08942344355790943 -0.1866507191878919 
-0.08942344355790943 -0.1866507191878919 -0.1099889519567589 -0.4503102298668187 
0.04572705343151606 -0.3054261855377049 -0.02235130973609657 -0.3103745890294453 
-0.02235130973609657 -0.3103745890294453 -0.01422953698960653 -0.1890860706056235 
-0.01422953698960653 -0.1890860706056235 0.05225955275226138 -0.1912394937532752 
0.05225955275226138 -0.1912394937532752 0.04572705343151606 -0.3054261855377049 
