0.2753139948545059 -0.2816822421127551 0.3180075990501713 0.1164802776036074 
-0.3747571153350246 -0.2697554378722491 -0.3317137781006146 0.2046622787483204 
-0.3290767814366447 -0.1369514991010072 -0.3036336747859386 0.1408791622670472 
0.07448071531590159 -0.1576854425533009 0.09991628191686552 0.09212778606572457 
0.2753139948545059 -0.2816822421127551 -0.3747571153350246 -0.2697554378722491 
-0.3747571153350246 -0.2697554378722491 -0.3290767814366447 -0.1369514991010072 
-0.3290767814366447 -0.1369514991010072 0.07448071531590159 -0.1576854425533009 
0.07448071531590159 -0.1576854425533009 0.2753139948545059 -0.2816822421127551 
0.3180075990501713 0.1164802776036074 0.2012165688281343 0.2687919138641253 
0.2012165688281343 0.2687919138641253 0.09991628191686552 0.09212778606572457 
-0.3317137781006146 0.2046622787483204 -0.2965255519154532 0.3556667101466727 
-0.2965255519154532 0.3556667101466727 -0.3036336747859386 0.1408791622670472 
0.2012165688281343 0.2687919138641253 -0.2965255519154532 0.3556667101466727 
0.3180075990501713 0.1164802776036074 -0.3317137781006146 0.2046622787483204 
0.09991628191686552 0.09212778606572457 -0.3036336747859386 0.1408791622670472 
0.1337357913441788 -0.1942702147685362 0.1017253908843967 -0.1745066217089183 
0.1017253908843967 -0.1745066217089183 0.122985047308438 0.03280349507514825 
0.122985047308438 0.03280349507514825 0.1570478749968582 0.0311622726161278 
0.1570478749968582 0.0311622726161278 0.1337357913441788 -0.1942702147685362 
0.2325023413718858 -0.1102400958941377 0.1847414117729648 -0.09469358356644117 
0.1847414117729648 -0.09469358356644117 0.1976809568548813 0.02920448076353669 
0.1976809568548813 0.02920448076353669 0.2469881654431543 0.02682875027906524 
0.2469881654431543 0.02682875027906524 0.2325023413718858 -0.1102400958941377 
