0 0 0 1 0.1847089449503435 -0.3956307337672623 
0 0 6.5 1 0.1761219673428617 -0.09759740760327333 
10 0 0 1 0.6747120697296319 -0.5224544959284605 
10 0 6.5 1 0.6176735242896886 -0.03824991553464075 
10 10 0 1 0.02843225871206947 -0.6983641519966388 
10 10 6.5 1 0.02875787782195672 0.04841265799494283 
0 10 0 1 -0.2754838484154482 -0.4471876422188504 
0 10 6.5 1 -0.2538770592837955 -0.06705242729891236 
0 5 10 1 -0.01241421439641355 0.07911495605796785 
10 5 10 1 0.3625988155610298 0.2639331905879578 
0 6 0 1 -0.06330611180685934 -0.423416674269122 
0 8 0 1 -0.1637071569980326 -0.4346649327598859 
0 8 5 1 -0.1535209172339999 -0.1531735326229415 
0 6 5 1 -0.05861374236834497 -0.1560959234406454 
0 2 2.5 1 0.1078429199066298 -0.2797804585253654 
0 4 2.5 1 0.02745744043807916 -0.2829063296784325 
0 4 5 1 0.02753904097478166 -0.1587487481961814 
0 2 5 1 0.1060953094648767 -0.1611676603388461 
0.5 0.5 -0.5 1 0.1822955397266045 -0.42687681900593 
0.5 0.5 6 1 0.1735529686064851 -0.1168021575465833 
10.5 0.5 -0.5 1 0.7007212513391422 -0.5828421289956205 
10.5 0.5 6 1 0.63807709471368 -0.06605269794838912 
10.5 10.5 -0.5 1 0.006224846241436408 -0.8141395877971334 
10.5 10.5 6 1 0.009769287799939116 0.01310321874926769 
0.5 10.5 -0.5 1 -0.3003653420928984 -0.4901396558781593 
0.5 10.5 6 1 -0.2759808600227152 -0.0901972796991395 
0.5 5.5 9.5 1 -0.02221048572536995 0.06488905539291323 
10.5 5.5 9.5 1 0.3696932932219703 0.2513825148578406 
0.5 6.5 -0.5 1 -0.07658307983333953 -0.4608082944907263 
0.5 8.5 -0.5 1 -0.1822076341603227 -0.4746526087945914 
0.5 8.5 4.5 1 -0.1705824217281967 -0.1791047457624647 
0.5 6.5 4.5 1 -0.07101483833836043 -0.1808401936960783 
0.5 2.5 2 1 0.1025091281105175 -0.3074164905828707 
0.5 4.5 2 1 0.01871785303096156 -0.3120212967118839 
0.5 4.5 4.5 1 0.01901812353933077 -0.1824094546174366 
0.5 2.5 4.5 1 0.1008234428613043 -0.1838353089722629 
