0.2892685662888561 -0.3294081916357507 0.324377155330645 0.08365794187095225 
-0.3786744776610339 -0.2927597183943327 -0.3271973885622322 0.1647825559043669 
-0.2891297895829834 -0.1824447903688064 -0.2596673629479749 0.08703421154398368 
0.1144322193498195 -0.2116621542490648 0.1378977154736855 0.04174821311135166 
0.2892685662888561 -0.3294081916357507 -0.3786744776610339 -0.2927597183943327 
-0.3786744776610339 -0.2927597183943327 -0.2891297895829834 -0.1824447903688064 
-0.2891297895829834 -0.1824447903688064 0.1144322193498195 -0.2116621542490648 
0.1144322193498195 -0.2116621542490648 0.2892685662888561 -0.3294081916357507 
0.324377155330645 0.08365794187095225 0.2238872603413495 0.2235367381536477 
0.2238872603413495 0.2235367381536477 0.1378977154736855 0.04174821311135166 
-0.3271973885622322 0.1647825559043669 -0.2650161372741215 0.2946838876718674 
-0.2650161372741215 0.2946838876718674 -0.2596673629479749 0.08703421154398368 
0.2238872603413495 0.2235367381536477 -0.2650161372741215 0.2946838876718674 
0.324377155330645 0.08365794187095225 -0.3271973885622322 0.1647825559043669 
0.1378977154736855 0.04174821311135166 -0.2596673629479749 0.08703421154398368 
0.1651195603631265 -0.2457982687039476 0.1376462548224126 -0.2272959783165791 
0.1376462548224126 -0.2272959783165791 0.1570452223271189 -0.01548210817425121 
0.1570452223271189 -0.01548210817425121 0.1860203047298233 -0.01456160935869474 
0.1860203047298233 -0.01456160935869474 0.1651195603631265 -0.2457982687039476 
0.2510035485137659 -0.1528648785347977 0.2095245914624824 -0.1400791900629259 
0.2095245914624824 -0.1400791900629259 0.2207875017187726 -0.01345710296924749 
0.2207875017187726 -0.01345710296924749 0.2632764439783513 -0.01210728727310509 
0.2632764439783513 -0.01210728727310509 0.2510035485137659 -0.1528648785347977 
