0.2570421825014116 -0.02563931055826387 0.2694355702603569 0.353962843910554 
-0.2247793527676395 -0.1763881348523655 -0.2658595432328582 0.4484276389450679 
-0.5253821497746332 -0.0384272300762502 -0.5720161056308954 0.3369474092620441 
-0.09613543358493259 0.0321399568106284 -0.10630374436682 0.3026593268120992 
0.2570421825014116 -0.02563931055826387 -0.2247793527676395 -0.1763881348523655 
-0.2247793527676395 -0.1763881348523655 -0.5253821497746332 -0.0384272300762502 
-0.5253821497746332 -0.0384272300762502 -0.09613543358493259 0.0321399568106284 
-0.09613543358493259 0.0321399568106284 0.2570421825014116 -0.02563931055826387 
0.2694355702603569 0.353962843910554 0.0474244538755271 0.5109709940735642 
0.0474244538755271 0.5109709940735642 -0.10630374436682 0.3026593268120992 
-0.2658595432328582 0.4484276389450679 -0.4889597587566243 0.6694796425524928 
-0.4889597587566243 0.6694796425524928 -0.5720161056308954 0.3369474092620441 
0.0474244538755271 0.5109709940735642 -0.4889597587566243 0.6694796425524928 
0.2694355702603569 0.353962843910554 -0.2658595432328582 0.4484276389450679 
-0.10630374436682 0.3026593268120992 -0.5720161056308954 0.3369474092620441 
0.01835533727458897 0.01340945816219309 -0.04229233311226543 0.02333131561571249 
-0.04229233311226543 0.02333131561571249 -0.04817266504078446 0.2412486547213787 
-0.04817266504078446 0.2412486547213787 0.01487833416425188 0.2452739015845127 
0.01487833416425188 0.2452739015845127 0.01835533727458897 0.01340945816219309 
0.1678331670265574 0.1187765133298613 0.08702338778231877 0.1230296370610117 
0.08702338778231877 0.1230296370610117 0.08685433008775949 0.2498689302988063 
0.08685433008775949 0.2498689302988063 0.1697946879278946 0.2551639362373728 
0.1697946879278946 0.2551639362373728 0.1678331670265574 0.1187765133298613 
