0 0 0 1 0.3559661232536005 -0.6679525778591578 
0 0 6.5 1 0.3452350835403263 -0.1623115852757679 
10 0 0 1 -0.3679771895730903 -0.5941393935848275 
10 0 6.5 1 -0.3229563650183156 -0.1375697708601866 
10 10 0 1 -0.1659368737537429 -0.430452530927104 
10 10 6.5 1 -0.1476805870747733 -0.1575983726025734 
0 10 0 1 0.2598287394657668 -0.4630548284261519 
0 10 6.5 1 0.2581897510523959 -0.1733820026814253 
0 5 10 1 0.2885242109870914 0.01085413433844755 
10 5 10 1 -0.2011085630433219 0.01812573472525053 
0 6 0 1 0.2863602460829238 -0.5196014680447175 
0 8 0 1 0.2718518530667912 -0.4886797083736237 
0 8 5 1 0.2699614168979992 -0.2419997874679468 
0 6 5 1 0.2836195201813609 -0.2471778451224677 
0 2 2.5 1 0.3237773212936466 -0.4284343272079684 
0 4 2.5 1 0.3021885069573352 -0.4016098776437735 
0 4 5 1 0.3002664636994836 -0.2534890313479667 
0 2 5 1 0.3210038668172049 -0.2613509918794421 
0.5 0.5 -0.5 1 0.3101798955489496 -0.6876719110056692 
0.5 0.5 6 1 0.3034623157538471 -0.1964488466386038 
10.5 0.5 -0.5 1 -0.3869750714183633 -0.6143921021441212 
10.5 0.5 6 1 -0.3418627985048745 -0.1695741838033946 
10.5 10.5 -0.5 1 -0.1812091883764384 -0.4457575564418956 
10.5 10.5 6 1 -0.1625840832657104 -0.1771201601248308 
0.5 10.5 -0.5 1 0.2351782856173837 -0.4785887019445635 
0.5 10.5 6 1 0.2347582541710145 -0.1936719130665817 
0.5 5.5 9.5 1 0.2594662664958947 -0.01794111062381845 
10.5 5.5 9.5 1 -0.217799760185171 -0.009037996188055545 
0.5 6.5 -0.5 1 0.2561000293378385 -0.5369125875280606 
0.5 8.5 -0.5 1 0.2446806147394279 -0.5050784995396365 
0.5 8.5 4.5 1 0.2439376791251042 -0.2628868071721103 
0.5 6.5 4.5 1 0.2547749707095768 -0.2699589553415284 
0.5 2.5 2 1 0.2858561632733077 -0.4521651534667124 
0.5 4.5 2 1 0.2689753486106518 -0.4234434673556622 
0.5 4.5 4.5 1 0.2679236642072871 -0.2785394671719293 
0.5 2.5 4.5 1 0.2842115025496215 -0.2891685072063934 
