-0.1403229549756164 -0.02996366046506301 -0.1446765073225704 0.2238902623475714 
0.2494458796506115 -0.04578260563322671 0.2659546771227535 0.2203650718409579 
0.3247778300661293 -0.2022172533532389 0.3596689611401073 0.2345617623275761 
-0.300267530543338 -0.1654322019994881 -0.3208866763458672 0.2391933818033475 
-0.1403229549756164 -0.02996366046506301 0.2494458796506115 -0.04578260563322671 
0.2494458796506115 -0.04578260563322671 0.3247778300661293 -0.2022172533532389 
0.3247778300661293 -0.2022172533532389 -0.300267530543338 -0.1654322019994881 
-0.300267530543338 -0.1654322019994881 -0.1403229549756164 -0.02996366046506301 
-0.1446765073225704 0.2238902623475714 -0.2169998898550751 0.4147753442956993 
-0.2169998898550751 0.4147753442956993 -0.3208866763458672 0.2391933818033475 
0.2659546771227535 0.2203650718409579 0.3142857637792646 0.4230832995831656 
0.3142857637792646 0.4230832995831656 0.3596689611401073 0.2345617623275761 
-0.2169998898550751 0.4147753442956993 0.3142857637792646 0.4230832995831656 
-0.1446765073225704 0.2238902623475714 0.2659546771227535 0.2203650718409579 
-0.3208866763458672 0.2391933818033475 0.3596689611401073 0.2345617623275761 
-0.2179849588746254 -0.09574118598286359 -0.2547889411053346 -0.1269131202466927 
-0.2547889411053346 -0.1269131202466927 -0.2660434575310057 0.1465682161068283 
-0.2660434575310057 0.1465682161068283 -0.2262396337186013 0.1519170545341737 
-0.2262396337186013 0.1519170545341737 -0.2179849588746254 -0.09574118598286359 
-0.164270256055996 0.05361833237996534 -0.1905697090941484 0.04059089202157606 
-0.1905697090941484 0.04059089202157606 -0.1936873991647721 0.1562914242906597 
-0.1936873991647721 0.1562914242906597 -0.1665705205478156 0.1599353908366787 
-0.1665705205478156 0.1599353908366787 -0.164270256055996 0.05361833237996534 
