0.3488955717347858 -0.652005385636225 0.3424580913521778 -0.1539302136500076 
-0.3723893772798641 -0.5814864685724973 -0.3252760504910864 -0.125063645232048 
-0.1770496568473267 -0.419794640413949 -0.1570000002141038 -0.14755782615716 
0.2466899265549295 -0.4523167828947637 0.2476870285033607 -0.1657670813064463 
0.3488955717347858 -0.652005385636225 -0.3723893772798641 -0.5814864685724973 
-0.3723893772798641 -0.5814864685724973 -0.1770496568473267 -0.419794640413949 
-0.1770496568473267 -0.419794640413949 0.2466899265549295 -0.4523167828947637 
0.2466899265549295 -0.4523167828947637 0.3488955717347858 -0.652005385636225 
0.3424580913521778 -0.1539302136500076 0.2825426525618087 0.01724637204281417 
0.2825426525618087 0.01724637204281417 0.2476870285033607 -0.1657670813064463 
-0.3252760504910864 -0.125063645232048 -0.2066324016504232 0.02929246615913645 
-0.2066324016504232 0.02929246615913645 -0.1570000002141038 -0.14755782615716 
0.2825426525618087 0.01724637204281417 -0.2066324016504232 0.02929246615913645 
0.3424580913521778 -0.1539302136500076 -0.3252760504910864 -0.125063645232048 
0.2476870285033607 -0.1657670813064463 -0.1570000002141038 -0.14755782615716 
0.274981242323441 -0.5075921378479065 0.2595185911709694 -0.4773813290625201 
0.2595185911709694 -0.4773813290625201 0.2598505250618568 -0.2336116213827242 
0.2598505250618568 -0.2336116213827242 0.2746669732785562 -0.2385693550020268 
0.2746669732785562 -0.2385693550020268 0.274981242323441 -0.5075921378479065 
0.3164859341333633 -0.4170105567493517 0.2933293477708055 -0.3909177397951594 
0.2933293477708055 -0.3909177397951594 0.2927085553079871 -0.2446062510559613 
0.2927085553079871 -0.2446062510559613 0.3151569109875831 -0.2521176982005853 
0.3151569109875831 -0.2521176982005853 0.3164859341333633 -0.4170105567493517 
