0 0 0 1 -0.4941835191310213 -0.4439718422424199 
0 0 6.5 1 -0.4911782201478413 -0.08383824340841027 
10 0 0 1 -0.04262640847058077 -0.3481892051016449 
10 0 6.5 1 -0.05782847508028564 -0.0797121830534939 
10 10 0 1 0.3098812352052389 -0.4162331683458956 
10 10 6.5 1 0.2681935794795122 -0.02438531266834165 
0 10 0 1 -0.2713885550533267 -0.6248137150878886 
0 10 6.5 1 -0.285573194730045 -0.001168466532886506 
0 5 10 1 -0.4153925510797499 0.169247031971852 
10 5 10 1 0.06321159962273036 0.1026999793753914 
0 6 0 1 -0.3914633386856914 -0.5273494441000632 
0 8 0 1 -0.339287993180426 -0.5696999848162402 
0 8 5 1 -0.345010800639668 -0.1437741219178274 
0 6 5 1 -0.3937950590230807 -0.1503723215196391 
0 2 2.5 1 -0.4656958148293978 -0.3098705910451702 
0 4 2.5 1 -0.432875260801028 -0.320594058597604 
0 4 5 1 -0.4329375671451062 -0.1556664489710562 
0 2 5 1 -0.4650396620981658 -0.1600083419741611 
0.5 0.5 -0.5 1 -0.4574911343015196 -0.4721485217966728 
0.5 0.5 6 1 -0.4563551975262303 -0.1075951923065343 
10.5 0.5 -0.5 1 -0.01239785599543843 -0.3685425108065161 
10.5 0.5 6 1 -0.02887131978732141 -0.09760566283547489 
10.5 10.5 -0.5 1 0.3578682184414035 -0.4469284154504079 
10.5 10.5 6 1 0.3130973076674313 -0.04982131216971364 
0.5 10.5 -0.5 1 -0.2032136651008064 -0.6773157847104502 
0.5 10.5 6 1 -0.2235720569369087 -0.04035016982797439 
0.5 5.5 9.5 1 -0.3722840171882987 0.1428894684044726 
10.5 5.5 9.5 1 0.09751955089494233 0.08334471289415959 
0.5 6.5 -0.5 1 -0.3406704064088107 -0.5664069280513903 
0.5 8.5 -0.5 1 -0.2810617983819376 -0.6145029508465529 
0.5 8.5 4.5 1 -0.2903632139176017 -0.1805589191651346 
0.5 6.5 4.5 1 -0.3457482166926281 -0.1831519008618309 
0.5 2.5 2 1 -0.4261564457441503 -0.338784047721884 
0.5 4.5 2 1 -0.3889558774880422 -0.3525744359432398 
0.5 4.5 4.5 1 -0.3900774712778808 -0.1852272811996213 
0.5 2.5 4.5 1 -0.4263609217356815 -0.1869259779264632 
