0 0 0 1 0.3219044562203748 -0.5443363585286177 
0 0 6.5 1 0.2587878818034784 0.06441832294649957 
10 0 0 1 -0.2242897265955776 -0.3797642205748695 
10 0 6.5 1 -0.2602316326063985 -0.007675137973153095 
10 10 0 1 0.1150285413298048 -0.2435078430318746 
10 10 6.5 1 0.08855141403792428 0.01780306959026838 
0 10 0 1 0.5653262940586362 -0.2893848986180501 
0 10 6.5 1 0.5267573866316879 0.07006447438341031 
0 5 10 1 0.4015107464568853 0.3090918502560273 
10 5 10 1 -0.07181802939100716 0.1715507142486707 
0 6 0 1 0.4965663675461173 -0.361401624000585 
0 8 0 1 0.5340131338712494 -0.3221811997843084 
0 8 5 1 0.5017995042006488 -0.02064893278196017 
0 6 5 1 0.4613778343982162 -0.03029438870024722 
0 2 2.5 1 0.3726729352155672 -0.2619806913990166 
0 4 2.5 1 0.4315572622847167 -0.2251291520021247 
0 4 5 1 0.4122218673301945 -0.04202403064212565 
0 2 5 1 0.3511577452008552 -0.05659520746550357 
0.5 0.5 -0.5 1 0.3038756818246466 -0.5557335783304859 
0.5 0.5 6 1 0.2447704768243368 0.01574651894634424 
10.5 0.5 -0.5 1 -0.2144341397976083 -0.3932640131458436 
10.5 0.5 6 1 -0.2490390757404004 -0.03544011677274233 
10.5 10.5 -0.5 1 0.112700897510628 -0.2568495485396811 
10.5 10.5 6 1 0.0869574065830184 -0.002655288488537066 
0.5 10.5 -0.5 1 0.5452825122880952 -0.3058429316454656 
0.5 10.5 6 1 0.5082450722932226 0.04027682255967219 
0.5 5.5 9.5 1 0.3843453815615746 0.261094271116327 
10.5 5.5 9.5 1 -0.06855168239585833 0.1427843537961636 
0.5 6.5 -0.5 1 0.475829703096999 -0.377736537015021 
0.5 8.5 -0.5 1 0.5135278114254784 -0.3387135953239322 
0.5 8.5 4.5 1 0.482698866102319 -0.04933485315472596 
0.5 6.5 4.5 1 0.442287724678822 -0.06122620848972798 
0.5 2.5 2 1 0.3539904355403539 -0.2874511169936816 
0.5 4.5 2 1 0.4119161147209765 -0.2497803111009755 
0.5 4.5 4.5 1 0.3935710857893305 -0.07556153393106989 
0.5 2.5 4.5 1 0.3336952120075969 -0.0931805683372184 
