0 0 0 1 0.2792984366080061 -0.3726119276875683 
0 0 6.5 1 0.2437559405670481 -0.05229111971959256 
10 0 0 1 0.6855400937293863 -0.6213082402582519 
10 0 6.5 1 0.5953160283070127 -0.0009941398982173369 
10 10 0 1 -0.308842741952273 -0.8119269624267399 
10 10 6.5 1 -0.3484864102205554 -0.07692373236016524 
0 10 0 1 -0.2252161270313119 -0.4420813067703562 
0 10 6.5 1 -0.2473505880581171 -0.0936589460767915 
0 5 10 1 -0.00736383272468859 0.09912282908779395 
10 5 10 1 0.1253738828919917 0.2934061323861856 
0 6 0 1 -0.01363524478180686 -0.4129475739210313 
0 8 0 1 -0.1176895644748892 -0.4272753842577972 
0 8 5 1 -0.1372147954192943 -0.1619343721410857 
0 6 5 1 -0.03537268172660444 -0.1521339725174599 
0 2 2.5 1 0.1716906338563871 -0.2580361098396253 
0 4 2.5 1 0.07506767918614037 -0.2693094790915891 
0 4 5 1 0.06331016540215802 -0.1426375932418159 
0 2 5 1 0.1589785070861084 -0.1334313037625788 
0.5 0.5 -0.5 1 0.2689546835559284 -0.4087075580265481 
0.5 0.5 6 1 0.2326457383478027 -0.07750087948467371 
10.5 0.5 -0.5 1 0.6904490092650324 -0.7094190562593774 
10.5 0.5 6 1 0.5945738494967593 -0.04699828716822318 
10.5 10.5 -0.5 1 -0.3777082187240041 -0.9310560837493964 
10.5 10.5 6 1 -0.4152721851393669 -0.136335012727682 
0.5 10.5 -0.5 1 -0.2537080926316496 -0.48366720788978 
0.5 10.5 6 1 -0.275624733253967 -0.1223389715343001 
0.5 5.5 9.5 1 -0.02655843745335944 0.07807231812886745 
10.5 5.5 9.5 1 0.09545136235439547 0.2636116617229873 
0.5 6.5 -0.5 1 -0.03418149473411004 -0.4521829743384695 
0.5 8.5 -0.5 1 -0.1420829088802668 -0.467658061895194 
0.5 8.5 4.5 1 -0.1616281042581413 -0.192596162345316 
0.5 6.5 4.5 1 -0.05610604866219238 -0.1819811958459191 
0.5 2.5 2 1 0.1579080430425394 -0.2906440764425591 
0.5 4.5 2 1 0.0579587946067389 -0.3028077930236294 
0.5 4.5 4.5 1 0.04603875287735143 -0.1717059634283331 
0.5 2.5 4.5 1 0.1449658811692631 -0.161754412098428 
