0 0 0 1 -0.525224426877073 -0.4466482894117654 
0 0 6.5 1 -0.5121507515766528 -0.07296446504280929 
10 0 0 1 -0.06518882938999118 -0.3549287107542415 
10 0 6.5 1 -0.07581466273984999 -0.0828969632448746 
10 10 0 1 0.3027040691031324 -0.4161865246304717 
10 10 6.5 1 0.2645532286404005 -0.02578623203545176 
0 10 0 1 -0.2582387190007916 -0.6162718641957499 
0 10 6.5 1 -0.2630149840176894 0.02450716173929987 
0 5 10 1 -0.4144718140369716 0.1896507172562711 
10 5 10 1 0.05471556469577771 0.09996542389049236 
0 6 0 1 -0.4017582508725285 -0.525089844599821 
0 8 0 1 -0.3392892469165487 -0.5647781704225588 
0 8 5 1 -0.3370043380960551 -0.1246352631198338 
0 6 5 1 -0.3958726750343614 -0.1347373545663698 
0 2 2.5 1 -0.4869206937563562 -0.3046097695798582 
0 4 2.5 1 -0.4472268797624859 -0.3132075586567352 
0 4 5 1 -0.443306023360405 -0.1428771466401166 
0 2 5 1 -0.4823412480190922 -0.1495757800591548 
0.5 0.5 -0.5 1 -0.4867022369708457 -0.4759888040324772 
0.5 0.5 6 1 -0.4758521137834996 -0.0979206854098383 
10.5 0.5 -0.5 1 -0.03476018346528611 -0.3757120605929322 
10.5 0.5 6 1 -0.04678962231634667 -0.1013521676020724 
10.5 10.5 -0.5 1 0.3497999278855264 -0.4468599577090655 
10.5 10.5 6 1 0.3083954204346334 -0.05164797675333382 
0.5 10.5 -0.5 1 -0.1872023000340174 -0.6699356435537798 
0.5 10.5 6 1 -0.1991962945566525 -0.01620790673834794 
0.5 5.5 9.5 1 -0.3699367816605403 0.1618169155173597 
10.5 5.5 9.5 1 0.08866017309319078 0.07995374866342672 
0.5 6.5 -0.5 1 -0.3486142262062755 -0.5654103028731295 
0.5 8.5 -0.5 1 -0.2784761036287158 -0.6108295685431073 
0.5 8.5 4.5 1 -0.2804072600701499 -0.1628199834839169 
0.5 6.5 4.5 1 -0.3459762915085335 -0.1688710259831552 
0.5 2.5 2 1 -0.4455766722670469 -0.3347384409223247 
0.5 4.5 2 1 -0.4013690773368718 -0.3464476714380679 
0.5 4.5 4.5 1 -0.3987004137634853 -0.1737366751699906 
0.5 2.5 4.5 1 -0.4420173602607665 -0.1777341825060353 
