-0.4615818665592685 -0.3590087217223986 -0.4512478597153941 0.2769483519152975 
-0.2528644964308478 -0.1194842729075325 -0.2387580790710545 0.2043161862811633 
0.2314726347320865 -0.1509383603856829 0.2657648385052807 0.1647921346888029 
0.4714096157071678 -0.4099466209367674 0.55967635267217 0.1954383367457777 
-0.4615818665592685 -0.3590087217223986 -0.2528644964308478 -0.1194842729075325 
-0.2528644964308478 -0.1194842729075325 0.2314726347320865 -0.1509383603856829 
0.2314726347320865 -0.1509383603856829 0.4714096157071678 -0.4099466209367674 
0.4714096157071678 -0.4099466209367674 -0.4615818665592685 -0.3590087217223986 
-0.4512478597153941 0.2769483519152975 0.09608348315909472 0.615546790997137 
0.09608348315909472 0.615546790997137 0.55967635267217 0.1954383367457777 
-0.2387580790710545 0.2043161862811633 0.03018453990256665 0.3680844240918018 
0.03018453990256665 0.3680844240918018 0.2657648385052807 0.1647921346888029 
0.09608348315909472 0.615546790997137 0.03018453990256665 0.3680844240918018 
-0.4512478597153941 0.2769483519152975 -0.2387580790710545 0.2043161862811633 
0.55967635267217 0.1954383367457777 0.2657648385052807 0.1647921346888029 
0.1068860260394405 -0.3900449752897474 0.2905488749204546 -0.400072290504886 
0.2905488749204546 -0.400072290504886 0.3461438502665319 0.06112126960082856 
0.3461438502665319 0.06112126960082856 0.1511073280557236 0.07559741306039873 
0.1511073280557236 0.07559741306039873 0.1068860260394405 -0.3900449752897474 
-0.2592660748433389 -0.1396480855732855 -0.06391919832376095 -0.1521686894254121 
-0.06391919832376095 -0.1521686894254121 -0.04717234097781824 0.09031427173645327 
-0.04717234097781824 0.09031427173645327 -0.2487767275816943 0.105277900032706 
-0.2487767275816943 0.105277900032706 -0.2592660748433389 -0.1396480855732855 
