-0.3042726901392565 -0.1453760966336335 -0.3370471627408195 0.1326574303160205 
0.09315729401579104 -0.08853023582701101 0.07196612230464489 0.1615703155908059 
0.3134924626071151 -0.1719608617189307 0.2868249561900955 0.2253686174596234 
-0.316687425597569 -0.2843349529379503 -0.3735553956513639 0.188461391345973 
-0.3042726901392565 -0.1453760966336335 0.09315729401579104 -0.08853023582701101 
0.09315729401579104 -0.08853023582701101 0.3134924626071151 -0.1719608617189307 
0.3134924626071151 -0.1719608617189307 -0.316687425597569 -0.2843349529379503 
-0.316687425597569 -0.2843349529379503 -0.3042726901392565 -0.1453760966336335 
-0.3370471627408195 0.1326574303160205 -0.3738746144099613 0.35025359017957 
-0.3738746144099613 0.35025359017957 -0.3735553956513639 0.188461391345973 
0.07196612230464489 0.1615703155908059 0.1412269081706388 0.3579129097277924 
0.1412269081706388 0.3579129097277924 0.2868249561900955 0.2253686174596234 
-0.3738746144099613 0.35025359017957 0.1412269081706388 0.3579129097277924 
-0.3370471627408195 0.1326574303160205 0.07196612230464489 0.1615703155908059 
-0.3735553956513639 0.188461391345973 0.2868249561900955 0.2253686174596234 
-0.3101050555388543 -0.2106581018924987 -0.312995665429841 -0.2430128665850095 
-0.312995665429841 -0.2430128665850095 -0.350833940320178 0.07346536620393007 
-0.350833940320178 0.07346536620393007 -0.3436741587392252 0.071434210490845 
-0.3436741587392252 0.071434210490845 -0.3101050555388543 -0.2106581018924987 
-0.319434324354464 -0.04848616285838981 -0.3227059355757268 -0.05873842302121128 
-0.3227059355757268 -0.05873842302121128 -0.3379455232897737 0.0698090560793906 
-0.3379455232897737 0.0698090560793906 -0.3332579221594174 0.06847923229790585 
-0.3332579221594174 0.06847923229790585 -0.319434324354464 -0.04848616285838981 
