-0.3114432636362582 -0.1695081133217808 -0.3442005722339747 0.1103098914443911 
0.08694169772076496 -0.1088960719440206 0.06476718157072352 0.1405606591800988 
0.3142764112755834 -0.1946434592610634 0.285249810417355 0.2001003048420394 
-0.3140299836850677 -0.3155690893360978 -0.3704820175830411 0.1610032494554296 
-0.3114432636362582 -0.1695081133217808 0.08694169772076496 -0.1088960719440206 
0.08694169772076496 -0.1088960719440206 0.3142764112755834 -0.1946434592610634 
0.3142764112755834 -0.1946434592610634 -0.3140299836850677 -0.3155690893360978 
-0.3140299836850677 -0.3155690893360978 -0.3114432636362582 -0.1695081133217808 
-0.3442005722339747 0.1103098914443911 -0.3770436952048131 0.3261165148054663 
-0.3770436952048131 0.3261165148054663 -0.3704820175830411 0.1610032494554296 
0.06476718157072352 0.1405606591800988 0.135725729884366 0.333602840778857 
0.135725729884366 0.333602840778857 0.285249810417355 0.2001003048420394 
-0.3770436952048131 0.3261165148054663 0.135725729884366 0.333602840778857 
-0.3442005722339747 0.1103098914443911 0.06476718157072352 0.1405606591800988 
-0.3704820175830411 0.1610032494554296 0.285249810417355 0.2001003048420394 
-0.3126568269347359 -0.2380328227940649 -0.3132593780811494 -0.2720562991977843 
-0.3132593780811494 -0.2720562991977843 -0.3509406563362596 0.04717413337271983 
-0.3509406563362596 0.04717413337271983 -0.346135369798204 0.04637289507076907 
-0.346135369798204 0.04637289507076907 -0.3126568269347359 -0.2380328227940649 
-0.3253508859317795 -0.07247062995766292 -0.3270984314061829 -0.08362404116208841 
-0.3270984314061829 -0.08362404116208841 -0.3422919484901092 0.04573203914299218 
-0.3422919484901092 0.04573203914299218 -0.3391478650666772 0.04520779151625199 
-0.3391478650666772 0.04520779151625199 -0.3253508859317795 -0.07247062995766292 
