0.2873341808416836 -0.4354196287017189 0.2565714783935755 -0.09002892900359492 
0.5823361218197092 -0.7145884327430269 0.4878195809334454 -0.001544329616453383 
-0.5261164808757384 -0.7568605445932526 -0.4937262088403295 -0.04618728073205543 
-0.2426366205455849 -0.4572116432818092 -0.2425459681212035 -0.1123300840737239 
0.2873341808416836 -0.4354196287017189 0.5823361218197092 -0.7145884327430269 
0.5823361218197092 -0.7145884327430269 -0.5261164808757384 -0.7568605445932526 
-0.5261164808757384 -0.7568605445932526 -0.2426366205455849 -0.4572116432818092 
-0.2426366205455849 -0.4572116432818092 0.2873341808416836 -0.4354196287017189 
0.2565714783935755 -0.09002892900359492 -0.00113115998055224 0.06853586363999349 
-0.00113115998055224 0.06853586363999349 -0.2425459681212035 -0.1123300840737239 
0.4878195809334454 -0.001544329616453383 -0.01908595866717781 0.2958867612404985 
-0.01908595866717781 0.2958867612404985 -0.4937262088403295 -0.04618728073205543 
-0.00113115998055224 0.06853586363999349 -0.01908595866717781 0.2958867612404985 
0.2565714783935755 -0.09002892900359492 0.4878195809334454 -0.001544329616453383 
-0.2425459681212035 -0.1123300840737239 -0.4937262088403295 -0.04618728073205543 
-0.03134221842923408 -0.4485233708721632 -0.1371045683419802 -0.452872241914285 
-0.1371045683419802 -0.452872241914285 -0.1418042825535936 -0.1839011164794865 
-0.1418042825535936 -0.1839011164794865 -0.0408326845024299 -0.17946883509146 
-0.0408326845024299 -0.17946883509146 -0.03134221842923408 -0.4485233708721632 
0.1710877392228771 -0.3020640143053611 0.06733463238802799 -0.306477658133915 
0.06733463238802799 -0.306477658133915 0.06034950770836842 -0.1750273093952102 
0.06034950770836842 -0.1750273093952102 0.1617429536137449 -0.1705765104395816 
0.1617429536137449 -0.1705765104395816 0.1710877392228771 -0.3020640143053611 
