0 0 0 1 -0.4204197854571966 -0.4190919675036793 
0 0 6.5 1 -0.4373327433609152 -0.0910891380040159 
10 0 0 1 0.009097661682091121 -0.3196696112738483 
10 0 6.5 1 -0.01389711267612769 -0.06013089675439871 
10 10 0 1 0.3232239527222435 -0.4118926154124373 
10 10 6.5 1 0.2782944198571903 -0.01937579031724049 
0 10 0 1 -0.2867701292703104 -0.6284322288741875 
0 10 6.5 1 -0.3221969661131677 -0.05484245044534814 
0 5 10 1 -0.4067490532320436 0.1350790534991546 
10 5 10 1 0.08697929458976653 0.1176449296408429 
0 6 0 1 -0.3588160753337514 -0.5155840734063087 
0 8 0 1 -0.3275149405369965 -0.5646121661563831 
0 8 5 1 -0.3502564752763555 -0.1771367943474624 
0 6 5 1 -0.3780994135699293 -0.1731308517436883 
0 2 2.5 1 -0.4111797609012538 -0.3046188751242073 
0 4 2.5 1 -0.392071158908911 -0.3213329417742417 
0 4 5 1 -0.4003084054063139 -0.1699355012513596 
0 2 5 1 -0.4184363590184407 -0.1673273159754966 
0.5 0.5 -0.5 1 -0.3878569312726208 -0.4450198765893398 
0.5 0.5 6 1 -0.4058591033515947 -0.1128521720403679 
10.5 0.5 -0.5 1 0.03854323669387744 -0.3393462502438027 
10.5 0.5 6 1 0.01469987666311819 -0.07720205868578264 
10.5 10.5 -0.5 1 0.3722025503544811 -0.4430899910515568 
10.5 10.5 6 1 0.3250620223660235 -0.04458710008235327 
0.5 10.5 -0.5 1 -0.2266282769197255 -0.6782831248050986 
0.5 10.5 6 1 -0.2656142133580141 -0.09186459038190699 
0.5 5.5 9.5 1 -0.3671973469121257 0.1109557778914247 
10.5 5.5 9.5 1 0.1218671706001731 0.09917296035263044 
0.5 6.5 -0.5 1 -0.3138682586748324 -0.5520656010023 
0.5 8.5 -0.5 1 -0.2760604523439407 -0.606765379698913 
0.5 8.5 4.5 1 -0.3008563623155954 -0.2117085976833847 
0.5 6.5 4.5 1 -0.3347330716257856 -0.2036993081642619 
0.5 2.5 2 1 -0.375836907280255 -0.3313384318047449 
0.5 4.5 2 1 -0.3528129722822076 -0.3510417453196484 
0.5 4.5 4.5 1 -0.3616677599787669 -0.1973312835975582 
0.5 2.5 4.5 1 -0.3835959533682086 -0.1921469179060971 
