0 0 0 1 0.2908029396521136 -0.2747006526283046 
0 0 6.5 1 0.2532520477778885 0.07225935817383172 
10 0 0 1 0.2646108984661829 -0.558369795631928 
10 0 6.5 1 0.1891567373405011 0.1522595421753166 
10 10 0 1 -0.5893396680405114 -0.5065892512088985 
10 10 6.5 1 -0.6298869394251541 0.02999122911713895 
0 10 0 1 -0.1892452935341458 -0.2851110223511952 
0 10 6.5 1 -0.2164207710420402 0.01441914596280695 
0 5 10 1 -0.01565984876936712 0.2112347949792702 
10 5 10 1 -0.3053700645141939 0.4008620151917848 
0 6 0 1 -0.01412348069442077 -0.2813133147623059 
0 8 0 1 -0.1041796149210386 -0.2832662802943123 
0 8 5 1 -0.12646343784109 -0.04576803492699483 
0 6 5 1 -0.03785574318854629 -0.03692783820196516 
0 2 2.5 1 0.1692339403746538 -0.1467111495172219 
0 4 2.5 1 0.06865867623040146 -0.1528215114475844 
0 4 5 1 0.05605825603321334 -0.02755824302617187 
0 2 5 1 0.1557699277159651 -0.01761022669515682 
0.5 0.5 -0.5 1 0.2647437216605459 -0.3098946125986543 
0.5 0.5 6 1 0.2268253398951417 0.04401010275264775 
10.5 0.5 -0.5 1 0.2089474843659435 -0.6434105932652344 
10.5 0.5 6 1 0.1320547521951168 0.09696340752085697 
10.5 10.5 -0.5 1 -0.656026661987746 -0.5683569309058666 
10.5 10.5 6 1 -0.6964206671558822 -0.01499329307055039 
0.5 10.5 -0.5 1 -0.2194537775985951 -0.3155194440128974 
0.5 10.5 6 1 -0.2467325381134272 -0.01082840153922873 
0.5 5.5 9.5 1 -0.04457904930746361 0.1876562393614086 
10.5 5.5 9.5 1 -0.3698888858057571 0.3621977991663252 
0.5 6.5 -0.5 1 -0.04311245306465345 -0.3134709199635469 
0.5 8.5 -0.5 1 -0.1338378262303116 -0.314524859584945 
0.5 8.5 4.5 1 -0.1562313382007801 -0.07280698933353921 
0.5 6.5 4.5 1 -0.06698847091901151 -0.06461513060008635 
0.5 2.5 2 1 0.1419030326313614 -0.1782860345697814 
0.5 4.5 2 1 0.04038367868101082 -0.1835379838634522 
0.5 4.5 4.5 1 0.02769292376823683 -0.05592405383856366 
0.5 2.5 4.5 1 0.1283256119580184 -0.04668669077832596 
