0 0 0 1 0.2634305195021469 -0.2653692962001235 
0 0 6.5 1 0.3080957986260369 0.1204207234518266 
10 0 0 1 -0.3660876134281228 -0.2918811103640136 
10 0 6.5 1 -0.335571515215734 0.1968751814202197 
10 10 0 1 -0.3652839162907264 -0.124312384875668 
10 10 6.5 1 -0.3475769795506171 0.1630194395850874 
0 10 0 1 0.03994638134997044 -0.1294364473909739 
0 10 6.5 1 0.06371205546936996 0.1189373205102941 
0 5 10 1 0.1762697173525087 0.288704688748179 
10 5 10 1 -0.3305282707193253 0.3796217740207638 
0 6 0 1 0.1070665633464673 -0.1702618841616128 
0 8 0 1 0.07093291970412063 -0.1482838182515648 
0 8 5 1 0.09107925064917594 0.05636516653064193 
0 6 5 1 0.1295920216040562 0.05129099156402633 
0 2 2.5 1 0.2153758330817825 -0.09612933787114825 
0 4 2.5 1 0.1623562670562171 -0.07669026573504313 
0 4 5 1 0.1752238093751044 0.04527886443193727 
0 2 5 1 0.2301495354175512 0.03804223260312693 
0.5 0.5 -0.5 1 0.2186356251338265 -0.2842273389466146 
0.5 0.5 6 1 0.2609667221364398 0.09322244341166415 
10.5 0.5 -0.5 1 -0.4068831392507473 -0.3148590486540866 
10.5 0.5 6 1 -0.3787944625479472 0.1605899202911142 
10.5 10.5 -0.5 1 -0.3895877793286293 -0.1404228577956771 
10.5 10.5 6 1 -0.3727210426052265 0.1422639377100656 
0.5 10.5 -0.5 1 0.01371740233425228 -0.1433754164158376 
0.5 10.5 6 1 0.03663750408465438 0.1015187922853001 
0.5 5.5 9.5 1 0.1410354181590879 0.2644906761549152 
10.5 5.5 9.5 1 -0.3630830820382371 0.3488979993737234 
0.5 6.5 -0.5 1 0.07556090069309686 -0.1858839621218581 
0.5 8.5 -0.5 1 0.04230004326807613 -0.1630218874399086 
0.5 8.5 4.5 1 0.06168270109995989 0.03855740660144556 
0.5 6.5 4.5 1 0.0971706931026004 0.03207483378506842 
0.5 2.5 2 1 0.1753744322194619 -0.116325903481704 
0.5 4.5 2 1 0.1268103462871281 -0.09538218394322234 
0.5 4.5 4.5 1 0.1391117665573106 0.02441347997708313 
0.5 2.5 4.5 1 0.1894420832878416 0.0152196675164425 
