-0.3373462849583663 -0.2585682731563846 -0.368590870940869 0.03023130371713771 
0.06629944662451408 -0.1841119746444914 0.04174828103432853 0.06507717019279681 
0.3188521887435044 -0.2789173701113521 0.2827295705658044 0.1103234863081684 
-0.303765976195131 -0.4325153604112245 -0.3571861805216138 0.06285339760021573 
-0.3373462849583663 -0.2585682731563846 0.06629944662451408 -0.1841119746444914 
0.06629944662451408 -0.1841119746444914 0.3188521887435044 -0.2789173701113521 
0.3188521887435044 -0.2789173701113521 -0.303765976195131 -0.4325153604112245 
-0.303765976195131 -0.4325153604112245 -0.3373462849583663 -0.2585682731563846 
-0.368590870940869 0.03023130371713771 -0.385914171533438 0.2412955907680484 
-0.385914171533438 0.2412955907680484 -0.3571861805216138 0.06285339760021573 
0.04174828103432853 0.06507717019279681 0.1197508518132231 0.2481306063169414 
0.1197508518132231 0.2481306063169414 0.2827295705658044 0.1103234863081684 
-0.385914171533438 0.2412955907680484 0.1197508518132231 0.2481306063169414 
-0.368590870940869 0.03023130371713771 0.04174828103432853 0.06507717019279681 
-0.3571861805216138 0.06285339760021573 0.2827295705658044 0.1103234863081684 
-0.3216738980532301 -0.3397517450446486 -0.313838739006933 -0.3803381227307865 
-0.313838739006933 -0.3803381227307865 -0.3497387275754187 -0.04775870828670106 
-0.3497387275754187 -0.04775870828670106 -0.3536132036774507 -0.04408719382686329 
-0.3536132036774507 -0.04408719382686329 -0.3216738980532301 -0.3397517450446486 
-0.3461174273446105 -0.1600774606655994 -0.3422804381420474 -0.1746327071186727 
-0.3422804381420474 -0.1746327071186727 -0.3567081771305609 -0.04115434833068162 
-0.3567081771305609 -0.04115434833068162 -0.3592373880753084 -0.03875762828103417 
-0.3592373880753084 -0.03875762828103417 -0.3461174273446105 -0.1600774606655994 
