-0.6313584343006015 -0.5170708176598265 -0.5806115448234486 -0.08326183183428573 
-0.1423223183370655 -0.4106398155997129 -0.134296696647013 -0.1219652683823141 
0.2795679003921401 -0.487843553821494 0.2597601841456876 -0.09493997160263953 
-0.1796976270375979 -0.7345677689298368 -0.1560093879550819 -0.01251359960901197 
-0.6313584343006015 -0.5170708176598265 -0.1423223183370655 -0.4106398155997129 
-0.1423223183370655 -0.4106398155997129 0.2795679003921401 -0.487843553821494 
0.2795679003921401 -0.487843553821494 -0.1796976270375979 -0.7345677689298368 
-0.1796976270375979 -0.7345677689298368 -0.6313584343006015 -0.5170708176598265 
-0.5806115448234486 -0.08326183183428573 -0.3961136616784304 0.1939687472477716 
-0.3961136616784304 0.1939687472477716 -0.1560093879550819 -0.01251359960901197 
-0.134296696647013 -0.1219652683823141 0.03308862009239063 0.05226782519358091 
0.03308862009239063 0.05226782519358091 0.2597601841456876 -0.09493997160263953 
-0.3961136616784304 0.1939687472477716 0.03308862009239063 0.05226782519358091 
-0.5806115448234486 -0.08326183183428573 -0.134296696647013 -0.1219652683823141 
-0.1560093879550819 -0.01251359960901197 0.2597601841456876 -0.09493997160263953 
-0.4188628405013149 -0.6193979247863541 -0.3137493208655422 -0.6700152679128927 
-0.3137493208655422 -0.6700152679128927 -0.2849998504386292 -0.1665854006202992 
-0.2849998504386292 -0.1665854006202992 -0.3844586787814532 -0.170005427835074 
-0.3844586787814532 -0.170005427835074 -0.4188628405013149 -0.6193979247863541 
-0.5528567784361993 -0.3536709605108529 -0.4840134188269664 -0.3679701988123011 
-0.4840134188269664 -0.3679701988123011 -0.4659654529617133 -0.1728081492277307 
-0.4659654529617133 -0.1728081492277307 -0.5339782816852561 -0.1751468629353421 
-0.5339782816852561 -0.1751468629353421 -0.5528567784361993 -0.3536709605108529 
