0.291129481637279 -0.2758221921642788 0.2532475518231099 0.07085878426319296 
0.2764823666235672 -0.553995871539106 0.2000868640115944 0.1575566930679392 
-0.5896099268634849 -0.508449772306901 -0.6280100349549098 0.03348818292947835 
-0.1911603964021565 -0.2879694296021614 -0.2178056330045007 0.01284940856871392 
0.291129481637279 -0.2758221921642788 0.2764823666235672 -0.553995871539106 
0.2764823666235672 -0.553995871539106 -0.5896099268634849 -0.508449772306901 
-0.5896099268634849 -0.508449772306901 -0.1911603964021565 -0.2879694296021614 
-0.1911603964021565 -0.2879694296021614 0.291129481637279 -0.2758221921642788 
0.2532475518231099 0.07085878426319296 -0.01569226103105719 0.2095924880568144 
-0.01569226103105719 0.2095924880568144 -0.2178056330045007 0.01284940856871392 
0.2000868640115944 0.1575566930679392 -0.2971551539087319 0.4053864124940582 
-0.2971551539087319 0.4053864124940582 -0.6280100349549098 0.03348818292947835 
-0.01569226103105719 0.2095924880568144 -0.2971551539087319 0.4053864124940582 
0.2532475518231099 0.07085878426319296 0.2000868640115944 0.1575566930679392 
-0.2178056330045007 0.01284940856871392 -0.6280100349549098 0.03348818292947835 
-0.01469423445250061 -0.2835248487254733 -0.1053658593389471 -0.2858085577696102 
-0.1053658593389471 -0.2858085577696102 -0.1273609861886254 -0.04739315963130632 
-0.1273609861886254 -0.04739315963130632 -0.03825911770702 -0.03842799522248559 
-0.03825911770702 -0.03842799522248559 -0.01469423445250061 -0.2835248487254733 
0.1693844294542951 -0.1479940136571966 0.06857253933709059 -0.1543416067706878 
0.06857253933709059 -0.1543416067706878 0.05599975501072804 -0.02894394841959302 
0.05599975501072804 -0.02894394841959302 0.1558766870612245 -0.01889462923313654 
0.1558766870612245 -0.01889462923313654 0.1693844294542951 -0.1479940136571966 
