-0.1692908431127245 -0.3096215802251798 -0.1946108557763034 0.3730350018384668 
-0.2474562452416545 -0.06300947033570611 -0.2653003007083425 0.2850856496269005 
0.2108308262754198 -0.02687207385318481 0.2236017867196124 0.2734598946261445 
0.5978047250145371 -0.1905414212961034 0.6631244475418053 0.329584280197151 
-0.1692908431127245 -0.3096215802251798 -0.2474562452416545 -0.06300947033570611 
-0.2474562452416545 -0.06300947033570611 0.2108308262754198 -0.02687207385318481 
0.2108308262754198 -0.02687207385318481 0.5978047250145371 -0.1905414212961034 
0.5978047250145371 -0.1905414212961034 -0.1692908431127245 -0.3096215802251798 
-0.1946108557763034 0.3730350018384668 0.319023719617967 0.7320268571685847 
0.319023719617967 0.7320268571685847 0.6631244475418053 0.329584280197151 
-0.2653003007083425 0.2850856496269005 -0.002097143611361981 0.4707162348760413 
-0.002097143611361981 0.4707162348760413 0.2236017867196124 0.2734598946261445 
0.319023719617967 0.7320268571685847 -0.002097143611361981 0.4707162348760413 
-0.1946108557763034 0.3730350018384668 -0.2653003007083425 0.2850856496269005 
0.6631244475418053 0.329584280197151 0.2236017867196124 0.2734598946261445 
0.3380017171816201 -0.2308719677735447 0.474218084788359 -0.2097264060243717 
0.474218084788359 -0.2097264060243717 0.5151067301482022 0.1994454813517351 
0.5151067301482022 0.1994454813517351 0.3687128832537173 0.1991854443837714 
0.3687128832537173 0.1991854443837714 0.3380017171816201 -0.2308719677735447 
0.0198793103045735 -0.05263040454727357 0.1956569711781768 -0.03816691891655907 
0.1956569711781768 -0.03816691891655907 0.2050259036899046 0.1988946899103843 
0.2050259036899046 0.1988946899103843 0.0207892577926844 0.1985674334047099 
0.0207892577926844 0.1985674334047099 0.0198793103045735 -0.05263040454727357 
