0 0 0 1 0.2576156774491314 -0.09986494176178592 
0 0 6.5 1 0.2874402127391565 0.2765635524018035 
10 0 0 1 -0.2910844765263367 -0.2220383361825606 
10 0 6.5 1 -0.3082454211966386 0.3406869905365693 
10 10 0 1 -0.4669417622944868 -0.04875517318627318 
10 10 6.5 1 -0.4884769985252371 0.2875441635355691 
0 10 0 1 -0.04781499134401666 -0.002947611441660151 
0 10 6.5 1 -0.04308699946119973 0.2566458431526272 
0 5 10 1 0.09807608058828519 0.4460161997113276 
10 5 10 1 -0.4358122844564276 0.5642912177995369 
0 6 0 1 0.04862367975617708 -0.0335489213218457 
0 8 0 1 -0.002759086408158157 -0.01724446656362603 
0 8 5 1 0.002932847095433769 0.1930324554928609 
0 6 5 1 0.0569990927836829 0.1914238527161028 
0 2 2.5 1 0.1845777844102108 0.05332063487670009 
0 4 2.5 1 0.1135552336355376 0.06581143690006405 
0 4 5 1 0.119619379665855 0.1895607463347039 
0 2 5 1 0.1929981491832408 0.1873775488350776 
0.5 0.5 -0.5 1 0.2153313641412535 -0.1236682603392723 
0.5 0.5 6 1 0.2416707556243531 0.2464334675488425 
10.5 0.5 -0.5 1 -0.3441072212669204 -0.254987544749244 
10.5 0.5 6 1 -0.3669127560753697 0.2936366276920211 
10.5 10.5 -0.5 1 -0.4973780039626389 -0.07051955681122947 
10.5 10.5 6 1 -0.5206727696357905 0.2607411506023253 
0.5 10.5 -0.5 1 -0.07478741434843249 -0.0202418989499781 
0.5 10.5 6 1 -0.07145164002388202 0.2363437749775277 
0.5 5.5 9.5 1 0.06173864894371384 0.4191114440652837 
10.5 5.5 9.5 1 -0.4791664508032957 0.5248859318386478 
0.5 6.5 -0.5 1 0.01703517161118673 -0.0529763396800763 
0.5 8.5 -0.5 1 -0.03186294962220164 -0.03554432516426397 
0.5 8.5 4.5 1 -0.02740608004752859 0.1721574350045677 
0.5 6.5 4.5 1 0.02395221832729615 0.1690478256920812 
0.5 2.5 2 1 0.1455204561190623 0.02926511288079635 
0.5 4.5 2 1 0.0781844686041147 0.04347354949608907 
0.5 4.5 4.5 1 0.08335434366175118 0.1654511839035741 
0.5 2.5 4.5 1 0.1528506157774701 0.1612433681894136 
