0 0 0 1 0.256479532890016 -0.1447511687831643 
0 0 6.5 1 0.2910123163485076 0.2290153009755188 
10 0 0 1 -0.3095613041743169 -0.2565102162178028 
10 0 6.5 1 -0.3171703641255618 0.2832078757129745 
10 10 0 1 -0.4459309249434203 -0.07027433613547433 
10 10 6.5 1 -0.4584725397865673 0.2525975100539172 
0 10 0 1 -0.03106882937905133 -0.03219582893548642 
0 10 6.5 1 -0.02146235454743099 0.2229572130401914 
0 5 10 1 0.1143374997797713 0.4032429624537133 
10 5 10 1 -0.4139966445693039 0.5077794706202255 
0 6 0 1 0.05893139478724397 -0.06742470569718267 
0 8 0 1 0.01088904348192795 -0.04861944060862169 
0 8 5 1 0.02031454457871951 0.1585526439505026 
0 6 5 1 0.07104101626543982 0.1546134374196839 
0 2 2.5 1 0.1892702154040021 0.01195461342484254 
0 4 2.5 1 0.1220989414553268 0.02783218504497295 
0 4 5 1 0.1300508411101898 0.1500309801802667 
0 2 5 1 0.1995533431869082 0.1446337053258336 
0.5 0.5 -0.5 1 0.2137351094009756 -0.1669970132195188 
0.5 0.5 6 1 0.2448325961894069 0.2000400885507815 
10.5 0.5 -0.5 1 -0.3599038678833804 -0.2860888147949795 
10.5 0.5 6 1 -0.3724587552920786 0.2396488738909284 
10.5 10.5 -0.5 1 -0.4749058608619284 -0.09028052857213735 
10.5 10.5 6 1 -0.4890091787135573 0.2275821982795959 
0.5 10.5 -0.5 1 -0.05783691243303748 -0.04846429048688269 
0.5 10.5 6 1 -0.04956320036055591 0.2035531442438672 
0.5 5.5 9.5 1 0.07811731199250034 0.3772370541038402 
10.5 5.5 9.5 1 -0.4548959462781553 0.4708604039519919 
0.5 6.5 -0.5 1 0.02740371449734959 -0.08566916722367396 
0.5 8.5 -0.5 1 -0.01807054717075075 -0.06582106942120297 
0.5 8.5 4.5 1 -0.009832804968109326 0.1386558757770711 
0.5 6.5 4.5 1 0.03810407039635579 0.1332724954146937 
0.5 2.5 2 1 0.1500127927574459 -0.01081106787889814 
0.5 4.5 2 1 0.08669547049653863 0.006686374031304791 
0.5 4.5 4.5 1 0.09377903663854491 0.1270201162667944 
0.5 2.5 4.5 1 0.1592302489342292 0.1196698505624183 
