0 0 0 1 -0.1351758120783779 -0.2837952088880853 
0 0 6.5 1 -0.1628093583670651 0.4076781401591015 
10 0 0 1 -0.2477018141784641 -0.05241719652403092 
10 0 6.5 1 -0.2691745931727321 0.2995648276175122 
10 10 0 1 0.2063759692625979 -0.01060178042475293 
10 10 6.5 1 0.2157316492202735 0.2888576750591539 
0 10 0 1 0.6058655304039909 -0.1551620536065605 
0 10 6.5 1 0.6651379738544076 0.358848989076259 
0 5 10 1 0.3366317498204554 0.7618204609931134 
10 5 10 1 -0.00827257452203657 0.4862420304028047 
0 6 0 1 0.3588122909425344 -0.1980466214337669 
0 8 0 1 0.4888353920529028 -0.1754766502371689 
0 8 5 1 0.525936619570065 0.2306834590382404 
0 6 5 1 0.3864544611097392 0.2306577965997707 
0 2 2.5 1 0.04996961207521158 -0.02226825198571333 
0 4 2.5 1 0.2209011398569458 -0.006695600498981601 
0 4 5 1 0.2290056005768694 0.2306288285816374 
0 2 5 1 0.04987963184129111 0.2305958723297286 
0.5 0.5 -0.5 1 -0.0975059789233057 -0.2982395631125302 
0.5 0.5 6 1 -0.1178683464782229 0.3379327948394203 
10.5 0.5 -0.5 1 -0.223371996685966 -0.06860624948507626 
10.5 0.5 6 1 -0.2423315040507182 0.2685483237937367 
10.5 10.5 -0.5 1 0.2130455690661669 -0.02578397617509551 
10.5 10.5 6 1 0.22248205477159 0.2628859744904049 
0.5 10.5 -0.5 1 0.5962340950475457 -0.1728466069875274 
0.5 10.5 6 1 0.6511557685934376 0.3100754065941413 
0.5 5.5 9.5 1 0.3424540191512462 0.6738183374727977 
10.5 5.5 9.5 1 0.007582710299120744 0.4498453160836382 
0.5 6.5 -0.5 1 0.3623066507552631 -0.2151288029556511 
0.5 8.5 -0.5 1 0.4850872841307267 -0.1929363029812351 
0.5 8.5 4.5 1 0.5197109023026983 0.1879838669068374 
0.5 6.5 4.5 1 0.3885289218813337 0.1855364210871162 
0.5 2.5 2 1 0.07468147375044266 -0.0539572286799436 
0.5 4.5 2 1 0.2334287145646393 -0.03753995058654437 
0.5 4.5 4.5 1 0.2415607916142644 0.1827944550419397 
0.5 2.5 4.5 1 0.0757745777770802 0.1797014023626012 
