0 0 0 1 -0.6250567940777528 -0.509882592349846 
0 0 6.5 1 -0.5765476626331061 -0.08037621385664498 
10 0 0 1 -0.1377470102186793 -0.4061840602652206 
10 0 6.5 1 -0.1308797892631249 -0.1186738239248792 
10 10 0 1 0.2810312700325591 -0.4811860998147711 
10 10 6.5 1 0.2599242752854086 -0.08869133667363679 
0 10 0 1 -0.1856150891196719 -0.7208461901557843 
0 10 6.5 1 -0.1634038405154191 -0.004833242330777611 
0 5 10 1 -0.3976608571861311 0.196618039410155 
10 5 10 1 0.03420901997156504 0.05637663355817715 
0 6 0 1 -0.4185883144563983 -0.609002299931078 
0 8 0 1 -0.3162734882163472 -0.6581207691363384 
0 8 5 1 -0.288967799377968 -0.1592269294904353 
0 6 5 1 -0.3857894487063403 -0.1638196331059356 
0 2 2.5 1 -0.5491644710506106 -0.3475291580296383 
0 4 2.5 1 -0.4822842784994408 -0.3609220733273807 
0 4 5 1 -0.4650466167921549 -0.1675791712355487 
0 2 5 1 -0.5311214007551379 -0.1707134072386043 
0.5 0.5 -0.5 1 -0.579367669842059 -0.5442398946673966 
0.5 0.5 6 1 -0.5343892616134307 -0.1113119646506213 
10.5 0.5 -0.5 1 -0.1068349804253183 -0.4288717723020238 
10.5 0.5 6 1 -0.1016261250393074 -0.1398161706826595 
10.5 10.5 -0.5 1 0.324183822405787 -0.5124791130362411 
10.5 10.5 6 1 0.2999126268270028 -0.1171198439806755 
0.5 10.5 -0.5 1 -0.1068577267329107 -0.7797084766426965 
0.5 10.5 6 1 -0.09458594333947536 -0.05433092482366976 
0.5 5.5 9.5 1 -0.3479384225783084 0.1609183849568089 
10.5 5.5 9.5 1 0.06690867447503328 0.03311061656950785 
0.5 6.5 -0.5 1 -0.357507992941618 -0.6548004961512421 
0.5 8.5 -0.5 1 -0.247470462943106 -0.7096361277198013 
0.5 8.5 4.5 1 -0.2262514754558331 -0.2049281900435889 
0.5 6.5 4.5 1 -0.3295538024935756 -0.2049621059124545 
0.5 2.5 2 1 -0.5009796952763244 -0.3833510468961956 
0.5 4.5 2 1 -0.4294164746628539 -0.400150791829529 
0.5 4.5 4.5 1 -0.4140788776075232 -0.2049898568977964 
0.5 2.5 4.5 1 -0.4845198706630169 -0.2050129838451918 
