0.4041237165740488 -0.5499312711791049 0.3488808533578924 -0.007890330581410821 
-0.2877026015225928 -0.485004631588989 -0.2807943280342144 -0.06806943740699757 
-0.02533684503428246 -0.3698060957755618 -0.03311131786162574 -0.1052254677175602 
0.4118291866944229 -0.3859857279726792 0.3789123161938048 -0.076067950239013 
0.4041237165740488 -0.5499312711791049 -0.2877026015225928 -0.485004631588989 
-0.2877026015225928 -0.485004631588989 -0.02533684503428246 -0.3698060957755618 
-0.02533684503428246 -0.3698060957755618 0.4118291866944229 -0.3859857279726792 
0.4118291866944229 -0.3859857279726792 0.4041237165740488 -0.5499312711791049 
0.3488808533578924 -0.007890330581410821 0.3478357519005739 0.139883313868075 
0.3478357519005739 0.139883313868075 0.3789123161938048 -0.076067950239013 
-0.2807943280342144 -0.06806943740699757 -0.1322729467044937 0.06893988836416995 
-0.1322729467044937 0.06893988836416995 -0.03311131786162574 -0.1052254677175602 
0.3478357519005739 0.139883313868075 -0.1322729467044937 0.06893988836416995 
0.3488808533578924 -0.007890330581410821 -0.2807943280342144 -0.06806943740699757 
0.3789123161938048 -0.076067950239013 -0.03311131786162574 -0.1052254677175602 
0.4097222461160864 -0.4308140787706013 0.4108762264002346 -0.4062614010522191 
0.4108762264002346 -0.4062614010522191 0.3829438470519276 -0.1419180542782659 
0.3829438470519276 -0.1419180542782659 0.3790528192839706 -0.1387597439835511 
0.3790528192839706 -0.1387597439835511 0.4097222461160864 -0.4308140787706013 
0.3867911601872555 -0.308758813325757 0.3908006175655654 -0.2932724433302331 
0.3908006175655654 -0.2932724433302331 0.3742962109647893 -0.1348988501739228 
0.3742962109647893 -0.1348988501739228 0.3683490459935589 -0.1300715928339253 
0.3683490459935589 -0.1300715928339253 0.3867911601872555 -0.308758813325757 
