0.2280283502849944 -0.3939029100583271 0.2060763179405364 -0.08614091352300106 
0.7115167565111401 -0.5375661391459829 0.629777349393577 -0.004500191755086902 
-0.09099934122083886 -0.7302168969735484 -0.1015786282468159 0.03609973137311725 
-0.2575097959438338 -0.4549463918212558 -0.251985567715968 -0.08171462512352923 
0.2280283502849944 -0.3939029100583271 0.7115167565111401 -0.5375661391459829 
0.7115167565111401 -0.5375661391459829 -0.09099934122083886 -0.7302168969735484 
-0.09099934122083886 -0.7302168969735484 -0.2575097959438338 -0.4549463918212558 
-0.2575097959438338 -0.4549463918212558 0.2280283502849944 -0.3939029100583271 
0.2060763179405364 -0.08614091352300106 -0.007488240535260723 0.08136679241050752 
-0.007488240535260723 0.08136679241050752 -0.251985567715968 -0.08171462512352923 
0.629777349393577 -0.004500191755086902 0.2967095275607291 0.2980990449640288 
0.2967095275607291 0.2980990449640288 -0.1015786282468159 0.03609973137311725 
-0.007488240535260723 0.08136679241050752 0.2967095275607291 0.2980990449640288 
0.2060763179405364 -0.08614091352300106 0.629777349393577 -0.004500191755086902 
-0.251985567715968 -0.08171462512352923 -0.1015786282468159 0.03609973137311725 
-0.04034945978058712 -0.4276442671104095 -0.1444783552445047 -0.4407357005654647 
-0.1444783552445047 -0.4407357005654647 -0.1458990800314759 -0.1612820601811845 
-0.1458990800314759 -0.1612820601811845 -0.04665329293363887 -0.159294649973038 
-0.04665329293363887 -0.159294649973038 -0.04034945978058712 -0.4276442671104095 
0.1379213757362387 -0.2772299940937452 0.05052973613645789 -0.2834807395310078 
0.05052973613645789 -0.2834807395310078 0.04541553285626865 -0.1574509593784284 
0.04541553285626865 -0.1574509593784284 0.1310587340483962 -0.1557359427788847 
0.1310587340483962 -0.1557359427788847 0.1379213757362387 -0.2772299940937452 
