-0.5747061220265446 -0.4646564068379143 -0.5442645327406345 -0.06622409475567974 
-0.1013242064960152 -0.3739679723319474 -0.1035757132687164 -0.09515763173160421 
0.2918204021750739 -0.4356182281679276 0.2612532753074612 -0.04574149058037141 
-0.2273036808640528 -0.6380918141783593 -0.217842100938005 0.03448410152237036 
-0.5747061220265446 -0.4646564068379143 -0.1013242064960152 -0.3739679723319474 
-0.1013242064960152 -0.3739679723319474 0.2918204021750739 -0.4356182281679276 
0.2918204021750739 -0.4356182281679276 -0.2273036808640528 -0.6380918141783593 
-0.2273036808640528 -0.6380918141783593 -0.5747061220265446 -0.4646564068379143 
-0.5442645327406345 -0.06622409475567974 -0.4080571764418132 0.206495810205414 
-0.4080571764418132 0.206495810205414 -0.217842100938005 0.03448410152237036 
-0.1035757132687164 -0.09515763173160421 0.0435469768496918 0.08533809514354823 
0.0435469768496918 0.08533809514354823 0.2612532753074612 -0.04574149058037141 
-0.4080571764418132 0.206495810205414 0.0435469768496918 0.08533809514354823 
-0.5442645327406345 -0.06622409475567974 -0.1035757132687164 -0.09515763173160421 
-0.217842100938005 0.03448410152237036 0.2612532753074612 -0.04574149058037141 
-0.4129381915600083 -0.5454165961480454 -0.3318227174236825 -0.5859122681167601 
-0.3318227174236825 -0.5859122681167601 -0.3167186972167638 -0.1201024658658029 
-0.3167186972167638 -0.1201024658658029 -0.3934960403157058 -0.1309094527358927 
-0.3934960403157058 -0.1309094527358927 -0.4129381915600083 -0.5454165961480454 
-0.5186898022263761 -0.3115209763817472 -0.4664026444428884 -0.3200121860975137 
-0.4664026444428884 -0.3200121860975137 -0.4558324484843666 -0.1396837697077515 
-0.4558324484843666 -0.1396837697077515 -0.5074519581040546 -0.1469496028322653 
-0.5074519581040546 -0.1469496028322653 -0.5186898022263761 -0.3115209763817472 
