0 0 0 1 0.2921656075419837 -0.2840395725466638 
0 0 6.5 1 0.25331799423082 0.06097352217932817 
10 0 0 1 0.335490538269444 -0.5355999970616196 
10 0 6.5 1 0.2544806712258186 0.1769880141604891 
10 10 0 1 -0.5881814929157798 -0.5181862318102335 
10 10 6.5 1 -0.614796605103034 0.0500628985009117 
0 10 0 1 -0.2006248879101824 -0.3031502530438692 
0 10 6.5 1 -0.2240166982733822 0.004101248834566375 
0 5 10 1 -0.01506210634618224 0.1995223117596698 
10 5 10 1 -0.2530742838268585 0.4234460549150345 
0 6 0 1 -0.0175405652438062 -0.2960501445255141 
0 8 0 1 -0.1112045462849105 -0.2996824840943413 
0 8 5 1 -0.1313053718781327 -0.05674774326508498 
0 6 5 1 -0.03982553267462825 -0.04752305113662452 
0 2 2.5 1 0.1700335126428682 -0.156718350869014 
0 4 2.5 1 0.06823041429296273 -0.1638456461912089 
0 4 5 1 0.056017792917348 -0.03785835147327064 
0 2 5 1 0.1565444327717365 -0.02772139330369576 
0.5 0.5 -0.5 1 0.2679612189241292 -0.3191454552604263 
0.5 0.5 6 1 0.2289066056304548 0.03420856840915116 
10.5 0.5 -0.5 1 0.2858626646217367 -0.6224163109390729 
10.5 0.5 6 1 0.203912060841164 0.1266665320619978 
10.5 10.5 -0.5 1 -0.6610789732853233 -0.5854365745430237 
10.5 10.5 6 1 -0.6855239082178393 0.005757809666279422 
0.5 10.5 -0.5 1 -0.2316691047704991 -0.3345756802684831 
0.5 10.5 6 1 -0.2547915525967874 -0.02073044274819179 
0.5 5.5 9.5 1 -0.04307808757099812 0.1774525482602294 
10.5 5.5 9.5 1 -0.3161543866704832 0.3895766897092595 
0.5 6.5 -0.5 1 -0.04633523966426371 -0.3288519619419911 
0.5 8.5 -0.5 1 -0.1411930508331443 -0.331781482630976 
0.5 8.5 4.5 1 -0.1611414046217461 -0.08348740123590864 
0.5 6.5 4.5 1 -0.06853035861633708 -0.07471254792976069 
0.5 2.5 2 1 0.1440738527976426 -0.1878763191574583 
0.5 4.5 2 1 0.0407907783563685 -0.1943861528965538 
0.5 4.5 4.5 1 0.0285891541627003 -0.06551051950487023 
0.5 2.5 4.5 1 0.130554567142794 -0.0558493443017648 
