0.2851629959617645 -0.2605364184823764 0.2525658478455555 0.08780635423668176 
0.156593120142888 -0.5800012556086401 0.08936350095764334 0.1108046061333137 
-0.5817097946713363 -0.4727407073902473 -0.6375561698734851 0.01513461128928585 
-0.1725452937119732 -0.252326025663654 -0.2025747894611253 0.03562348238062648 
0.2851629959617645 -0.2605364184823764 0.156593120142888 -0.5800012556086401 
0.156593120142888 -0.5800012556086401 -0.5817097946713363 -0.4727407073902473 
-0.5817097946713363 -0.4727407073902473 -0.1725452937119732 -0.252326025663654 
-0.1725452937119732 -0.252326025663654 0.2851629959617645 -0.2605364184823764 
0.2525658478455555 0.08780635423668176 -0.01369978140522968 0.2309399825154504 
-0.01369978140522968 0.2309399825154504 -0.2025747894611253 0.03562348238062648 
0.08936350095764334 0.1108046061333137 -0.370872525713532 0.3690417551935458 
-0.370872525713532 0.3690417551935458 -0.6375561698734851 0.01513461128928585 
-0.01369978140522968 0.2309399825154504 -0.370872525713532 0.3690417551935458 
0.2525658478455555 0.08780635423668176 0.08936350095764334 0.1108046061333137 
-0.2025747894611253 0.03562348238062648 -0.6375561698734851 0.01513461128928585 
-0.00979887615349594 -0.2552453785531273 -0.09407748677626394 -0.2537335848735278 
-0.09407748677626394 -0.2537335848735278 -0.1175477558703636 -0.02464728709599127 
-0.1175477558703636 -0.02464728709599127 -0.03367363600748208 -0.01763795624885258 
-0.03367363600748208 -0.01763795624885258 -0.00979887615349594 -0.2552453785531273 
0.1666862361404846 -0.1306645811049507 0.06885930006132854 -0.1338358257877763 
0.06885930006132854 -0.1338358257877763 0.05668777568361296 -0.01008648469370735 
0.05668777568361296 -0.01008648469370735 0.1543194019591082 -0.001927443849786713 
0.1543194019591082 -0.001927443849786713 0.1666862361404846 -0.1306645811049507 
