-0.6609136108949735 -0.3540110862847661 -0.5927963272122369 0.2037788552985157 
-0.2481660584595655 -0.2203502931868991 -0.2156246925677749 0.08354443212701652 
0.2344285713484845 -0.2940403650481537 0.264778891292049 0.04880154209909971 
0.2275566532525076 -0.541111601038395 0.2895485818397198 0.1636345412469589 
-0.6609136108949735 -0.3540110862847661 -0.2481660584595655 -0.2203502931868991 
-0.2481660584595655 -0.2203502931868991 0.2344285713484845 -0.2940403650481537 
0.2344285713484845 -0.2940403650481537 0.2275566532525076 -0.541111601038395 
0.2275566532525076 -0.541111601038395 -0.6609136108949735 -0.3540110862847661 
-0.5927963272122369 0.2037788552985157 -0.1668563469844463 0.5093458767915339 
-0.1668563469844463 0.5093458767915339 0.2895485818397198 0.1636345412469589 
-0.2156246925677749 0.08354443212701652 0.02718919612557496 0.2374482118361163 
0.02718919612557496 0.2374482118361163 0.264778891292049 0.04880154209909971 
-0.1668563469844463 0.5093458767915339 0.02718919612557496 0.2374482118361163 
-0.5927963272122369 0.2037788552985157 -0.2156246925677749 0.08354443212701652 
0.2895485818397198 0.1636345412469589 0.264778891292049 0.04880154209909971 
-0.1783131832768215 -0.4556405859668052 0.01453540873969871 -0.4962520417372756 
0.01453540873969871 -0.4962520417372756 0.06431827874493928 0.02173046885566471 
0.06431827874493928 0.02173046885566471 -0.1272677580158061 0.03751773536817453 
-0.1272677580158061 0.03751773536817453 -0.1783131832768215 -0.4556405859668052 
-0.4875389168447299 -0.1580210577486509 -0.3275496939006588 -0.1812957404919303 
-0.3275496939006588 -0.1812957404919303 -0.3018381657883611 0.05190286279864883 
-0.3018381657883611 0.05190286279864883 -0.46156341329064 0.06506470430719311 
-0.46156341329064 0.06506470430719311 -0.4875389168447299 -0.1580210577486509 
