0 0 0 1 0.28238131766656 -0.2987216118922293 
0 0 6.5 1 0.3219536201884617 0.1064439221983035 
10 0 0 1 -0.3769195552294006 -0.2719287957112863 
10 0 6.5 1 -0.3289013802189351 0.1936460377129881 
10 10 0 1 -0.3088601209215388 -0.154084890484382 
10 10 6.5 1 -0.2808100578577022 0.1191075020221117 
0 10 0 1 0.09430483979211146 -0.1802160107134726 
0 10 6.5 1 0.1192554253050761 0.07099814684326813 
0 5 10 1 0.2132959852852619 0.2509108679953765 
10 5 10 1 -0.2796194908673836 0.3312885987350337 
0 6 0 1 0.1492986947950667 -0.2148672330349216 
0 8 0 1 0.1195391257332043 -0.1961159481195852 
0 8 5 1 0.1402747818623409 0.01312726729611334 
0 6 5 1 0.1718340393668578 0.01313783255546147 
0 2 2.5 1 0.2419759860114262 -0.1255885944787049 
0 4 2.5 1 0.1972718577755082 -0.1119512460878319 
0 4 5 1 0.2095974241887896 0.01315047480328532 
0 2 5 1 0.2555938360843413 0.01316587326507393 
0.5 0.5 -0.5 1 0.2365828527557106 -0.3187892114038657 
0.5 0.5 6 1 0.2753846185620303 0.07702008469020459 
10.5 0.5 -0.5 1 -0.4117745966194802 -0.2956409720003691 
10.5 0.5 6 1 -0.3649048961699965 0.1576221198718341 
10.5 10.5 -0.5 1 -0.3306073989002316 -0.1700139269223766 
10.5 10.5 6 1 -0.3029526825655758 0.09889252075539505 
0.5 10.5 -0.5 1 0.06840697162340593 -0.1944952343116553 
0.5 10.5 6 1 0.09304725570518749 0.05309024572265297 
0.5 5.5 9.5 1 0.1794245806413971 0.2256983319108997 
10.5 5.5 9.5 1 -0.3073858975963613 0.3017558259316216 
0.5 6.5 -0.5 1 0.1178924228844157 -0.2310685140472604 
0.5 8.5 -0.5 1 0.09114580367835773 -0.2113008538304158 
0.5 8.5 4.5 1 0.1116033001203233 -0.005326446011120221 
0.5 6.5 4.5 1 0.1400998904221582 -0.006939310827266505 
0.5 2.5 2 1 0.2019640462252214 -0.1470922441986007 
0.5 4.5 2 1 0.161963398020803 -0.1316352318921799 
0.5 4.5 4.5 1 0.1740933064269932 -0.008863287839045764 
0.5 2.5 4.5 1 0.2153437752150229 -0.01119800329282654 
