0 0 0 1 0.1179795024702754 -0.4194576389181417 
0 0 6.5 1 0.1277397530726276 -0.132822665905372 
10 0 0 1 0.5967471816837974 -0.5704654638689698 
10 0 6.5 1 0.5795286162387622 -0.1385255707867786 
10 10 0 1 0.1504426279658395 -0.8015724903387681 
10 10 6.5 1 0.1702389472757266 -0.07754645414863039 
0 10 0 1 -0.3012969372440736 -0.4875875039225165 
0 10 6.5 1 -0.2627297199630047 -0.09626261382066312 
0 5 10 1 -0.02826193663322621 0.04716478522912752 
10 5 10 1 0.4195743811989012 0.1410632011248213 
0 6 0 1 -0.1008908848262673 -0.4550227423380426 
0 8 0 1 -0.1941297672558177 -0.4701734922285251 
0 8 5 1 -0.1707662980062223 -0.1859390160584906 
0 6 5 1 -0.08283775630749243 -0.1891216805777206 
0 2 2.5 1 0.05870143666182682 -0.3099839867039376 
0 4 2.5 1 -0.01198937420155656 -0.3143473549073016 
0 4 5 1 -0.005222157434461998 -0.1919310574637648 
0 2 5 1 0.06379436402746587 -0.1944291818481105 
0.5 0.5 -0.5 1 0.1178250145386163 -0.4511123808866777 
0.5 0.5 6 1 0.1279199742606718 -0.1533917243061465 
10.5 0.5 -0.5 1 0.6223346095267518 -0.6271309277046587 
10.5 0.5 6 1 0.6024787296208616 -0.1695806945525148 
10.5 10.5 -0.5 1 0.1531059418345041 -0.9231643864119656 
10.5 10.5 6 1 0.1742545489093487 -0.1243241434992521 
0.5 10.5 -0.5 1 -0.3220462025035593 -0.5349795969016297 
0.5 10.5 6 1 -0.2803959669398083 -0.1227021760207313 
0.5 5.5 9.5 1 -0.03393732161655183 0.03085362414077988 
10.5 5.5 9.5 1 0.4374101125243917 0.1207181027393641 
0.5 6.5 -0.5 1 -0.1103438947778069 -0.4946157756625666 
0.5 8.5 -0.5 1 -0.208504238852213 -0.5133313325383894 
0.5 8.5 4.5 1 -0.1834672411279595 -0.214796289700598 
0.5 6.5 4.5 1 -0.09115260650643266 -0.2162373423359487 
0.5 2.5 2 1 0.05637338884966774 -0.3388730293185 
0.5 4.5 2 1 -0.0172074940130829 -0.3452007485634693 
0.5 4.5 4.5 1 -0.01007735996314235 -0.2175029455436299 
0.5 2.5 4.5 1 0.06169332328859479 -0.2186233023826605 
