-0.1351758120783779 -0.2837952088880853 -0.1628093583670651 0.4076781401591015 
-0.2477018141784641 -0.05241719652403092 -0.2691745931727321 0.2995648276175122 
0.2063759692625979 -0.01060178042475293 0.2157316492202735 0.2888576750591539 
0.6058655304039909 -0.1551620536065605 0.6651379738544076 0.358848989076259 
-0.1351758120783779 -0.2837952088880853 -0.2477018141784641 -0.05241719652403092 
-0.2477018141784641 -0.05241719652403092 0.2063759692625979 -0.01060178042475293 
0.2063759692625979 -0.01060178042475293 0.6058655304039909 -0.1551620536065605 
0.6058655304039909 -0.1551620536065605 -0.1351758120783779 -0.2837952088880853 
-0.1628093583670651 0.4076781401591015 0.3366317498204554 0.7618204609931134 
0.3366317498204554 0.7618204609931134 0.6651379738544076 0.358848989076259 
-0.2691745931727321 0.2995648276175122 -0.00827257452203657 0.4862420304028047 
-0.00827257452203657 0.4862420304028047 0.2157316492202735 0.2888576750591539 
0.3366317498204554 0.7618204609931134 -0.00827257452203657 0.4862420304028047 
-0.1628093583670651 0.4076781401591015 -0.2691745931727321 0.2995648276175122 
0.6651379738544076 0.358848989076259 0.2157316492202735 0.2888576750591539 
0.3588122909425344 -0.1980466214337669 0.4888353920529028 -0.1754766502371689 
0.4888353920529028 -0.1754766502371689 0.525936619570065 0.2306834590382404 
0.525936619570065 0.2306834590382404 0.3864544611097392 0.2306577965997707 
0.3864544611097392 0.2306577965997707 0.3588122909425344 -0.1980466214337669 
0.04996961207521158 -0.02226825198571333 0.2209011398569458 -0.006695600498981601 
0.2209011398569458 -0.006695600498981601 0.2290056005768694 0.2306288285816374 
0.2290056005768694 0.2306288285816374 0.04987963184129111 0.2305958723297286 
0.04987963184129111 0.2305958723297286 0.04996961207521158 -0.02226825198571333 
