0 0 0 1 0.283178128223349 -0.2543328995639184 
0 0 6.5 1 0.2521161020418692 0.09417573278180218 
10 0 0 1 0.1324150058992335 -0.5761482891700838 
10 0 6.5 1 0.06683142361515723 0.1082310975587707 
10 10 0 1 -0.5794641916115094 -0.4586329812871259 
10 10 6.5 1 -0.6376596745008274 0.01885919565183566 
0 10 0 1 -0.1691277749634095 -0.2418088686200001 
0 10 6.5 1 -0.1993266649201026 0.04370869483592357 
0 5 10 1 -0.01298923757810051 0.2384735480721372 
10 5 10 1 -0.3836559681680229 0.3682602460937316 
0 6 0 1 -0.009164718719170397 -0.246238132647225 
0 8 0 1 -0.09211995408270603 -0.2439411607807669 
0 8 5 1 -0.1155167736845021 -0.01664827829590342 
0 6 5 1 -0.03275034296852721 -0.01011174499597938 
0 2 2.5 1 0.1657234193221186 -0.1239971433862565 
0 4 2.5 1 0.06864345024695387 -0.1264366223863875 
0 4 5 1 0.05672525915131928 -0.003045350471922153 
0 2 5 1 0.1537602770104743 0.004618053881851302 
0.5 0.5 -0.5 1 0.2537711847518686 -0.2886697607760543 
0.5 0.5 6 1 0.2219235991940205 0.06390758250061322 
10.5 0.5 -0.5 1 0.07014513891942963 -0.6525629099858685 
10.5 0.5 6 1 0.001217882077704034 0.04766519438896274 
10.5 10.5 -0.5 1 -0.635292384380448 -0.5096416584348711 
10.5 10.5 6 1 -0.6955429752044437 -0.02448727201136458 
0.5 10.5 -0.5 1 -0.1979465116653161 -0.2697956887575003 
0.5 10.5 6 1 -0.2287717749655851 0.01844658740201702 
0.5 5.5 9.5 1 -0.04342127309427863 0.2127739621467709 
10.5 5.5 9.5 1 -0.4475200746135927 0.3238628764348787 
0.5 6.5 -0.5 1 -0.0384278633587979 -0.2764608393157352 
0.5 8.5 -0.5 1 -0.1211848628707771 -0.2730030124888979 
0.5 8.5 4.5 1 -0.1450844612098265 -0.04346519525595919 
0.5 6.5 4.5 1 -0.06253997093706799 -0.03791066834543506 
0.5 2.5 2 1 0.1359825356051093 -0.1554318100249064 
0.5 4.5 2 1 0.03897064815161232 -0.1566167917788262 
0.5 4.5 4.5 1 0.0267750541357669 -0.03190054327661596 
0.5 2.5 4.5 1 0.1237292457324777 -0.02537636868261798 
