-0.4514430067009774 -0.3656159074943858 -0.4431987302977172 0.2711050720959855 
-0.2527694735556606 -0.1200782386293009 -0.2397816329588273 0.2042524890043823 
0.2308507377183518 -0.1489596246457865 0.2646789455339151 0.1656951811258768 
0.4774221364165679 -0.4089276168858391 0.5657515975641877 0.1913545968398334 
-0.4514430067009774 -0.3656159074943858 -0.2527694735556606 -0.1200782386293009 
-0.2527694735556606 -0.1200782386293009 0.2308507377183518 -0.1489596246457865 
0.2308507377183518 -0.1489596246457865 0.4774221364165679 -0.4089276168858391 
0.4774221364165679 -0.4089276168858391 -0.4514430067009774 -0.3656159074943858 
-0.4431987302977172 0.2711050720959855 0.1055687696737609 0.6107663298359727 
0.1055687696737609 0.6107663298359727 0.5657515975641877 0.1913545968398334 
-0.2397816329588273 0.2042524890043823 0.02940457531852092 0.3687430289310807 
0.02940457531852092 0.3687430289310807 0.2646789455339151 0.1656951811258768 
0.1055687696737609 0.6107663298359727 0.02940457531852092 0.3687430289310807 
-0.4431987302977172 0.2711050720959855 -0.2397816329588273 0.2042524890043823 
0.5657515975641877 0.1913545968398334 0.2646789455339151 0.1656951811258768 
0.1166096849497922 -0.3921034264653689 0.2987365947682107 -0.4005957548177318 
0.2987365947682107 -0.4005957548177318 0.3542287462514025 0.05725805299502711 
0.3542287462514025 0.05725805299502711 0.1605225863359225 0.07101998269018521 
0.1605225863359225 0.07101998269018521 0.1166096849497922 -0.3921034264653689 
-0.2490439226470272 -0.1454096759907487 -0.05365093738627206 -0.1568262767471712 
-0.05365093738627206 -0.1568262767471712 -0.03720439471362287 0.08506757319131843 
-0.03720439471362287 0.08506757319131843 -0.2390787020699913 0.09940981210777461 
-0.2390787020699913 0.09940981210777461 -0.2490439226470272 -0.1454096759907487 
