0 0 0 1 -0.6060887954879346 -0.4899674500343098 
0 0 6.5 1 -0.564358199170216 -0.07287591468697474 
10 0 0 1 -0.1240366153635362 -0.3930397210247448 
10 0 6.5 1 -0.120635158678325 -0.1089665761387023 
10 10 0 1 0.2852165575011512 -0.4619355990137047 
10 10 6.5 1 0.2603620294698735 -0.07065787222251665 
0 10 0 1 -0.2024206077228184 -0.6833488467006256 
0 10 6.5 1 -0.1848025191996603 0.01510845000477905 
0 5 10 1 -0.4019481893673391 0.2030673729538967 
10 5 10 1 0.03760755945222283 0.06838934870712961 
0 6 0 1 -0.4171248104708149 -0.5804925903594778 
0 8 0 1 -0.3230277214687907 -0.625570768538914 
0 8 5 1 -0.3001822330207604 -0.1399013318607287 
0 6 5 1 -0.3892545104344792 -0.1475521311364627 
0 2 2.5 1 -0.5378731501863733 -0.3308844474992437 
0 4 2.5 1 -0.476698972995095 -0.3418993846553674 
0 4 5 1 -0.4619362786904652 -0.1537950794036227 
0 2 5 1 -0.5223704740534661 -0.1589860311962351 
0.5 0.5 -0.5 1 -0.5619435817066032 -0.5233146469830225 
0.5 0.5 6 1 -0.5234756537515258 -0.1024756990662779 
10.5 0.5 -0.5 1 -0.0932052345120313 -0.4153651099039283 
10.5 0.5 6 1 -0.09143340311895218 -0.1295443069001712 
10.5 10.5 -0.5 1 0.3292298972954373 -0.4931452912462271 
10.5 10.5 6 1 0.3011293520761753 -0.09855849343269669 
0.5 10.5 -0.5 1 -0.1248831567191351 -0.7413304468492147 
0.5 10.5 6 1 -0.1168075596718403 -0.03244052566170623 
0.5 5.5 9.5 1 -0.3532968232881174 0.1691668928740806 
10.5 5.5 9.5 1 0.07054914696463425 0.04581492445925232 
0.5 6.5 -0.5 1 -0.357585710273714 -0.6252530569881638 
0.5 8.5 -0.5 1 -0.2556671565925248 -0.6760923774382984 
0.5 8.5 4.5 1 -0.2385964620076851 -0.1839651957336861 
0.5 6.5 4.5 1 -0.334271325868917 -0.1871631149015006 
0.5 2.5 2 1 -0.4911330792598695 -0.3655045383518767 
0.5 4.5 2 1 -0.4252659510158279 -0.3798728899753775 
0.5 4.5 4.5 1 -0.4122800036955344 -0.189770544230477 
0.5 2.5 4.5 1 -0.4771019744429867 -0.191937209688705 
