0.28238131766656 -0.2987216118922293 0.3219536201884617 0.1064439221983035 
-0.3769195552294006 -0.2719287957112863 -0.3289013802189351 0.1936460377129881 
-0.3088601209215388 -0.154084890484382 -0.2808100578577022 0.1191075020221117 
0.09430483979211146 -0.1802160107134726 0.1192554253050761 0.07099814684326813 
0.28238131766656 -0.2987216118922293 -0.3769195552294006 -0.2719287957112863 
-0.3769195552294006 -0.2719287957112863 -0.3088601209215388 -0.154084890484382 
-0.3088601209215388 -0.154084890484382 0.09430483979211146 -0.1802160107134726 
0.09430483979211146 -0.1802160107134726 0.28238131766656 -0.2987216118922293 
0.3219536201884617 0.1064439221983035 0.2132959852852619 0.2509108679953765 
0.2132959852852619 0.2509108679953765 0.1192554253050761 0.07099814684326813 
-0.3289013802189351 0.1936460377129881 -0.2796194908673836 0.3312885987350337 
-0.2796194908673836 0.3312885987350337 -0.2808100578577022 0.1191075020221117 
0.2132959852852619 0.2509108679953765 -0.2796194908673836 0.3312885987350337 
0.3219536201884617 0.1064439221983035 -0.3289013802189351 0.1936460377129881 
0.1192554253050761 0.07099814684326813 -0.2808100578577022 0.1191075020221117 
0.1492986947950667 -0.2148672330349216 0.1195391257332043 -0.1961159481195852 
0.1195391257332043 -0.1961159481195852 0.1402747818623409 0.01312726729611334 
0.1402747818623409 0.01312726729611334 0.1718340393668578 0.01313783255546147 
0.1718340393668578 0.01313783255546147 0.1492986947950667 -0.2148672330349216 
0.2419759860114262 -0.1255885944787049 0.1972718577755082 -0.1119512460878319 
0.1972718577755082 -0.1119512460878319 0.2095974241887896 0.01315047480328532 
0.2095974241887896 0.01315047480328532 0.2555938360843413 0.01316587326507393 
0.2555938360843413 0.01316587326507393 0.2419759860114262 -0.1255885944787049 
