0 0 0 1 -0.2960170034782805 -0.3889342891726302 
0 0 6.5 1 -0.310492313578371 0.2619192069783802 
10 0 0 1 -0.2488236225834607 -0.1059856940883528 
10 0 6.5 1 -0.2528021289774364 0.2281943602567925 
10 10 0 1 0.2218801060605957 -0.0956566478673221 
10 10 6.5 1 0.2458132697223673 0.2077097142780991 
0 10 0 1 0.5527261939036905 -0.325558997670066 
0 10 6.5 1 0.6338277868778631 0.2176008897940474 
0 5 10 1 0.2345626709498329 0.6194982702536131 
10 5 10 1 0.01550387046062023 0.4054187537946185 
0 6 0 1 0.2477561337124692 -0.3483309816150224 
0 8 0 1 0.4052409631601208 -0.3365716567635681 
0 8 5 1 0.4556931833621853 0.08449800190084748 
0 6 5 1 0.2861638177897949 0.08723516277248437 
0 2 2.5 1 -0.09767975751932874 -0.1511675166019848 
0 4 2.5 1 0.09089724254844107 -0.1452530125953933 
0 4 5 1 0.1036461199328198 0.09018202864005007 
0 2 5 1 -0.0934119993538248 0.09336365898313913 
0.5 0.5 -0.5 1 -0.2434519238785272 -0.4011701242191077 
0.5 0.5 6 1 -0.2504189090178062 0.203358844356311 
10.5 0.5 -0.5 1 -0.222379285338361 -0.1217267136438508 
10.5 0.5 6 1 -0.2245715019721348 0.1998948549849385 
10.5 10.5 -0.5 1 0.2320183755281546 -0.110349044290506 
10.5 10.5 6 1 0.2557723453182155 0.1826320563403418 
0.5 10.5 -0.5 1 0.5532130872127085 -0.3392516309079712 
0.5 10.5 6 1 0.6297084546635848 0.1713075730808807 
0.5 5.5 9.5 1 0.2563943297232559 0.5389641902021751 
10.5 5.5 9.5 1 0.03413161306320331 0.3715392942637988 
0.5 6.5 -0.5 1 0.2651611888728523 -0.3616396350154769 
0.5 8.5 -0.5 1 0.4136561949313287 -0.3500982883875201 
0.5 8.5 4.5 1 0.4618593620147416 0.0454815871033234 
0.5 6.5 4.5 1 0.3027103136943256 0.04670146513966214 
0.5 2.5 2 1 -0.0569807563259342 -0.1781564155776742 
0.5 4.5 2 1 0.1189621994966501 -0.1716645262646791 
0.5 4.5 4.5 1 0.1321256837718436 0.04800899695072545 
0.5 2.5 4.5 1 -0.05117300772502357 0.04941398209016824 
