0 0 0 1 0.3524225755657983 -0.6605175409805009 
0 0 6.5 1 0.3438480319169293 -0.15859219803184 
10 0 0 1 -0.3702807119389139 -0.5883204728547983 
10 0 6.5 1 -0.3241791033377603 -0.1317539727941677 
10 10 0 1 -0.1715446405645622 -0.4254655696258685 
10 10 6.5 1 -0.152375297272947 -0.1528970424024093 
0 10 0 1 0.2532221088784564 -0.4580434546784498 
0 10 6.5 1 0.2529122618871812 -0.1699107877378287 
0 5 10 1 0.2855199651121122 0.01367430583118491 
10 5 10 1 -0.2039041175614658 0.02335517109438339 
0 6 0 1 0.2806392124363928 -0.5140034030266589 
0 8 0 1 0.2656503526183123 -0.4834102435615873 
0 8 5 1 0.2648802696444006 -0.2381641006476834 
0 6 5 1 0.2791211129595819 -0.2432539839248427 
0 2 2.5 1 0.32011732365943 -0.4231817100409966 
0 4 2.5 1 0.2977374365643838 -0.3966855988214315 
0 4 5 1 0.2964702801676013 -0.2494548270975642 
0 2 5 1 0.3180701122568493 -0.2571749193496369 
0.5 0.5 -0.5 1 0.3065591407519586 -0.6802244565724784 
0.5 0.5 6 1 0.3018594375952017 -0.1924681376875967 
10.5 0.5 -0.5 1 -0.3898042474818765 -0.6086337343604185 
10.5 0.5 6 1 -0.3436182880973281 -0.1637860306093308 
10.5 10.5 -0.5 1 -0.1870349360165967 -0.4407581823675775 
10.5 10.5 6 1 -0.1675120725589947 -0.1723866604194762 
0.5 10.5 -0.5 1 0.2285194582438775 -0.4735009570693825 
0.5 10.5 6 1 0.2293831068050029 -0.1900619405744688 
0.5 5.5 9.5 1 0.2562919475576195 -0.01490513031357279 
10.5 5.5 9.5 1 -0.2209388626255899 -0.003789417788351077 
0.5 6.5 -0.5 1 0.2503170967316313 -0.5312418904544617 
0.5 8.5 -0.5 1 0.2384223352617914 -0.4997332189968955 
0.5 8.5 4.5 1 0.2387569490118192 -0.2589117272308151 
0.5 6.5 4.5 1 0.2501625198478445 -0.2658812507801218 
0.5 2.5 2 1 0.2820789730111533 -0.4467818316319409 
0.5 4.5 2 1 0.2644225934743612 -0.418394222431996 
0.5 4.5 4.5 1 0.2639950578126875 -0.2743338044031415 
0.5 2.5 4.5 1 0.2811214367792934 -0.2847991027418354 
