0.2763268593562879 -0.3887926505413626 0.2413371329411412 -0.06875442136185214 
0.7019797466334662 -0.6302127102565513 0.6088760241707958 -0.01657554439535028 
-0.2809805666199248 -0.8352200323723924 -0.3158042516738208 -0.08376552139590351 
-0.2284869641406662 -0.4606787180532654 -0.2475614359381748 -0.1067571032120483 
0.2763268593562879 -0.3887926505413626 0.7019797466334662 -0.6302127102565513 
0.7019797466334662 -0.6302127102565513 -0.2809805666199248 -0.8352200323723924 
-0.2809805666199248 -0.8352200323723924 -0.2284869641406662 -0.4606787180532654 
-0.2284869641406662 -0.4606787180532654 0.2763268593562879 -0.3887926505413626 
0.2413371329411412 -0.06875442136185214 -0.005941664675722167 0.08415308027189188 
-0.005941664675722167 0.08415308027189188 -0.2475614359381748 -0.1067571032120483 
0.6088760241707958 -0.01657554439535028 0.1545614231317987 0.2783606591018254 
0.1545614231317987 0.2783606591018254 -0.3158042516738208 -0.08376552139590351 
-0.005941664675722167 0.08415308027189188 0.1545614231317987 0.2783606591018254 
0.2413371329411412 -0.06875442136185214 0.6088760241707958 -0.01657554439535028 
-0.2475614359381748 -0.1067571032120483 -0.3158042516738208 -0.08376552139590351 
-0.01478336769457689 -0.4302470807909536 -0.1195164609060973 -0.445161193398211 
-0.1195164609060973 -0.445161193398211 -0.1372090439752905 -0.1762277462686705 
-0.1372090439752905 -0.1762277462686705 -0.03513489238704624 -0.1668192751786598 
-0.03513489238704624 -0.1668192751786598 -0.01478336769457689 -0.4302470807909536 
0.1702197379504176 -0.2737950979517281 0.07439269695228617 -0.2849948531675859 
0.07439269695228617 -0.2849948531675859 0.06315492989380844 -0.1577596167148591 
0.06315492989380844 -0.1577596167148591 0.1578670448121174 -0.1490297259323498 
0.1578670448121174 -0.1490297259323498 0.1702197379504176 -0.2737950979517281 
