0 0 0 1 -0.6735135510972942 -0.568181315003172 
0 0 6.5 1 -0.607984139764966 -0.1033321708818638 
10 0 0 1 -0.1739242821348743 -0.4379080145232002 
10 0 6.5 1 -0.1579493120208785 -0.1415152313568541 
10 10 0 1 0.2680911823950786 -0.5303115076282507 
10 10 6.5 1 0.2579730452679971 -0.1358423383866156 
0 10 0 1 -0.1334054638392075 -0.8337526753670125 
0 10 6.5 1 -0.1002732231046698 -0.07129111846849061 
0 5 10 1 -0.3828034275140136 0.1745967413964654 
10 5 10 1 0.02540722300146326 0.02668499745704505 
0 6 0 1 -0.4163534380172624 -0.6946270444287141 
0 8 0 1 -0.2911645053963935 -0.7561824921677047 
0 8 5 1 -0.2532281277643352 -0.222026080761999 
0 6 5 1 -0.3716519197207821 -0.2161410094573797 
0 2 2.5 1 -0.5762871019451611 -0.3980161800545389 
0 4 2.5 1 -0.4928991355643195 -0.419423775851929 
0 4 5 1 -0.4695891161029631 -0.2112740196864761 
0 2 5 1 -0.5519325834441147 -0.207181960407117 
0.5 0.5 -0.5 1 -0.6232987004670116 -0.6048069483951094 
0.5 0.5 6 1 -0.5620306426760853 -0.1379778344171746 
10.5 0.5 -0.5 1 -0.1428712172669915 -0.4613086882291385 
10.5 0.5 6 1 -0.1285821394120914 -0.1640887908838871 
10.5 10.5 -0.5 1 0.3085497837438453 -0.561286676925232 
10.5 10.5 6 1 0.2956158125723815 -0.1653890028435356 
0.5 10.5 -0.5 1 -0.05279251492161438 -0.8930571340605595 
0.5 10.5 6 1 -0.03011648151401507 -0.1256127284917554 
0.5 5.5 9.5 1 -0.3301712856267086 0.1337751188424438 
10.5 5.5 9.5 1 0.05735511326017678 0.001639957821609643 
0.5 6.5 -0.5 1 -0.3514435152420216 -0.7421627029875075 
0.5 8.5 -0.5 1 -0.2192467442345232 -0.8089555700111241 
0.5 8.5 4.5 1 -0.1879823238345223 -0.2716896372295685 
0.5 6.5 4.5 1 -0.3122253886868405 -0.2611325436398441 
0.5 2.5 2 1 -0.5239896801064755 -0.4367654969401948 
0.5 4.5 2 1 -0.4361412568165012 -0.4615883888826823 
0.5 4.5 4.5 1 -0.4150316898209241 -0.2523969595331899 
0.5 2.5 4.5 1 -0.5015086284603312 -0.2450489024351599 
