0 0 0 1 0.04932867771698953 -0.3119399262689739 
0 0 6.5 1 0.07247785054116614 -0.04789855112661513 
10 0 0 1 0.4896004893135362 -0.4361503910749272 
10 0 6.5 1 0.509497412004751 -0.07739675704397912 
10 10 0 1 0.23711571828417 -0.6429069774937665 
10 10 6.5 1 0.2818162252210897 -0.02565612364893506 
0 10 0 1 -0.3053468358293422 -0.3840667495765611 
0 10 6.5 1 -0.2623560996049163 -0.002389618561533514 
0 5 10 1 -0.04896689111763081 0.1331117114898051 
10 5 10 1 0.439380210580044 0.1742271680339632 
0 6 0 1 -0.1309923704319859 -0.3486100201484069 
0 8 0 1 -0.2109660975757617 -0.364873479752011 
0 8 5 1 -0.182219136499136 -0.09372339154031682 
0 6 5 1 -0.1058395033665216 -0.09807539203255261 
0 2 2.5 1 0.007193937042017706 -0.2129532389952521 
0 4 2.5 1 -0.05114190895155769 -0.2172538963481666 
0 4 5 1 -0.0401108949041626 -0.1018205126183703 
0 2 5 1 0.01704937889253519 -0.1050774219474273 
0.5 0.5 -0.5 1 0.05159156733093171 -0.3405749348606278 
0.5 0.5 6 1 0.07540163624212712 -0.06792820403349051 
10.5 0.5 -0.5 1 0.5114585700987012 -0.4806981764875652 
10.5 0.5 6 1 0.5315974220591434 -0.1058807710070235 
10.5 10.5 -0.5 1 0.2569029124283291 -0.7380026859709637 
10.5 10.5 6 1 0.3039177908441781 -0.07163975499309817 
0.5 10.5 -0.5 1 -0.3182300960507576 -0.4294843416586485 
0.5 10.5 6 1 -0.272962400723582 -0.0295620794351577 
0.5 5.5 9.5 1 -0.04987606015332133 0.1161072724627314 
10.5 5.5 9.5 1 0.4633484055534711 0.1516851569130125 
0.5 6.5 -0.5 1 -0.1351271478314457 -0.3854642743638191 
0.5 8.5 -0.5 1 -0.2187976499982289 -0.4055796311715228 
0.5 8.5 4.5 1 -0.1887155048146243 -0.1225073895032275 
0.5 6.5 4.5 1 -0.1089476569438529 -0.1247848630568076 
0.5 2.5 2 1 0.008204451185437604 -0.2400383978200303 
0.5 4.5 2 1 -0.05211866458217886 -0.2464626996283657 
0.5 4.5 4.5 1 -0.04069287036167359 -0.1267336240613418 
0.5 2.5 4.5 1 0.01837364084447407 -0.1284200481126986 
