0.1997614094315005 -0.3909908712972592 0.1865274400048255 -0.09012925548302214 
0.6886779058885316 -0.5170268539291296 0.6226411921986857 -0.01852961214919091 
-0.009758018800698874 -0.691768861244213 -0.01311986464391729 0.05949370108357865 
-0.2693524797049283 -0.4437733569050084 -0.2529445685551816 -0.06645512957087489 
0.1997614094315005 -0.3909908712972592 0.6886779058885316 -0.5170268539291296 
0.6886779058885316 -0.5170268539291296 -0.009758018800698874 -0.691768861244213 
-0.009758018800698874 -0.691768861244213 -0.2693524797049283 -0.4437733569050084 
-0.2693524797049283 -0.4437733569050084 0.1997614094315005 -0.3909908712972592 
0.1865274400048255 -0.09012925548302214 -0.01033319140355941 0.08393740690854688 
-0.01033319140355941 0.08393740690854688 -0.2529445685551816 -0.06645512957087489 
0.6226411921986857 -0.01852961214919091 0.3422343547064473 0.2850425541057262 
0.3422343547064473 0.2850425541057262 -0.01311986464391729 0.05949370108357865 
-0.01033319140355941 0.08393740690854688 0.3422343547064473 0.2850425541057262 
0.1865274400048255 -0.09012925548302214 0.6226411921986857 -0.01852961214919091 
-0.2529445685551816 -0.06645512957087489 -0.01311986464391729 0.05949370108357865 
-0.0551872549377749 -0.41967649438243 -0.1569758601226621 -0.431129268884789 
-0.1569758601226621 -0.431129268884789 -0.1506112791887695 -0.15060192256907 
-0.1506112791887695 -0.15060192256907 -0.05418045199875454 -0.1522768031115379 
-0.05418045199875454 -0.1522768031115379 -0.0551872549377749 -0.41967649438243 
0.1184193307957438 -0.2746099184049671 0.03567270436322579 -0.2784104316948945 
0.03567270436322579 -0.2784104316948945 0.03398742559103238 -0.1538081667526983 
0.03398742559103238 -0.1538081667526983 0.1149107720347941 -0.1552137021228654 
0.1149107720347941 -0.1552137021228654 0.1184193307957438 -0.2746099184049671 
