0.4036207158146869 -0.5319267802929778 0.3459799311962148 0.0117168109258811 
-0.2819210822861179 -0.4695862562571502 -0.2783704256906053 -0.05667580919877503 
-0.01496556432008263 -0.3578680354690136 -0.02476188435516513 -0.09433376549304974 
0.4226100253363216 -0.3720608275518226 0.3876891924062873 -0.06081266965232408 
0.4036207158146869 -0.5319267802929778 -0.2819210822861179 -0.4695862562571502 
-0.2819210822861179 -0.4695862562571502 -0.01496556432008263 -0.3578680354690136 
-0.01496556432008263 -0.3578680354690136 0.4226100253363216 -0.3720608275518226 
0.4226100253363216 -0.3720608275518226 0.4036207158146869 -0.5319267802929778 
0.3459799311962148 0.0117168109258811 0.3511515993501786 0.1578967312995349 
0.3511515993501786 0.1578967312995349 0.3876891924062873 -0.06081266965232408 
-0.2783704256906053 -0.05667580919877503 -0.1277695053759009 0.07951739661844245 
-0.1277695053759009 0.07951739661844245 -0.02476188435516513 -0.09433376549304974 
0.3511515993501786 0.1578967312995349 -0.1277695053759009 0.07951739661844245 
0.3459799311962148 0.0117168109258811 -0.2783704256906053 -0.05667580919877503 
0.3876891924062873 -0.06081266965232408 -0.02476188435516513 -0.09433376549304974 
0.4174144565410682 -0.4158009411425298 0.4202597894532507 -0.3918468391593277 
0.4202597894532507 -0.3918468391593277 0.3906949143031436 -0.1264869524891345 
0.3906949143031436 -0.1264869524891345 0.3850331481040039 -0.12269046741329 
0.3850331481040039 -0.12269046741329 0.4174144565410682 -0.4158009411425298 
0.3888084151182394 -0.2915959319900102 0.395495052840426 -0.2770514911950998 
0.395495052840426 -0.2770514911950998 0.3781122460102779 -0.1180496714874172 
0.3781122460102779 -0.1180496714874172 0.3694596243353662 -0.1122476747428814 
0.3694596243353662 -0.1122476747428814 0.3888084151182394 -0.2915959319900102 
