0 0 0 1 0.2141934016300713 -0.3905276819436241 
0 0 6.5 1 0.1964740930797866 -0.08639650991571948 
10 0 0 1 0.7009881891099262 -0.5219415670280857 
10 0 6.5 1 0.6266452065051324 -0.007155420592934063 
10 10 0 1 -0.0498349735335842 -0.7029679787265646 
10 10 6.5 1 -0.05674396092360384 0.05508548563455685 
0 10 0 1 -0.2634415883185557 -0.4467491489413346 
0 10 6.5 1 -0.252415546934266 -0.07164943149530723 
0 5 10 1 -0.008761000101834022 0.08453195891750796 
10 5 10 1 0.3202171630535986 0.2964257966147427 
0 6 0 1 -0.04758110612504638 -0.4213406398682084 
0 8 0 1 -0.1506288029062471 -0.433470179800778 
0 8 5 1 -0.1481506560696979 -0.1535694420756986 
0 6 5 1 -0.05025812905010799 -0.153554779439507 
0 2 2.5 1 0.1284149913412576 -0.2738983727728462 
0 4 2.5 1 0.04332116290138557 -0.2787842047952002 
0 4 5 1 0.03989487151009334 -0.1535412760527928 
0 2 5 1 0.1231912896219269 -0.1535287996655545 
0.5 0.5 -0.5 1 0.2103524166322846 -0.422526819416513 
0.5 0.5 6 1 0.1922491245600835 -0.1061326206326297 
10.5 0.5 -0.5 1 0.7254293664649368 -0.5868598721758492 
10.5 0.5 6 1 0.6443918516667407 -0.03593284962232774 
10.5 10.5 -0.5 1 -0.08634211615573048 -0.820778232495189 
10.5 10.5 6 1 -0.08860867046724678 0.01827291095931274 
0.5 10.5 -0.5 1 -0.2898843362599013 -0.4892211792546641 
0.5 10.5 6 1 -0.2765100924448199 -0.09530403345580707 
0.5 5.5 9.5 1 -0.02075799577583092 0.0697235440741019 
10.5 5.5 9.5 1 0.3202367480040519 0.2838927811236626 
0.5 6.5 -0.5 1 -0.06273779018926544 -0.4589367321562853 
0.5 8.5 -0.5 1 -0.1709513394431016 -0.4733643673741526 
0.5 8.5 4.5 1 -0.1672900232868332 -0.179894672822116 
0.5 6.5 4.5 1 -0.06474726236280808 -0.1787535402337854 
0.5 2.5 2 1 0.1213440784545555 -0.3021130252692035 
0.5 4.5 2 1 0.03267887990030826 -0.3083730404621908 
0.5 4.5 4.5 1 0.02938400502167662 -0.1777060137597042 
0.5 2.5 4.5 1 0.1160979832601195 -0.1767410295371222 
