0 0 0 1 0.2658340840832463 -0.404578209370978 
0 0 6.5 1 0.2332954622728392 -0.08646867280422356 
10 0 0 1 0.7208703251413754 -0.6189383002690787 
10 0 6.5 1 0.6258993861335078 -0.02480928391224793 
10 10 0 1 -0.2234682649762634 -0.8388863412711867 
10 10 6.5 1 -0.2492682199130395 -0.06569900765070212 
0 10 0 1 -0.2369508913528966 -0.4777945517195124 
0 10 6.5 1 -0.2489980626128125 -0.1146450631735019 
0 5 10 1 -0.0049638993573939 0.07026166366619208 
10 5 10 1 0.206716356520689 0.2720970936961096 
0 6 0 1 -0.02016373140406133 -0.4462256630393925 
0 8 0 1 -0.1256664466954697 -0.4615891350977511 
0 8 5 1 -0.1389487315215279 -0.1868951860086376 
0 6 5 1 -0.03694896370018096 -0.1789666180332759 
0 2 2.5 1 0.1636350082050715 -0.2887762952406017 
0 4 2.5 1 0.06985274528551576 -0.2991838875088966 
0 4 5 1 0.06006882131801861 -0.1714253057365351 
0 2 5 1 0.1524609251740309 -0.1642435533516462 
0.5 0.5 -0.5 1 0.2581621494223563 -0.4402459030066138 
0.5 0.5 6 1 0.2249080929572242 -0.1101689611196077 
10.5 0.5 -0.5 1 0.7361254262355087 -0.7024460854982951 
10.5 0.5 6 1 0.6341090788402832 -0.06524061410111365 
10.5 10.5 -0.5 1 -0.285928032967083 -0.9683052442967418 
10.5 10.5 6 1 -0.3070188108183426 -0.1208466103997068 
0.5 10.5 -0.5 1 -0.2653089541806526 -0.5213926297874082 
0.5 10.5 6 1 -0.2763552578565845 -0.1425889199450568 
0.5 5.5 9.5 1 -0.02170535342933156 0.05098744490668401 
10.5 5.5 9.5 1 0.1882535383849874 0.2481191898504228 
0.5 6.5 -0.5 1 -0.03900082728163223 -0.4863111064418995 
0.5 8.5 -0.5 1 -0.1490227110637469 -0.5033663281756788 
0.5 8.5 4.5 1 -0.1618862240171544 -0.217051328808087 
0.5 6.5 4.5 1 -0.05567255960790762 -0.2080597441618772 
0.5 2.5 2 1 0.1523998646220132 -0.3207113702981895 
0.5 4.5 2 1 0.05502414154933376 -0.3323076177098482 
0.5 4.5 4.5 1 0.04517387087731401 -0.1995225260833995 
0.5 2.5 4.5 1 0.1410498707328506 -0.1914060829398938 
