0 0 0 1 -0.5560970147363035 -0.4549222048913717 
0 0 6.5 1 -0.5323058703244204 -0.0664152488748998 
10 0 0 1 -0.08776658617798032 -0.36515046473624 
10 0 6.5 1 -0.09327877730129192 -0.08911009725849874 
10 10 0 1 0.2957907152160911 -0.4249058516191353 
10 10 6.5 1 0.2621384169687054 -0.03523226290128162 
0 10 0 1 -0.2402640789816447 -0.6229846296356528 
0 10 6.5 1 -0.2359816762191172 0.03647336915541542 
0 5 10 1 -0.4110410767256504 0.2032827138580257 
10 5 10 1 0.04742721346802189 0.09270430188281573 
0 6 0 1 -0.4094426881947071 -0.532960556588062 
0 8 0 1 -0.3356349438135068 -0.5722354613916775 
0 8 5 1 -0.3252985155484425 -0.1168099126783036 
0 6 5 1 -0.3951021917751244 -0.1281779204257257 
0 2 2.5 1 -0.5069974535505869 -0.3057040229838726 
0 4 2.5 1 -0.459666410584197 -0.3136545072066435 
0 4 5 1 -0.4516114810020869 -0.1373808460087178 
0 2 5 1 -0.4982941147214079 -0.1449834333003662 
0.5 0.5 -0.5 1 -0.515595245816402 -0.4856529768795633 
0.5 0.5 6 1 -0.4944040640370818 -0.09289594255156279 
10.5 0.5 -0.5 1 -0.05717312921299676 -0.386474792792127 
10.5 0.5 6 1 -0.0641952690630309 -0.1082832620546484 
10.5 10.5 -0.5 1 0.3418148463406759 -0.4557276415807566 
10.5 10.5 6 1 0.3048408742561696 -0.06175601511165727 
0.5 10.5 -0.5 1 -0.1665744266744641 -0.6781494935860144 
0.5 10.5 6 1 -0.1704851929648876 -0.00641268942108587 
0.5 5.5 9.5 1 -0.3650209048159531 0.1734981031287562 
10.5 5.5 9.5 1 0.08098785346525557 0.07183400843738882 
0.5 6.5 -0.5 1 -0.3539120573061182 -0.574826598885089 
0.5 8.5 -0.5 1 -0.2722906667017886 -0.6198434933462772 
0.5 8.5 4.5 1 -0.2667926512959236 -0.1568953350609236 
0.5 6.5 4.5 1 -0.3433237776034975 -0.1640979886028223 
0.5 2.5 2 1 -0.4637305618840378 -0.3373448898494177 
0.5 4.5 2 1 -0.4117854603393556 -0.3484829431951934 
0.5 4.5 4.5 1 -0.4051804067179469 -0.1699195659175286 
0.5 2.5 4.5 1 -0.4562139463024789 -0.1747225385429004 
