0 0 0 1 0.009976207483789112 -0.2401071407613573 
0 0 6.5 1 -0.02597806478816667 0.455432056234839 
10 0 0 1 -0.2468845369109459 -0.05934707964954256 
10 0 6.5 1 -0.2812107078019074 0.3014668443718088 
10 10 0 1 0.1810645011272556 0.005922459988601341 
10 10 6.5 1 0.1753312741748697 0.2955169083029751 
0 10 0 1 0.6149073036844295 -0.07854741354410642 
0 10 6.5 1 0.6414639378913048 0.3930579967884832 
0 5 10 1 0.3810286218302253 0.7697543843482838 
10 5 10 1 -0.03667299463809384 0.4865387607611501 
0 6 0 1 0.425275966410192 -0.1291924990989526 
0 8 0 1 0.5264683813849017 -0.1021669104617526 
0 8 5 1 0.5420092482648974 0.2777449344509619 
0 6 5 1 0.4346942055384786 0.2781388670173977 
0 2 2.5 1 0.1666697639525851 0.03134708462188382 
0 4 2.5 1 0.308855312835641 0.05080555277516351 
0 4 5 1 0.3093927382167884 0.2785988242363128 
0 2 5 1 0.1611693482271626 0.2791429233573771 
0.5 0.5 -0.5 1 0.03086939653419213 -0.257518637131081 
0.5 0.5 6 1 0.0001636318525448907 0.38142432871883 
10.5 0.5 -0.5 1 -0.2254611470779814 -0.07591301849045987 
10.5 0.5 6 1 -0.2570784520541636 0.2690969040526521 
10.5 10.5 -0.5 1 0.1850126613231121 -0.009531625426733938 
10.5 10.5 6 1 0.17965950500459 0.2698065028429756 
0.5 10.5 -0.5 1 0.5997567631204654 -0.09869767646660348 
0.5 10.5 6 1 0.6237115295463401 0.3462766591722563 
0.5 5.5 9.5 1 0.3761033133149495 0.6858604445048631 
10.5 5.5 9.5 1 -0.02375880971104277 0.4499472768458658 
0.5 6.5 -0.5 1 0.4186707731276035 -0.149252940272383 
0.5 8.5 -0.5 1 0.5149842296341577 -0.1223643212139608 
0.5 8.5 4.5 1 0.5289309224167393 0.2351060166734122 
0.5 6.5 4.5 1 0.4270767841802924 0.23237645869125 
0.5 2.5 2 1 0.1761182988930013 -0.003557928432278519 
0.5 4.5 2 1 0.3087523825180125 0.01733096006651543 
0.5 4.5 4.5 1 0.3092514039081526 0.2292188922654606 
0.5 2.5 4.5 1 0.1713786454304796 0.225524082266167 
