-0.6789879368322278 -0.5746115682553987 -0.6115555887774606 -0.1054036909065241 
-0.1782876019293488 -0.4406053015975491 -0.1612275595100246 -0.1432589377462636 
0.2662806543273424 -0.5348575212728204 0.2576119391116932 -0.1405077587212014 
-0.1260174443633681 -0.8464164277586251 -0.09168427398628971 -0.07909031380252529 
-0.6789879368322278 -0.5746115682553987 -0.1782876019293488 -0.4406053015975491 
-0.1782876019293488 -0.4406053015975491 0.2662806543273424 -0.5348575212728204 
0.2662806543273424 -0.5348575212728204 -0.1260174443633681 -0.8464164277586251 
-0.1260174443633681 -0.8464164277586251 -0.6789879368322278 -0.5746115682553987 
-0.6115555887774606 -0.1054036909065241 -0.3804059262875644 0.1725672017831194 
-0.3804059262875644 0.1725672017831194 -0.09168427398628971 -0.07909031380252529 
-0.1612275595100246 -0.1432589377462636 0.0243577836045853 0.02407715795704193 
0.0243577836045853 0.02407715795704193 0.2576119391116932 -0.1405077587212014 
-0.3804059262875644 0.1725672017831194 0.0243577836045853 0.02407715795704193 
-0.6115555887774606 -0.1054036909065241 -0.1612275595100246 -0.1432589377462636 
-0.09168427398628971 -0.07909031380252529 0.2576119391116932 -0.1405077587212014 
-0.4151340161112167 -0.7043052478055577 -0.2870616475647499 -0.767257417248809 
-0.2870616475647499 -0.767257417248809 -0.2479885326187166 -0.2292609886526841 
-0.2479885326187166 -0.2292609886526841 -0.3691536766221447 -0.2220335247484934 
-0.3691536766221447 -0.2220335247484934 -0.4151340161112167 -0.7043052478055577 
-0.5790582127569478 -0.4035578311262014 -0.4934883370165323 -0.4259747170529631 
-0.4934883370165323 -0.4259747170529631 -0.4695142686688003 -0.2160470460265279 
-0.4695142686688003 -0.2160470460265279 -0.5540049960336395 -0.2110071998951114 
-0.5540049960336395 -0.2110071998951114 -0.5790582127569478 -0.4035578311262014 
