0 0 0 1 0.2920402319298109 -0.346281800226686 
0 0 6.5 1 0.3250207129262545 0.07047782332247551 
10 0 0 1 -0.3794301862183588 -0.306809506818302 
10 0 6.5 1 -0.3269718948048156 0.1481107942586882 
10 10 0 1 -0.2813920092041311 -0.197079657170983 
10 10 6.5 1 -0.2516818212233564 0.07128819735006256 
0 10 0 1 0.1226337779084729 -0.2270093026707655 
0 10 6.5 1 0.1452356216163354 0.02760781395890417 
0 5 10 1 0.2278006016892362 0.2097355379521023 
10 5 10 1 -0.259852005152414 0.2766417357770088 
0 6 0 1 0.1715813880902963 -0.261471411859618 
0 8 0 1 0.1450343353090443 -0.2427806641767113 
0 8 5 1 0.1636792162956829 -0.0296650723979076 
0 6 5 1 0.1915980361075491 -0.02864418806801593 
0 2 2.5 1 0.2545584545040675 -0.1676513725028152 
0 4 2.5 1 0.2144134404630456 -0.1548066815184519 
0 4 5 1 0.2251334629215077 -0.02741792592795052 
0 2 5 1 0.2661699427098439 -0.02591737900468756 
0.5 0.5 -0.5 1 0.2461110871480507 -0.3669518243549388 
0.5 0.5 6 1 0.2792764653195315 0.03996903615994462 
10.5 0.5 -0.5 1 -0.4111263928887627 -0.3305028920149354 
10.5 0.5 6 1 -0.3593289623570511 0.1127235683961813 
10.5 10.5 -0.5 1 -0.3018337776043696 -0.2129578133774201 
10.5 10.5 6 1 -0.272312684033976 0.05129812699638115 
0.5 10.5 -0.5 1 0.09699233838798446 -0.2415862080301088 
0.5 10.5 6 1 0.1195940593714183 0.00932580136662417 
0.5 5.5 9.5 1 0.1948933339429671 0.1839630186695367 
10.5 5.5 9.5 1 -0.2852323827965245 0.247781263050066 
0.5 6.5 -0.5 1 0.1403821301038922 -0.2780644378026985 
0.5 8.5 -0.5 1 0.1168803238740822 -0.2583062353818378 
0.5 8.5 4.5 1 0.135532492951604 -0.04856148836534872 
0.5 6.5 4.5 1 0.1604192730326267 -0.04925483705974127 
0.5 2.5 2 1 0.2148713815001838 -0.1898648678891286 
0.5 4.5 2 1 0.1794705819264955 -0.1750729801519366 
0.5 4.5 4.5 1 0.1902129573702017 -0.05008489269849196 
0.5 2.5 4.5 1 0.2265234972007453 -0.0510965087172068 
