0.2785303064383605 -0.2367133889781775 0.2509259094340257 0.1123538629727244 
0.08420589637471382 -0.5557892233176454 0.0215781214944251 0.1154075465821806 
-0.575199494603339 -0.4219233810402271 -0.6369851614729394 0.03620021353489078 
-0.162715327842283 -0.2161032964269729 -0.1927789763485324 0.06498684309100222 
0.2785303064383605 -0.2367133889781775 0.08420589637471382 -0.5557892233176454 
0.08420589637471382 -0.5557892233176454 -0.575199494603339 -0.4219233810402271 
-0.575199494603339 -0.4219233810402271 -0.162715327842283 -0.2161032964269729 
-0.162715327842283 -0.2161032964269729 0.2785303064383605 -0.2367133889781775 
0.2509259094340257 0.1123538629727244 -0.01133630042395913 0.2589349906213692 
-0.01133630042395913 0.2589349906213692 -0.1927789763485324 0.06498684309100222 
0.0215781214944251 0.1154075465821806 -0.4077193520980948 0.3775301046632426 
-0.4077193520980948 0.3775301046632426 -0.6369851614729394 0.03620021353489078 
-0.01133630042395913 0.2589349906213692 -0.4077193520980948 0.3775301046632426 
0.2509259094340257 0.1123538629727244 0.0215781214944251 0.1154075465821806 
-0.1927789763485324 0.06498684309100222 -0.6369851614729394 0.03620021353489078 
-0.008286260766733753 -0.2233165062986402 -0.0885903036145174 -0.2195655938209974 
-0.0885903036145174 -0.2195655938209974 -0.1115029654398692 0.004461258687984938 
-0.1115029654398692 0.004461258687984938 -0.03097889938395916 0.01013044524906048 
-0.03097889938395916 0.01013044524906048 -0.008286260766733753 -0.2233165062986402 
0.1633994162746285 -0.1054230881245817 0.06791614978397208 -0.1064814352270974 
0.06791614978397208 -0.1064814352270974 0.05665784926638378 0.01630039048456204 
0.05665784926638378 0.01630039048456204 0.1523932181983089 0.02304050798672143 
0.1523932181983089 0.02304050798672143 0.1633994162746285 -0.1054230881245817 
