0 0 0 1 -0.4567750627649307 -0.4383598946482536 
0 0 6.5 1 -0.4646240160396562 -0.09415174180652197 
10 0 0 1 -0.01600698444802538 -0.3386558785801427 
10 0 6.5 1 -0.03574965838913669 -0.07445616154752527 
10 10 0 1 0.3178164995791759 -0.4189601438029916 
10 10 6.5 1 0.2734824343841112 -0.02588626152063288 
0 10 0 1 -0.2812494730685254 -0.6365914720496484 
0 10 6.5 1 -0.3065902799126611 -0.03564489906280652 
0 5 10 1 -0.4127592694558484 0.145391847966492 
10 5 10 1 0.07477649128945826 0.1058594460356679 
0 6 0 1 -0.3759694513491855 -0.5296185187698588 
0 8 0 1 -0.3348461649496715 -0.5760615128939909 
0 8 5 1 -0.3496709001064413 -0.1682040247658931 
0 6 5 1 -0.3874412733619599 -0.1691787760366516 
0 2 2.5 1 -0.4386822492413757 -0.3143035101513384 
0 4 2.5 1 -0.4131613612757942 -0.3283501884694492 
0 4 5 1 -0.4176303810576967 -0.1699578753293806 
0 2 5 1 -0.442312604674178 -0.1705948568247062 
0.5 0.5 -0.5 1 -0.4221726228983005 -0.4653584696294096 
0.5 0.5 6 1 -0.4314887275380499 -0.1168037962720118 
10.5 0.5 -0.5 1 0.01389390763062804 -0.3586258217359422 
10.5 0.5 6 1 -0.006926279376947063 -0.09186440915933006 
10.5 10.5 -0.5 1 0.3665331616202679 -0.4498734213760929 
10.5 10.5 6 1 0.319470440539402 -0.05110697534043326 
0.5 10.5 -0.5 1 -0.2168812244219109 -0.6878860215880178 
0.5 10.5 6 1 -0.2470861189943993 -0.07361337614471411 
0.5 5.5 9.5 1 -0.3713819348936311 0.1203099801181148 
10.5 5.5 9.5 1 0.1094428966658986 0.08704320011621872 
0.5 6.5 -0.5 1 -0.3280468419267611 -0.5673869996664231 
0.5 8.5 -0.5 1 -0.279894422655869 -0.6195822697106693 
0.5 8.5 4.5 1 -0.2975255305832896 -0.2037864135485651 
0.5 6.5 4.5 1 -0.3416709015848049 -0.2007534181276109 
0.5 2.5 2 1 -0.4012441624225515 -0.3420470093007668 
0.5 4.5 2 1 -0.3715508543067096 -0.3591286342836515 
0.5 4.5 4.5 1 -0.3768535189684999 -0.1983362061980009 
0.5 2.5 4.5 1 -0.4055513693167878 -0.1963645283816655 
