0.1808382567943381 -0.3973477964995604 0.1734285332734295 -0.09996389449854448 
0.6709331649911481 -0.5251484864346248 0.6162348302597285 -0.04426343769265344 
0.03759616192544341 -0.7025804260668251 0.03889443377068217 0.04338775424266991 
-0.2770712267450565 -0.4490008166971828 -0.2542015157210256 -0.06807133046055641 
0.1808382567943381 -0.3973477964995604 0.6709331649911481 -0.5251484864346248 
0.6709331649911481 -0.5251484864346248 0.03759616192544341 -0.7025804260668251 
0.03759616192544341 -0.7025804260668251 -0.2770712267450565 -0.4490008166971828 
-0.2770712267450565 -0.4490008166971828 0.1808382567943381 -0.3973477964995604 
0.1734285332734295 -0.09996389449854448 -0.01303976827589482 0.07731000367428226 
-0.01303976827589482 0.07731000367428226 -0.2542015157210256 -0.06807133046055641 
0.6162348302597285 -0.04426343769265344 0.3673895429325199 0.2573155650911459 
0.3673895429325199 0.2573155650911459 0.03889443377068217 0.04338775424266991 
-0.01303976827589482 0.07731000367428226 0.3673895429325199 0.2573155650911459 
0.1734285332734295 -0.09996389449854448 0.6162348302597285 -0.04426343769265344 
-0.2542015157210256 -0.06807133046055641 0.03889443377068217 0.04338775424266991 
-0.0654320849820292 -0.4251275376823081 -0.1654682462210004 -0.4364117980934045 
-0.1654682462210004 -0.4364117980934045 -0.1543431069945979 -0.1546315219815438 
-0.1543431069945979 -0.1546315219815438 -0.05982449879369355 -0.1577846450453882 
-0.05982449879369355 -0.1577846450453882 -0.0654320849820292 -0.4251275376823081 
0.10509191415477 -0.281685317793984 0.02529725337016521 -0.2847152430092595 
0.02529725337016521 -0.2847152430092595 0.02582156421376961 -0.1606417816636325 
0.02582156421376961 -0.1606417816636325 0.103788384332465 -0.163242740177625 
0.103788384332465 -0.163242740177625 0.10509191415477 -0.281685317793984 
