0.382500980505573 -0.6842068402010616 0.3544831115609672 -0.1557473896825521 
-0.3436526200230904 -0.6022747998395587 -0.309494815732472 -0.1517228993680986 
-0.118396025350979 -0.444263562208413 -0.1083927549857201 -0.1712635703622612 
0.3138537379688917 -0.4752055078642543 0.3011117643872147 -0.1754290068889933 
0.382500980505573 -0.6842068402010616 -0.3436526200230904 -0.6022747998395587 
-0.3436526200230904 -0.6022747998395587 -0.118396025350979 -0.444263562208413 
-0.118396025350979 -0.444263562208413 0.3138537379688917 -0.4752055078642543 
0.3138537379688917 -0.4752055078642543 0.382500980505573 -0.6842068402010616 
0.3544831115609672 -0.1557473896825521 0.3123143149064892 0.01678993996547007 
0.3123143149064892 0.01678993996547007 0.3011117643872147 -0.1754290068889933 
-0.309494815732472 -0.1517228993680986 -0.1770400190068833 0.002472161996178469 
-0.1770400190068833 0.002472161996178469 -0.1083927549857201 -0.1712635703622612 
0.3123143149064892 0.01678993996547007 -0.1770400190068833 0.002472161996178469 
0.3544831115609672 -0.1557473896825521 -0.309494815732472 -0.1517228993680986 
0.3011117643872147 -0.1754290068889933 -0.1083927549857201 -0.1712635703622612 
0.3326387597667081 -0.532397820893022 0.3223514771946983 -0.5010774694233121 
0.3223514771946983 -0.5010774694233121 0.31112749324529 -0.24511217333946 
0.31112749324529 -0.24511217333946 0.3197669789000755 -0.2492570414943855 
0.3197669789000755 -0.2492570414943855 0.3326387597667081 -0.532397820893022 
0.3521860657309011 -0.4344412961919275 0.3376161048241041 -0.4080719574734489 
0.3376161048241041 -0.4080719574734489 0.3303243634929396 -0.2543220382947478 
0.3303243634929396 -0.2543220382947478 0.3435180219356841 -0.2606518103334346 
0.3435180219356841 -0.2606518103334346 0.3521860657309011 -0.4344412961919275 
