-0.6142344669760043 -0.2888727477711563 -0.5607603981325679 0.2976822294421455 
-0.2496955795806372 -0.1530851790298127 -0.2198381799849906 0.1563195955023319 
0.2369772049066699 -0.2173618710144131 0.2717210224732694 0.116806772325479 
0.3178346765280883 -0.4422238474109885 0.3898693131686579 0.240203957558944 
-0.6142344669760043 -0.2888727477711563 -0.2496955795806372 -0.1530851790298127 
-0.2496955795806372 -0.1530851790298127 0.2369772049066699 -0.2173618710144131 
0.2369772049066699 -0.2173618710144131 0.3178346765280883 -0.4422238474109885 
0.3178346765280883 -0.4422238474109885 -0.6142344669760043 -0.2888727477711563 
-0.5607603981325679 0.2976822294421455 -0.08818934723272416 0.6158816060441119 
-0.08818934723272416 0.6158816060441119 0.3898693131686579 0.240203957558944 
-0.2198381799849906 0.1563195955023319 0.0338113156343249 0.3116454413334335 
0.0338113156343249 0.3116454413334335 0.2717210224732694 0.116806772325479 
-0.08818934723272416 0.6158816060441119 0.0338113156343249 0.3116454413334335 
-0.5607603981325679 0.2976822294421455 -0.2198381799849906 0.1563195955023319 
0.3898693131686579 0.240203957558944 0.2717210224732694 0.116806772325479 
-0.08951086281944852 -0.3752042632656722 0.1076761328359761 -0.4076469665019922 
0.1076761328359761 -0.4076469665019922 0.1595607594654838 0.09950461687779218 
0.1595607594654838 0.09950461687779218 -0.04071248452457601 0.1164213805041072 
-0.04071248452457601 0.1164213805041072 -0.08951086281944852 -0.3752042632656722 
-0.4278659391821872 -0.08515825476205957 -0.251982404977981 -0.107053971472362 
-0.251982404977981 -0.107053971472362 -0.2289075178739064 0.1323179168131465 
-0.2289075178739064 0.1323179168131465 -0.4060849884746674 0.1472838170519733 
-0.4060849884746674 0.1472838170519733 -0.4278659391821872 -0.08515825476205957 
