0 0 0 1 0.3996084233086779 -0.6307578978394497 
0 0 6.5 1 0.3562169280651983 -0.09281677738581871 
10 0 0 1 -0.3143447236483977 -0.5534638238131833 
10 0 6.5 1 -0.2935984597589332 -0.1184679689672048 
10 10 0 1 -0.070003701647337 -0.417019614464282 
10 10 6.5 1 -0.06907041704751599 -0.1475866280716588 
0 10 0 1 0.3655984037846386 -0.4418872952833992 
0 10 6.5 1 0.3420082873630804 -0.1362630080814014 
0 5 10 1 0.3325398232556178 0.06754215513545347 
10 5 10 1 -0.1529302353322331 0.02654104205725944 
0 6 0 1 0.37488338084178 -0.4934503121838119 
0 8 0 1 0.3697966073062084 -0.4652015197345604 
0 8 5 1 0.3495334306271251 -0.2041748633596689 
0 6 5 1 0.3523200555033036 -0.2047667965786878 
0 2 2.5 1 0.374072363057563 -0.3832779827124971 
0 4 2.5 1 0.3680652542988121 -0.3620453123198094 
0 4 5 1 0.3557274832112767 -0.2054906003705066 
0 2 5 1 0.3599891717742071 -0.2063958657512459 
0.5 0.5 -0.5 1 0.3577030733171711 -0.6539826019602516 
0.5 0.5 6 1 0.3198067059176849 -0.1338882466175278 
10.5 0.5 -0.5 1 -0.3246076156230397 -0.574868444775345 
10.5 0.5 6 1 -0.3037131928800271 -0.1515849350020867 
10.5 10.5 -0.5 1 -0.08147092604413957 -0.4332007051117663 
10.5 10.5 6 1 -0.07999279100428199 -0.1682837292626713 
0.5 10.5 -0.5 1 0.3423625407388984 -0.4596462704543364 
0.5 10.5 6 1 0.3205814778996892 -0.1598242118585949 
0.5 5.5 9.5 1 0.3069270259400182 0.03363718206591776 
10.5 5.5 9.5 1 -0.1638663240546165 -0.001926832877847433 
0.5 6.5 -0.5 1 0.3466058097815543 -0.5134006844640749 
0.5 8.5 -0.5 1 0.3442863515093921 -0.4840174143987682 
0.5 8.5 4.5 1 0.3257165874307843 -0.2284987858721144 
0.5 6.5 4.5 1 0.3261054167701937 -0.2314471806874434 
0.5 2.5 2 1 0.3396782841733168 -0.4113630568253723 
0.5 4.5 2 1 0.337681567792132 -0.3876567978415541 
0.5 4.5 4.5 1 0.326578289947105 -0.2350328587261196 
0.5 2.5 4.5 1 0.3271657572015127 -0.2394874747530436 
