0.1439604067692743 -0.4156888462270365 0.1471238397377573 -0.1240455527133649 
0.6304829170715091 -0.5588472035736679 0.5980292667757263 -0.1062498135466287 
0.111201682778756 -0.76660368652188 0.1227039095717062 -0.02822345592884065 
-0.2920879237390294 -0.4749961040940506 -0.2588616809177718 -0.08661263067159808 
0.1439604067692743 -0.4156888462270365 0.6304829170715091 -0.5588472035736679 
0.6304829170715091 -0.5588472035736679 0.111201682778756 -0.76660368652188 
0.111201682778756 -0.76660368652188 -0.2920879237390294 -0.4749961040940506 
-0.2920879237390294 -0.4749961040940506 0.1439604067692743 -0.4156888462270365 
0.1471238397377573 -0.1240455527133649 -0.02096639945322477 0.05608922832945071 
-0.02096639945322477 0.05608922832945071 -0.2588616809177718 -0.08661263067159808 
0.5980292667757263 -0.1062498135466287 0.4035738920679193 0.1847377975084477 
0.4035738920679193 0.1847377975084477 0.1227039095717062 -0.02822345592884065 
-0.02096639945322477 0.05608922832945071 0.4035738920679193 0.1847377975084477 
0.1471238397377573 -0.1240455527133649 0.5980292667757263 -0.1062498135466287 
-0.2588616809177718 -0.08661263067159808 0.1227039095717062 -0.02822345592884065 
-0.0862762309547076 -0.4470035026276541 -0.1826143133088751 -0.4601065168874082 
-0.1826143133088751 -0.4601065168874082 -0.1635853033424086 -0.1758306182914432 
-0.1635853033424086 -0.1758306182914432 -0.07277742616904262 -0.1796002823918414 
-0.07277742616904262 -0.1796002823918414 -0.0862762309547076 -0.4470035026276541 
0.07820567854129386 -0.3029693502548065 0.003778861953493924 -0.3063597422165242 
0.003778861953493924 -0.3063597422165242 0.008199498785479525 -0.1829618388609891 
0.008199498785479525 -0.1829618388609891 0.08085995494993518 -0.1859781577272343 
0.08085995494993518 -0.1859781577272343 0.07820567854129386 -0.3029693502548065 
