0 0 0 1 -0.6988315448682019 -0.4598488821366084 
0 0 6.5 1 -0.6202719085609855 0.07760864119117966 
10 0 0 1 -0.2446651253084122 -0.30899026691832 
10 0 6.5 1 -0.2118152791060085 -0.006850516966604213 
10 10 0 1 0.2332241915615224 -0.3942530856107879 
10 10 6.5 1 0.2570075499873339 -0.03831494712454547 
0 10 0 1 0.1302312218463519 -0.6920778615980071 
0 10 6.5 1 0.1844755657787045 0.04306137267417576 
0 5 10 1 -0.241051978921688 0.3708649270054854 
10 5 10 1 0.01934711593775565 0.1471093699390039 
0 6 0 1 -0.2645528337625468 -0.5814948007942982 
0 8 0 1 -0.08054156579893285 -0.6330382432020802 
0 8 5 1 -0.03146874137952959 -0.09917784964650016 
0 6 5 1 -0.2106869809491747 -0.08227215235080572 
0 2 2.5 1 -0.5400346794087306 -0.2706519363382959 
0 4 2.5 1 -0.3973963997450569 -0.2969406042822889 
0 4 5 1 -0.3693609357193551 -0.06730440211234323 
0 2 5 1 -0.5108316800512203 -0.05395943462681184 
0.5 0.5 -0.5 1 -0.6354953108244281 -0.4973338310626821 
0.5 0.5 6 1 -0.5614424040036425 0.03047853588685161 
10.5 0.5 -0.5 1 -0.2146287297513767 -0.33198738999906 
10.5 0.5 6 1 -0.1829538387848898 -0.03291415158427012 
10.5 10.5 -0.5 1 0.2614648303716197 -0.4199674681276931 
10.5 10.5 6 1 0.2840594124217495 -0.06828681041875624 
0.5 10.5 -0.5 1 0.1911472048467293 -0.7358490435177653 
0.5 10.5 6 1 0.240218149575145 -0.01872661470087725 
0.5 5.5 9.5 1 -0.1845526398248114 0.3116097230562083 
10.5 5.5 9.5 1 0.04700108465079632 0.1174719940378978 
0.5 6.5 -0.5 1 -0.2008361374034448 -0.6227481705488189 
0.5 8.5 -0.5 1 -0.01775965431399543 -0.6755721245940041 
0.5 8.5 4.5 1 0.02725440101327483 -0.1540900410794571 
0.5 6.5 4.5 1 -0.1509472621504211 -0.1343536382220097 
0.5 2.5 2 1 -0.4780969094368901 -0.3137815418826049 
0.5 4.5 2 1 -0.3353701189593853 -0.3418964065188796 
0.5 4.5 4.5 1 -0.3092051150902501 -0.1168260759898551 
0.5 2.5 4.5 1 -0.4506898121910752 -0.1011561942919458 
