0.02678539830794351 -0.2204027213751655 0.05205708883302607 0.03567099531883576 
0.4526149877483035 -0.3212676533784316 0.4823067082418925 0.01126635796369263 
0.2703389978012901 -0.4866922712912276 0.3234357983214513 0.08492015195464593 
-0.2968345078305925 -0.2816289656985607 -0.2569664573230488 0.09610567767381971 
0.02678539830794351 -0.2204027213751655 0.4526149877483035 -0.3212676533784316 
0.4526149877483035 -0.3212676533784316 0.2703389978012901 -0.4866922712912276 
0.2703389978012901 -0.4866922712912276 -0.2968345078305925 -0.2816289656985607 
-0.2968345078305925 -0.2816289656985607 0.02678539830794351 -0.2204027213751655 
0.05205708883302607 0.03567099531883576 -0.05638767519352957 0.2227990264006899 
-0.05638767519352957 0.2227990264006899 -0.2569664573230488 0.09610567767381971 
0.4823067082418925 0.01126635796369263 0.4439753589928849 0.2616802755105625 
0.4439753589928849 0.2616802755105625 0.3234357983214513 0.08492015195464593 
-0.05638767519352957 0.2227990264006899 0.4439753589928849 0.2616802755105625 
0.05205708883302607 0.03567099531883576 0.4823067082418925 0.01126635796369263 
-0.2569664573230488 0.09610567767381971 0.3234357983214513 0.08492015195464593 
-0.1362724056895563 -0.2512519267454726 -0.2095611056097725 -0.2651175504674518 
-0.2095611056097725 -0.2651175504674518 -0.1819973245905139 0.0006906888895150767 
-0.1819973245905139 0.0006906888895150767 -0.111292549422275 -0.006701005054930575 
-0.111292549422275 -0.006701005054930575 -0.1362724056895563 -0.2512519267454726 
-0.009528555764180572 -0.1236099628690542 -0.06241308659130049 -0.1259447272316176 
-0.06241308659130049 -0.1259447272316176 -0.05102578687905956 -0.01300147716140493 
-0.05102578687905956 -0.01300147716140493 0.0009554923014118861 -0.01843575943765246 
0.0009554923014118861 -0.01843575943765246 -0.009528555764180572 -0.1236099628690542 
