0 0 0 1 0.1266704866562047 -0.419806494913186 
0 0 6.5 1 0.1343069017501184 -0.1313192153351549 
10 0 0 1 0.6085152770801081 -0.5689749607384269 
10 0 6.5 1 0.5862565355073656 -0.1298106259631422 
10 10 0 1 0.1382186081615447 -0.793177615090912 
10 10 6.5 1 0.1551476460974246 -0.06296733559555236 
0 10 0 1 -0.2984612402767278 -0.4849864817122356 
0 10 6.5 1 -0.2614915488361262 -0.09429412272420461 
0 5 10 1 -0.02571284024053466 0.04885283088213444 
10 5 10 1 0.4149856353982039 0.1538199895067671 
0 6 0 1 -0.09607543044608907 -0.4539572651721182 
0 8 0 1 -0.1904208858507433 -0.4684220419653962 
0 8 5 1 -0.1683880665874931 -0.1839123605394809 
0 6 5 1 -0.07944838238359407 -0.1873255520616791 
0 2 2.5 1 0.06525817438469089 -0.3091542167926137 
0 4 2.5 1 -0.006700148402501455 -0.313179013139899 
0 4 5 1 -0.0006793574075055946 -0.1903484295394521 
0 2 5 1 0.06956924435129858 -0.1930443232129639 
0.5 0.5 -0.5 1 0.126265733359185 -0.4514647178780006 
0.5 0.5 6 1 0.1341795819805724 -0.1517025385647017 
10.5 0.5 -0.5 1 0.6344111028050012 -0.6263027591276857 
10.5 0.5 6 1 0.609118571839704 -0.1605336598696627 
10.5 10.5 -0.5 1 0.1382321009990218 -0.9149260387378507 
10.5 10.5 6 1 0.156590200680231 -0.1082181326018688 
0.5 10.5 -0.5 1 -0.3198457677665166 -0.5318889517022932 
0.5 10.5 6 1 -0.2797777569333679 -0.120231994305789 
0.5 5.5 9.5 1 -0.03189127178734007 0.03287334790641644 
10.5 5.5 9.5 1 0.4317760776886825 0.1344983665346627 
0.5 6.5 -0.5 1 -0.1060300303280603 -0.4933426088716952 
0.5 8.5 -0.5 1 -0.2053744285341409 -0.5112522504978326 
0.5 8.5 4.5 1 -0.1816702851274743 -0.2123599569940013 
0.5 6.5 4.5 1 -0.08828101641791453 -0.2141164906988882 
0.5 2.5 2 1 0.06257931318403374 -0.3379081546431518 
0.5 4.5 2 1 -0.01234914265397811 -0.3438336685873881 
0.5 4.5 4.5 1 -0.005979134738401289 -0.2156644847151523 
0.5 2.5 4.5 1 0.06709920005680449 -0.2170389955121476 
