-0.2535285268489177 -0.03265496101645066 -0.2819548045777419 0.2378444693442599 
0.1407160673070206 0.002088544410071316 0.1292037854594767 0.259385034328562 
0.3164257719131882 -0.08293865432226727 0.3087567128542364 0.3354153781159214 
-0.323383655389354 -0.1484565327494575 -0.3769239989271336 0.3059737079624468 
-0.2535285268489177 -0.03265496101645066 0.1407160673070206 0.002088544410071316 
0.1407160673070206 0.002088544410071316 0.3164257719131882 -0.08293865432226727 
0.3164257719131882 -0.08293865432226727 -0.323383655389354 -0.1484565327494575 
-0.323383655389354 -0.1484565327494575 -0.2535285268489177 -0.03265496101645066 
-0.2819548045777419 0.2378444693442599 -0.3387010417121121 0.46062765533246 
-0.3387010417121121 0.46062765533246 -0.3769239989271336 0.3059737079624468 
0.1292037854594767 0.259385034328562 0.1906217241003815 0.4728316553494045 
0.1906217241003815 0.4728316553494045 0.3087567128542364 0.3354153781159214 
-0.3387010417121121 0.46062765533246 0.1906217241003815 0.4728316553494045 
-0.2819548045777419 0.2378444693442599 0.1292037854594767 0.259385034328562 
-0.3769239989271336 0.3059737079624468 0.3087567128542364 0.3354153781159214 
-0.2866522402195101 -0.08756543287576217 -0.3028666979509556 -0.1144447720070742 
-0.3028666979509556 -0.1144447720070742 -0.3374617807870787 0.1889347330450545 
-0.3374617807870787 0.1889347330450545 -0.3167921022493241 0.1837983180117126 
-0.3167921022493241 0.1837983180117126 -0.2866522402195101 -0.08756543287576217 
-0.2744117032695738 0.06236543977861322 -0.2866080174811095 0.05467722098495664 
-0.2866080174811095 0.05467722098495664 -0.3001931618625304 0.1796734813924812 
-0.3001931618625304 0.1796734813924812 -0.2865702090644464 0.176288177677052 
-0.2865702090644464 0.176288177677052 -0.2744117032695738 0.06236543977861322 
