0.258349579996126 -0.09082624918275033 0.2511280119404387 0.2731683847174628 
-0.1153521213983728 -0.3134078546388152 -0.1690524359245203 0.3285102994571591 
-0.559654093595216 -0.1713974775987202 -0.6221369906084533 0.2319023503110979 
-0.1340378263330458 -0.04929457078769523 -0.1566938327924323 0.2233237474415726 
0.258349579996126 -0.09082624918275033 -0.1153521213983728 -0.3134078546388152 
-0.1153521213983728 -0.3134078546388152 -0.559654093595216 -0.1713974775987202 
-0.559654093595216 -0.1713974775987202 -0.1340378263330458 -0.04929457078769523 
-0.1340378263330458 -0.04929457078769523 0.258349579996126 -0.09082624918275033 
0.2511280119404387 0.2731683847174628 0.007125779465058158 0.4258594385413348 
0.007125779465058158 0.4258594385413348 -0.1566938327924323 0.2233237474415726 
-0.1690524359245203 0.3285102994571591 -0.4883897739428565 0.5707322293814009 
-0.4883897739428565 0.5707322293814009 -0.6221369906084533 0.2319023503110979 
0.007125779465058158 0.4258594385413348 -0.4883897739428565 0.5707322293814009 
0.2511280119404387 0.2731683847174628 -0.1690524359245203 0.3285102994571591 
-0.1566938327924323 0.2233237474415726 -0.6221369906084533 0.2319023503110979 
-0.002692126829552899 -0.06319666668160992 -0.0717525311619181 -0.05588706791187228 
-0.0717525311619181 -0.05588706791187228 -0.08772549991205164 0.162562870441696 
-0.08772549991205164 0.162562870441696 -0.01698848554975271 0.1673048968249859 
-0.01698848554975271 0.1673048968249859 -0.002692126829552899 -0.06319666668160992 
0.1561909207556596 0.04638392705342107 0.06837730571538628 0.04826757793078357 
0.06837730571538628 0.04826757793078357 0.06220741435785437 0.1726139850045743 
0.06220741435785437 0.1726139850045743 0.1514759877515648 0.1785983191477077 
0.1514759877515648 0.1785983191477077 0.1561909207556596 0.04638392705342107 
