0 0 0 1 -0.7215688874946363 -0.5743513592678279 
0 0 6.5 1 -0.638215440582367 -0.05583626976352698 
10 0 0 1 -0.2300731515168821 -0.4071562885188993 
10 0 6.5 1 -0.2004348866562606 -0.1038648518839312 
10 10 0 1 0.2402303296435273 -0.5066801248930018 
10 10 6.5 1 0.2528366859201284 -0.1299984174142124 
0 10 0 1 0.01290056223172894 -0.8635042257015084 
0 10 6.5 1 0.06031627923859659 -0.08598998648138328 
0 5 10 1 -0.3170786381622173 0.2266993867178702 
10 5 10 1 0.01484278031032336 0.05301784604094632 
0 6 0 1 -0.3534861108446833 -0.719261661517778 
0 8 0 1 -0.1867371587369364 -0.7849089631104186 
0 8 5 1 -0.1382075481317505 -0.2294319450425507 
0 6 5 1 -0.2976555403961339 -0.210856181066323 
0 2 2.5 1 -0.5835647670323917 -0.3920626169640068 
0 4 2.5 1 -0.4636312269906164 -0.4218426125194567 
0 4 5 1 -0.4343259351250031 -0.1949340176137296 
0 2 5 1 -0.5527741235753175 -0.1811347495212441 
0.5 0.5 -0.5 1 -0.6623785703093032 -0.611954848548981 
0.5 0.5 6 1 -0.5841075426680687 -0.09749887830588196 
10.5 0.5 -0.5 1 -0.1994175846257781 -0.4304645804113547 
10.5 0.5 6 1 -0.1712582623557875 -0.128547110395505 
10.5 10.5 -0.5 1 0.2734481907768758 -0.5344846021234353 
10.5 10.5 6 1 0.2842771127914775 -0.1599475511638911 
0.5 10.5 -0.5 1 0.08578101500320821 -0.9134058843428413 
0.5 10.5 6 1 0.1252216745283845 -0.1452642879084283 
0.5 5.5 9.5 1 -0.2605521084465568 0.1755377363375834 
10.5 5.5 9.5 1 0.04441791938876444 0.02520547541825736 
0.5 6.5 -0.5 1 -0.286177312273567 -0.7635351545801541 
0.5 8.5 -0.5 1 -0.1165836898337961 -0.8318684007914513 
0.5 8.5 4.5 1 -0.07383123340711657 -0.2826373973342247 
0.5 6.5 4.5 1 -0.2356174106664803 -0.2603294275816446 
0.5 2.5 2 1 -0.5240532753409635 -0.4337062279901103 
0.5 4.5 2 1 -0.4016290380057851 -0.4660543134525061 
0.5 4.5 4.5 1 -0.3746335527165532 -0.2411611157733878 
0.5 2.5 4.5 1 -0.4953706590896722 -0.2245132181432478 
