0.2767999687803854 -0.2479575398209544 0.2435152557730575 0.0737168144816966 
0.5704502037750528 -0.4784765848467533 0.5019616916361478 0.1612254951937011 
-0.4245479180030594 -0.5891558793368279 -0.4858286521575354 0.06495094547202386 
-0.2208241548060882 -0.30053819559447 -0.2522992040355798 0.02473872874464348 
0.2767999687803854 -0.2479575398209544 0.5704502037750528 -0.4784765848467533 
0.5704502037750528 -0.4784765848467533 -0.4245479180030594 -0.5891558793368279 
-0.4245479180030594 -0.5891558793368279 -0.2208241548060882 -0.30053819559447 
-0.2208241548060882 -0.30053819559447 0.2767999687803854 -0.2479575398209544 
0.2435152557730575 0.0737168144816966 -0.02042381155524106 0.2223756231856537 
-0.02042381155524106 0.2223756231856537 -0.2522992040355798 0.02473872874464348 
0.5019616916361478 0.1612254951937011 -0.02131950991634548 0.4572919300737818 
-0.02131950991634548 0.4572919300737818 -0.4858286521575354 0.06495094547202386 
-0.02042381155524106 0.2223756231856537 -0.02131950991634548 0.4572919300737818 
0.2435152557730575 0.0737168144816966 0.5019616916361478 0.1612254951937011 
-0.2522992040355798 0.02473872874464348 -0.4858286521575354 0.06495094547202386 
-0.02052147285009698 -0.2793735336111774 -0.1204622185144082 -0.2899336123863987 
-0.1204622185144082 -0.2899336123863987 -0.1449818201228566 -0.04003010666129692 
-0.1449818201228566 -0.04003010666129692 -0.04532224825725426 -0.03002779880599288 
-0.04532224825725426 -0.03002779880599288 -0.02052147285009698 -0.2793735336111774 
0.1654082453626013 -0.1340610504896559 0.06644018720415613 -0.1442556480514983 
0.06644018720415613 -0.1442556480514983 0.05392134186888334 -0.02006724085330659 
0.05392134186888334 -0.02006724085330659 0.1527515493097861 -0.01014817194981417 
0.1527515493097861 -0.01014817194981417 0.1654082453626013 -0.1340610504896559 
