-0.6384742073084364 -0.3139520061799416 -0.5772059282688864 0.2574545031594 
-0.2489419072797776 -0.182722827013328 -0.217442650475774 0.1235395726926372 
0.2358484629505281 -0.2515511712879783 0.2686852439442886 0.08653235826135663 
0.2741450840506036 -0.4831304897637992 0.3409766972518747 0.2099947927385396 
-0.6384742073084364 -0.3139520061799416 -0.2489419072797776 -0.182722827013328 
-0.2489419072797776 -0.182722827013328 0.2358484629505281 -0.2515511712879783 
0.2358484629505281 -0.2515511712879783 0.2741450840506036 -0.4831304897637992 
0.2741450840506036 -0.4831304897637992 -0.6384742073084364 -0.3139520061799416 
-0.5772059282688864 0.2574545031594 -0.1277255059480871 0.5695201955676368 
-0.1277255059480871 0.5695201955676368 0.3409766972518747 0.2099947927385396 
-0.217442650475774 0.1235395726926372 0.03094276210482357 0.2780028286328428 
0.03094276210482357 0.2780028286328428 0.2686852439442886 0.08653235826135663 
-0.1277255059480871 0.5695201955676368 0.03094276210482357 0.2780028286328428 
-0.5772059282688864 0.2574545031594 -0.217442650475774 0.1235395726926372 
0.3409766972518747 0.2099947927385396 0.2686852439442886 0.08653235826135663 
-0.1337706345403751 -0.4075123614219433 0.06187830864136452 -0.4437811449504838 
0.06187830864136452 -0.4437811449504838 0.1125598545871584 0.06851817230725428 
0.1125598545871584 0.06851817230725428 -0.08394303947977642 0.0846409352340359 
-0.08394303947977642 0.0846409352340359 -0.1337706345403751 -0.4075123614219433 
-0.458350846387498 -0.1141339100952325 -0.2901338942581524 -0.1365568806241731 
-0.2901338942581524 -0.1365568806241731 -0.2657231773106062 0.09955571845369587 
-0.2657231773106062 0.09955571845369587 -0.4343754402609352 0.1133933795503674 
-0.4343754402609352 0.1133933795503674 -0.458350846387498 -0.1141339100952325 
