-0.4306234977535777 -0.3775537612997802 -0.4263830499483583 0.2604411610441589 
-0.2524629803484822 -0.1209765817886599 -0.2417652574523863 0.2044085592463644 
0.2295965427231839 -0.1445148374630791 0.2623844778296811 0.1680377041601248 
0.489102353468778 -0.405241571494704 0.5773013978017096 0.1850054993596589 
-0.4306234977535777 -0.3775537612997802 -0.2524629803484822 -0.1209765817886599 
-0.2524629803484822 -0.1209765817886599 0.2295965427231839 -0.1445148374630791 
0.2295965427231839 -0.1445148374630791 0.489102353468778 -0.405241571494704 
0.489102353468778 -0.405241571494704 -0.4306234977535777 -0.3775537612997802 
-0.4263830499483583 0.2604411610441589 0.1244826450451631 0.6023696852001295 
0.1244826450451631 0.6023696852001295 0.5773013978017096 0.1850054993596589 
-0.2417652574523863 0.2044085592463644 0.02775754465277671 0.370443119070875 
0.02775754465277671 0.370443119070875 0.2623844778296811 0.1680377041601248 
0.1244826450451631 0.6023696852001295 0.02775754465277671 0.370443119070875 
-0.4263830499483583 0.2604411610441589 -0.2417652574523863 0.2044085592463644 
0.5773013978017096 0.1850054993596589 0.2623844778296811 0.1680377041601248 
0.1359235048705388 -0.3946093282976107 0.3148358319802194 -0.3999953795301179 
0.3148358319802194 -0.3999953795301179 0.3700158570850687 0.05126587963382069 
0.3700158570850687 0.05126587963382069 0.1791915100162309 0.06347635406984915 
0.1791915100162309 0.06347635406984915 0.1359235048705388 -0.3946093282976107 
-0.228247533628977 -0.1555351455627203 -0.03302432752800884 -0.1646010349802168 
-0.03302432752800884 -0.1646010349802168 -0.01716007370407103 0.07604050550187567 
-0.01716007370407103 0.07604050550187567 -0.2192825681156441 0.08897392615216884 
-0.2192825681156441 0.08897392615216884 -0.228247533628977 -0.1555351455627203 
