0 0 0 1 0.3353032146391356 -0.6086475881165916 
0 0 6.5 1 0.3371321981438755 -0.126846657179724 
10 0 0 1 -0.3788347325741151 -0.545033581426791 
10 0 6.5 1 -0.3283760581945805 -0.09027236568813286 
10 10 0 1 -0.197950872817222 -0.3909164358579271 
10 10 6.5 1 -0.1747330845348894 -0.1203339408270085 
0 10 0 1 0.2215068958463609 -0.423026738177514 
0 10 6.5 1 0.2274676064724465 -0.1430763518560266 
0 5 10 1 0.2710747211497807 0.03840737689549983 
10 5 10 1 -0.2168269936720486 0.0596120041680384 
0 6 0 1 0.2532205886431886 -0.4747570812510348 
0 8 0 1 0.2359078993594788 -0.4465171862028883 
0 8 5 1 0.2404276203655776 -0.2089279019537244 
0 6 5 1 0.2574920196494729 -0.2129816226400311 
0 2 2.5 1 0.3025191754205458 -0.3842141449160529 
0 4 2.5 1 0.2763693034007045 -0.3603535491179726 
0 4 5 1 0.278225922784554 -0.2179070495858177 
0 2 5 1 0.3039555514025907 -0.2240192323849132 
0.5 0.5 -0.5 1 0.2892455573577431 -0.6285457705379139 
0.5 0.5 6 1 0.2942193620248407 -0.1596876321060067 
10.5 0.5 -0.5 1 -0.4009352452057762 -0.5658890968715705 
10.5 0.5 6 1 -0.3504432892395848 -0.1226475747228132 
10.5 10.5 -0.5 1 -0.2144968270889517 -0.4062283070778973 
10.5 10.5 6 1 -0.1910092879993159 -0.1397488887303018 
0.5 10.5 -0.5 1 0.1965868497691955 -0.4381996500115247 
0.5 10.5 6 1 0.2034872121071029 -0.1626456665288178 
0.5 5.5 9.5 1 0.2410572637318195 0.01073163703686635 
10.5 5.5 9.5 1 -0.2355520923563837 0.03243004029853677 
0.5 6.5 -0.5 1 0.2226624172899655 -0.4917659391091718 
0.5 8.5 -0.5 1 0.20845210133125 -0.4625740953570791 
0.5 8.5 4.5 1 0.2138562300490126 -0.2291035408852467 
0.5 6.5 4.5 1 0.2280280852100831 -0.2349860312874373 
0.5 2.5 2 1 0.264021720528944 -0.4073665506857616 
0.5 4.5 2 1 0.2426388058578934 -0.3816049182906247 
0.5 4.5 4.5 1 0.2451746802676378 -0.2421032844423654 
0.5 2.5 4.5 1 0.2663424602255446 -0.2508896614567254 
