0 0 0 1 0.2795738499915344 -0.2905511413330586 
0 0 6.5 1 0.32056370747805 0.1117661607119885 
10 0 0 1 -0.3761628059017438 -0.2690664223602217 
10 0 6.5 1 -0.3299502839745912 0.2000379113199068 
10 10 0 1 -0.3169054646649311 -0.1459905079151359 
10 10 6.5 1 -0.2897516291326334 0.1289748202119797 
0 10 0 1 0.08634339421586949 -0.1702602935167423 
0 10 6.5 1 0.1116100714477875 0.08032231215753668 
0 5 10 1 0.2086510592162241 0.2590777934213938 
10 5 10 1 -0.2861308888538994 0.3424247585752676 
0 6 0 1 0.1430440671051397 -0.2055578970245683 
0 8 0 1 0.1123814531057764 -0.1864696439878419 
0 8 5 1 0.1334258369214545 0.02194527118303987 
0 6 5 1 0.1659950955404435 0.02136437180587401 
0 2 2.5 1 0.2382402246274618 -0.1182354189342956 
0 4 2.5 1 0.1922940012024609 -0.1039277377124123 
0 4 5 1 0.2049207536264672 0.02067010084310912 
0 2 5 1 0.252264857379118 0.01982568001351258 
0.5 0.5 -0.5 1 0.233852639342159 -0.310395442573354 
0.5 0.5 6 1 0.2738142766601173 0.08269416664933101 
10.5 0.5 -0.5 1 -0.4118971821854367 -0.2926761948094175 
10.5 0.5 6 1 -0.366994069074067 0.1639300663770197 
10.5 10.5 -0.5 1 -0.3390203173439771 -0.1619184794017742 
10.5 10.5 6 1 -0.3123237318502924 0.1087050074910909 
0.5 10.5 -0.5 1 0.06038175624204439 -0.1844520702310254 
0.5 10.5 6 1 0.08525329023623036 0.06251952034007149 
0.5 5.5 9.5 1 0.1745312001114487 0.234035378224196 
10.5 5.5 9.5 1 -0.314580802765064 0.3127249427357256 
0.5 6.5 -0.5 1 0.1115952265977401 -0.2216340863174238 
0.5 8.5 -0.5 1 0.08393229485311478 -0.2015502379474176 
0.5 8.5 4.5 1 0.1046208598325373 0.003621123113198262 
0.5 6.5 4.5 1 0.1341237961192052 0.00144829696278459 
0.5 2.5 2 1 0.1981701429937496 -0.1395070950696256 
0.5 4.5 2 1 0.1569068560417186 -0.1234271077895169 
0.5 4.5 4.5 1 0.1692784359170157 -0.00114076467904171 
0.5 2.5 4.5 1 0.2118808011567365 -0.004278334864019203 
