0.3972305234351654 -0.4877137338409551 0.3321004539565223 0.06813674906588714 
-0.262054439444168 -0.4260516986136703 -0.2712348507610803 -0.02584675431776726 
0.02368580300933755 -0.3179217476823948 0.006664874544255144 -0.05707574660286829 
0.463906457661818 -0.3277967265856926 0.4225322221664583 -0.008780765203104215 
0.3972305234351654 -0.4877137338409551 -0.262054439444168 -0.4260516986136703 
-0.262054439444168 -0.4260516986136703 0.02368580300933755 -0.3179217476823948 
0.02368580300933755 -0.3179217476823948 0.463906457661818 -0.3277967265856926 
0.463906457661818 -0.3277967265856926 0.3972305234351654 -0.4877137338409551 
0.3321004539565223 0.06813674906588714 0.3641648280760058 0.2187692199431813 
0.3641648280760058 0.2187692199431813 0.4225322221664583 -0.008780765203104215 
-0.2712348507610803 -0.02584675431776726 -0.1117084797522588 0.1136631913425314 
-0.1117084797522588 0.1136631913425314 0.006664874544255144 -0.05707574660286829 
0.3641648280760058 0.2187692199431813 -0.1117084797522588 0.1136631913425314 
0.3321004539565223 0.06813674906588714 -0.2712348507610803 -0.02584675431776726 
0.4225322221664583 -0.008780765203104215 0.006664874544255144 -0.05707574660286829 
0.4456133810761442 -0.3716712383567312 0.4556268120042563 -0.3476548083666005 
0.4556268120042563 -0.3476548083666005 0.4208533963450717 -0.076213563905703 
0.4208533963450717 -0.076213563905703 0.4077951377462508 -0.0720018757000855 
0.4077951377462508 -0.0720018757000855 0.4456133810761442 -0.3716712383567312 
0.3941073966483316 -0.2442933013694133 0.4120294836121899 -0.229922285233666 
0.4120294836121899 -0.229922285233666 0.3918308050847847 -0.06685288963337353 
0.3918308050847847 -0.06685288963337353 0.3718688293964196 -0.06041454129379462 
0.3718688293964196 -0.06041454129379462 0.3941073966483316 -0.2442933013694133 
