-0.2126319246673438 -0.01070458395666619 -0.2339038928063249 0.2541115137565395 
0.1796825346618748 0.008332033295917932 0.1776768198616319 0.2696113218439531 
0.3222616947148484 -0.09985142065969621 0.3303900877609986 0.3278743033064382 
-0.3161478692224494 -0.133902431382454 -0.3606670863906656 0.3033676821993586 
-0.2126319246673438 -0.01070458395666619 0.1796825346618748 0.008332033295917932 
0.1796825346618748 0.008332033295917932 0.3222616947148484 -0.09985142065969621 
0.3222616947148484 -0.09985142065969621 -0.3161478692224494 -0.133902431382454 
-0.3161478692224494 -0.133902431382454 -0.2126319246673438 -0.01070458395666619 
-0.2339038928063249 0.2541115137565395 -0.298263412220458 0.4674416242857531 
-0.298263412220458 0.4674416242857531 -0.3606670863906656 0.3033676821993586 
0.1776768198616319 0.2696113218439531 0.2353199736029587 0.4828434814091091 
0.2353199736029587 0.4828434814091091 0.3303900877609986 0.3278743033064382 
-0.298263412220458 0.4674416242857531 0.2353199736029587 0.4828434814091091 
-0.2339038928063249 0.2541115137565395 0.1776768198616319 0.2696113218439531 
-0.3606670863906656 0.3033676821993586 0.3303900877609986 0.3278743033064382 
-0.2621296173039883 -0.06961347196987136 -0.2860866506128317 -0.0981255523748976 
-0.2860866506128317 -0.0981255523748976 -0.314028044699475 0.1945465058667605 
-0.314028044699475 0.1945465058667605 -0.2859157957305972 0.1932846385970517 
-0.2859157957305972 0.1932846385970517 -0.2621296173039883 -0.06961347196987136 
-0.2352444435853766 0.08002844337698031 -0.2526782514783592 0.07035919066095568 
-0.2526782514783592 0.07035919066095568 -0.2632162621465533 0.1922657304869581 
-0.2632162621465533 0.1922657304869581 -0.2445034796836498 0.1914257746463114 
-0.2445034796836498 0.1914257746463114 -0.2352444435853766 0.08002844337698031 
