0 0 0 1 0.3011488761475479 -0.4124925462802318 
0 0 6.5 1 0.3266604626777871 0.01822378371003622 
10 0 0 1 -0.3818399108202004 -0.3666517711281494 
10 0 6.5 1 -0.3277105535514745 0.08345117292975132 
10 10 0 1 -0.2583543396755972 -0.2506903269188248 
10 10 6.5 1 -0.2289164416777046 0.01593570243271771 
0 10 0 1 0.1483265277003013 -0.2816302285167034 
0 10 6.5 1 0.1674491201062232 -0.02192178330427284 
0 5 10 1 0.2391499502546155 0.1601205701319307 
10 5 10 1 -0.2462711768140396 0.2133430070164259 
0 6 0 1 0.1920288203760318 -0.3190526563830067 
0 8 0 1 0.1682814256586424 -0.2987176782522677 
0 8 5 1 0.1839388960153566 -0.08043881204610101 
0 6 5 1 0.208635062340615 -0.08004016900445036 
0 2 2.5 1 0.2657226757566054 -0.2245417827014214 
0 4 2.5 1 0.2296845202148844 -0.2100353303902974 
0 4 5 1 0.2383955107880303 -0.0795597788283512 
0 2 5 1 0.2749559563128353 -0.07896962378095804 
0.5 0.5 -0.5 1 0.2551819409211254 -0.4332910967249047 
0.5 0.5 6 1 0.2817400293161221 -0.01299271251565765 
10.5 0.5 -0.5 1 -0.4107485462564937 -0.3897864584498998 
10.5 0.5 6 1 -0.3569665015723406 0.04896235331818735 
10.5 10.5 -0.5 1 -0.2776568834301871 -0.2664268001129946 
10.5 10.5 6 1 -0.2482488457290948 -0.00382303162788135 
0.5 10.5 -0.5 1 0.1229158687347442 -0.2964056366623046 
0.5 10.5 6 1 0.142314608889164 -0.04051732251699078 
0.5 5.5 9.5 1 0.2071168686425907 0.1339036268936084 
10.5 5.5 9.5 1 -0.2696330698562718 0.1851176155459091 
0.5 6.5 -0.5 1 0.1610329749144186 -0.3358539814223068 
0.5 8.5 -0.5 1 0.1403499313001624 -0.314448583243984 
0.5 8.5 4.5 1 0.156270683578198 -0.0996752940753612 
0.5 6.5 4.5 1 0.1779726749573485 -0.1010391144513928 
0.5 2.5 2 1 0.226383931731381 -0.2471523515653286 
0.5 4.5 2 1 0.1951044960591584 -0.2306570839019756 
0.5 4.5 4.5 1 0.2040317352679529 -0.1026767465382796 
0.5 2.5 4.5 1 0.2359064214979687 -0.1046798505760904 
