0 0 0 1 0.06452531925507725 -0.2698464865358183 
0 0 6.5 1 0.02555983612361622 0.4101478463340164 
10 0 0 1 -0.2437880332821583 -0.09337671067061652 
10 0 6.5 1 -0.2811982647986575 0.266799926635734 
10 10 0 1 0.1706791050090121 -0.01706898887813984 
10 10 6.5 1 0.1597214802762715 0.266169468332813 
0 10 0 1 0.6101668556534431 -0.09143917560085366 
0 10 6.5 1 0.6234072888834085 0.3578676195826948 
0 5 10 1 0.3880461160400266 0.709783941106782 
10 5 10 1 -0.0454548984124424 0.4504681157583978 
0 6 0 1 0.4424300984202024 -0.1462837242773775 
0 8 0 1 0.5323059637700772 -0.1168971941373452 
0 8 5 1 0.53864077118077 0.2475183502736223 
0 6 5 1 0.4437303027628264 0.2461704672075125 
0 2 2.5 1 0.206070630813133 0.002505645512317773 
0 4 2.5 1 0.3347952999297314 0.02507784861988998 
0 4 5 1 0.3318812008298776 0.2445820279871817 
0 2 5 1 0.198114633543541 0.2426823251002155 
0.5 0.5 -0.5 1 0.07864416278590618 -0.2860749321800912 
0.5 0.5 6 1 0.04409833599015259 0.3399895920581452 
10.5 0.5 -0.5 1 -0.223861313741068 -0.1093350621926874 
10.5 0.5 6 1 -0.2586576746709105 0.2351611467745366 
10.5 10.5 -0.5 1 0.1736496649843861 -0.03208776722688722 
10.5 10.5 6 1 0.1631713040560588 0.2413748752085231 
0.5 10.5 -0.5 1 0.5938052959904614 -0.1109989595154104 
0.5 10.5 6 1 0.6052838999732532 0.3141825759091331 
0.5 5.5 9.5 1 0.3802819443049125 0.6322911754653686 
10.5 5.5 9.5 1 -0.03387061165600392 0.4151072507275427 
0.5 6.5 -0.5 1 0.432835537847641 -0.1657040511071367 
0.5 8.5 -0.5 1 0.5187923096476329 -0.1364918989084883 
0.5 8.5 4.5 1 0.5240570679969676 0.2073272573307302 
0.5 6.5 4.5 1 0.4335020287443 0.2029547418981615 
0.5 2.5 2 1 0.2100682841151389 -0.03081200837185876 
0.5 4.5 2 1 0.3306592832280475 -0.006907420953481428 
0.5 4.5 4.5 1 0.3277970766140875 0.1978507019871558 
0.5 2.5 4.5 1 0.2027932667195434 0.1918148027991635 
