0.3965323266221817 -0.6488399747994714 0.356682493381274 -0.1122966193651629 
-0.321666006422234 -0.5692188086038003 -0.2974530200078722 -0.1297643881966876 
-0.08188253810700057 -0.426719432230498 -0.07867522436652848 -0.1561462966713892 
0.3531385449582275 -0.453499865561436 0.3321569393309463 -0.1490321379299729 
0.3965323266221817 -0.6488399747994714 -0.321666006422234 -0.5692188086038003 
-0.321666006422234 -0.5692188086038003 -0.08188253810700057 -0.426719432230498 
-0.08188253810700057 -0.426719432230498 0.3531385449582275 -0.453499865561436 
0.3531385449582275 -0.453499865561436 0.3965323266221817 -0.6488399747994714 
0.356682493381274 -0.1122966193651629 0.3279737085771026 0.05169378034748236 
0.3279737085771026 0.05169378034748236 0.3321569393309463 -0.1490321379299729 
-0.2974530200078722 -0.1297643881966876 -0.1587285430886869 0.01781184026574023 
-0.1587285430886869 0.01781184026574023 -0.07867522436652848 -0.1561462966713892 
0.3279737085771026 0.05169378034748236 -0.1587285430886869 0.01781184026574023 
0.356682493381274 -0.1122966193651629 -0.2974530200078722 -0.1297643881966876 
0.3321569393309463 -0.1490321379299729 -0.07867522436652848 -0.1561462966713892 
0.3649864056224237 -0.5068338297294764 0.3584956542887038 -0.4776152637057883 
0.3584956542887038 -0.4776152637057883 0.340395928914635 -0.2175427630815583 
0.340395928914635 -0.2175427630815583 0.344729779010736 -0.2191538767196834 
0.344729779010736 -0.2191538767196834 0.3649864056224237 -0.5068338297294764 
0.3694720842112969 -0.3999523043279473 0.3611734108762262 -0.3771766263593365 
0.3611734108762262 -0.3771766263593365 0.350029012984487 -0.2211238728980024 
0.350029012984487 -0.2211238728980024 0.3566566252884009 -0.2235876952117108 
0.3566566252884009 -0.2235876952117108 0.3694720842112969 -0.3999523043279473 
