0 0 0 1 0.2571954482117958 -0.1175981594390521 
0 0 6.5 1 0.2890066683836055 0.2576481349818939 
10 0 0 1 -0.2986634224553933 -0.2359944772562989 
10 0 6.5 1 -0.3120113196693894 0.317120168869705 
10 10 0 1 -0.4584068560310124 -0.05708259611518941 
10 10 6.5 1 -0.4762915760926448 0.2736560230889988 
0 10 0 1 -0.04104523695944255 -0.01426666642598817 
0 10 6.5 1 -0.03431430571834846 0.2434816953152106 
0 5 10 1 0.1047376471337731 0.4291188795111125 
10 5 10 1 -0.4270057188675215 0.5414103748525525 
0 6 0 1 0.05279499050159207 -0.04677950350811458 
0 8 0 1 0.002759142874205471 -0.02944357619644196 
0 8 5 1 0.009986325683037268 0.1795279631217618 
0 6 5 1 0.06271068969829105 0.1769494985774455 
0 2 2.5 1 0.1865185977713057 0.03697525987353209 
0 4 2.5 1 0.1170373830392453 0.05086092501686699 
0 4 5 1 0.1238849694699878 0.1739577941849608 
0 2 5 1 0.1957174727479971 0.1704448535114946 
0.5 0.5 -0.5 1 0.214717646196544 -0.1407716681666661 
0.5 0.5 6 1 0.2430528260478675 0.2279769825236019 
10.5 0.5 -0.5 1 -0.3506017338057793 -0.2675436772197531 
10.5 0.5 6 1 -0.3693139092674687 0.2714963802354362 
10.5 10.5 -0.5 1 -0.4882401492302239 -0.0781165722985023 
10.5 10.5 6 1 -0.5078037940456261 0.2475865497125525 
0.5 10.5 -0.5 1 -0.06793522303460389 -0.03114136327601696 
0.5 10.5 6 1 -0.06257559913861667 0.2235425173237179 
0.5 5.5 9.5 1 0.06843503431108322 0.4025689678295968 
10.5 5.5 9.5 1 -0.4693571636226405 0.5030106264899747 
0.5 6.5 -0.5 1 0.02122850281024731 -0.06572458359197084 
0.5 8.5 -0.5 1 -0.02628766948491144 -0.04729486635568523 
0.5 8.5 4.5 1 -0.02027936719017444 0.1590490736900059 
0.5 6.5 4.5 1 0.02970196211635368 0.1549917212898195 
0.5 2.5 2 1 0.1473716996305219 0.01344123868072505 
0.5 4.5 2 1 0.08164705689470186 0.02900633125891195 
0.5 4.5 4.5 1 0.08760835602764981 0.1502910330611964 
0.5 2.5 4.5 1 0.1554870208945478 0.1447808221956526 
