0 0 0 1 -0.1846630267241745 -0.01466820710186632 
0 0 6.5 1 -0.1999130583338756 0.2455877078015792 
10 0 0 1 0.2061765625874447 -0.007781519247363112 
10 0 6.5 1 0.2111365542645404 0.2550406300915916 
10 10 0 1 0.3245639368898195 -0.1366181818570193 
10 10 6.5 1 0.3432536859892873 0.2938119284486778 
0 10 0 1 -0.3092529544966902 -0.1460919380188276 
0 10 6.5 1 -0.3454795111351446 0.2774708180796699 
0 5 10 1 -0.2675681377625999 0.4489879716467896 
10 5 10 1 0.2658692673172083 0.4635150202397233 
0 6 0 1 -0.2446050557142027 -0.07789807832376772 
0 8 0 1 -0.2733744819458931 -0.1082455181153102 
0 8 5 1 -0.2954580487521831 0.1762414829664142 
0 6 5 1 -0.2629069048713446 0.1785158187648545 
0 2 2.5 1 -0.2078520192980217 0.0725808236606152 
0 4 2.5 1 -0.2285837089207169 0.06101103978351884 
0 4 5 1 -0.2364977707558158 0.1803610147230867 
0 2 5 1 -0.2146421283655584 0.1818880599804833 
0.5 0.5 -0.5 1 -0.1677466451249649 -0.03778926911655557 
0.5 0.5 6 1 -0.1823653897753945 0.2256276932420537 
10.5 0.5 -0.5 1 0.2295241673804429 -0.03098114780236663 
10.5 0.5 6 1 0.2358038552640456 0.2350686656499252 
10.5 10.5 -0.5 1 0.3660408054659248 -0.1781283256234686 
10.5 10.5 6 1 0.3890013075998071 0.2609728213777895 
0.5 10.5 -0.5 1 -0.2848644419446612 -0.1872980793657341 
0.5 10.5 6 1 -0.3199573043403324 0.2446422499055968 
0.5 5.5 9.5 1 -0.2461887731105121 0.4274381603539719 
10.5 5.5 9.5 1 0.2993014512201373 0.4420440413857954 
0.5 6.5 -0.5 1 -0.2238039099069258 -0.1093501692611924 
0.5 8.5 -0.5 1 -0.2508991537168146 -0.1439390855098852 
0.5 8.5 4.5 1 -0.2722008031991601 0.1454217863155485 
0.5 6.5 4.5 1 -0.2414123099188096 0.1510268434061545 
0.5 2.5 2 1 -0.1895333147004821 0.04852530839401845 
0.5 4.5 2 1 -0.2089444424187542 0.03447106080072407 
0.5 4.5 4.5 1 -0.216548271736419 0.1555533511584598 
0.5 2.5 4.5 1 -0.1960487589373653 0.1592852953793754 
