-0.7204592864054459 -0.5925648927495174 -0.6380305791176905 -0.08103396822561255 
-0.2224500896617226 -0.4263850235565711 -0.1946267316320683 -0.1230597921641895 
0.244495930431156 -0.5283221371532706 0.2531401715420012 -0.145937174872035 
-0.01912538997675167 -0.8912325008305669 0.02628555244849529 -0.1058285799036309 
-0.7204592864054459 -0.5925648927495174 -0.2224500896617226 -0.4263850235565711 
-0.2224500896617226 -0.4263850235565711 0.244495930431156 -0.5283221371532706 
0.244495930431156 -0.5283221371532706 -0.01912538997675167 -0.8912325008305669 
-0.01912538997675167 -0.8912325008305669 -0.7204592864054459 -0.5925648927495174 
-0.6380305791176905 -0.08103396822561255 -0.3346493975513806 0.1996190236515458 
-0.3346493975513806 0.1996190236515458 0.02628555244849529 -0.1058285799036309 
-0.1946267316320683 -0.1230597921641895 0.01535156813554488 0.03538562962709553 
0.01535156813554488 0.03538562962709553 0.2531401715420012 -0.145937174872035 
-0.3346493975513806 0.1996190236515458 0.01535156813554488 0.03538562962709553 
-0.6380305791176905 -0.08103396822561255 -0.1946267316320683 -0.1230597921641895 
0.02628555244849529 -0.1058285799036309 0.2531401715420012 -0.145937174872035 
-0.3732084819031405 -0.7404439097384936 -0.2131206547379187 -0.8086183537027751 
-0.2131206547379187 -0.8086183537027751 -0.1653488688186381 -0.2501287624245801 
-0.1653488688186381 -0.2501287624245801 -0.3178565257094943 -0.2321480137565594 
-0.3178565257094943 -0.2321480137565594 -0.3732084819031405 -0.7404439097384936 
-0.5894619270049721 -0.4122790685109226 -0.4764902010031557 -0.4420654121466158 
-0.4764902010031557 -0.4420654121466158 -0.4474730736165077 -0.2168661412352316 
-0.4474730736165077 -0.2168661412352316 -0.5589925894542817 -0.203717920177102 
-0.5589925894542817 -0.203717920177102 -0.5894619270049721 -0.4122790685109226 
