0.2603718341931711 -0.2582355114850265 0.3046992594602077 0.1236951213187894 
-0.3610317525818403 -0.2993711942337398 -0.3354794003154269 0.1937792492239234 
-0.3769460810844383 -0.121493773898974 -0.3626243584211749 0.1693395123166712 
0.02901582454634612 -0.1202057985516315 0.05154442893173412 0.1280171808040153 
0.2603718341931711 -0.2582355114850265 -0.3610317525818403 -0.2993711942337398 
-0.3610317525818403 -0.2993711942337398 -0.3769460810844383 -0.121493773898974 
-0.3769460810844383 -0.121493773898974 0.02901582454634612 -0.1202057985516315 
0.02901582454634612 -0.1202057985516315 0.2603718341931711 -0.2582355114850265 
0.3046992594602077 0.1236951213187894 0.1675009649547504 0.2961928451862986 
0.1675009649547504 0.2961928451862986 0.05154442893173412 0.1280171808040153 
-0.3354794003154269 0.1937792492239234 -0.3421976742967991 0.3869733000719743 
-0.3421976742967991 0.3869733000719743 -0.3626243584211749 0.1693395123166712 
0.1675009649547504 0.2961928451862986 -0.3421976742967991 0.3869733000719743 
0.3046992594602077 0.1236951213187894 -0.3354794003154269 0.1937792492239234 
0.05154442893173412 0.1280171808040153 -0.3626243584211749 0.1693395123166712 
0.09893334787852891 -0.1619194142441192 0.06134034043412426 -0.1394909844238811 
0.06134034043412426 -0.1394909844238811 0.08057036815971179 0.06453757417628574 
0.08057036815971179 0.06453757417628574 0.1206175629395419 0.05860478161580077 
0.1206175629395419 0.05860478161580077 0.09893334787852891 -0.1619194142441192 
0.2102192195931968 -0.09011331455829207 0.1554208925664643 -0.06983137875338045 
0.1554208925664643 -0.06983137875338045 0.1679466774359108 0.05159320889710883 
0.1679466774359108 0.05159320889710883 0.2247424894020947 0.04317919207140619 
0.2247424894020947 0.04317919207140619 0.2102192195931968 -0.09011331455829207 
