0 0 0 1 0.3535686778179218 -0.5373410651482183 
0 0 6.5 1 0.2861786499554888 0.06265935407727925 
10 0 0 1 -0.2297146524190093 -0.4022976519427358 
10 0 6.5 1 -0.2611883862292635 -0.02217254134147174 
10 10 0 1 0.0966355728098081 -0.2682965431082725 
10 10 6.5 1 0.07043126887834465 -0.007438685869527088 
0 10 0 1 0.5460385906027696 -0.3011309257666657 
0 10 6.5 1 0.5029113324236074 0.04735632962864647 
0 5 10 1 0.3952754592487543 0.2821567459442082 
10 5 10 1 -0.08023644908663354 0.1490363931231332 
0 6 0 1 0.4923464892405781 -0.3670249585687119 
0 8 0 1 0.5216522368126365 -0.3310592607694169 
0 8 5 1 0.485705729565709 -0.03711613503941903 
0 6 5 1 0.4533291686519935 -0.0433272055195832 
0 2 2.5 1 0.3877829135100127 -0.2611355004396669 
0 4 2.5 1 0.4349439092260795 -0.2292827355176363 
0 4 5 1 0.4138245745689443 -0.05090570710268844 
0 2 5 1 0.3645468048250027 -0.06035907992386621 
0.5 0.5 -0.5 1 0.3306994311759017 -0.5529306111805936 
0.5 0.5 6 1 0.2678527535030444 0.01301427304340161 
10.5 0.5 -0.5 1 -0.2221782819224571 -0.4175087082837406 
10.5 0.5 6 1 -0.2526157891689185 -0.05133983734056736 
10.5 10.5 -0.5 1 0.09320819489182498 -0.2824279375875517 
10.5 10.5 6 1 0.0677360232653885 -0.02821699111353731 
0.5 10.5 -0.5 1 0.5256419168325843 -0.3187374414590521 
0.5 10.5 6 1 0.4843669865282801 0.01798767037209986 
0.5 5.5 9.5 1 0.3769975133907215 0.2358913813186686 
10.5 5.5 9.5 1 -0.0787746165477778 0.1199979785584099 
0.5 6.5 -0.5 1 0.4702673422774782 -0.385261406685806 
0.5 8.5 -0.5 1 0.5003940767440654 -0.3490688065231363 
0.5 8.5 4.5 1 0.4661199085392212 -0.06597110759362651 
0.5 6.5 4.5 1 0.4332217041607447 -0.07466801797957948 
0.5 2.5 2 1 0.3660890031014037 -0.288978932269683 
0.5 4.5 2 1 0.4133727157389665 -0.255645131210497 
0.5 4.5 4.5 1 0.3934119213450529 -0.08519206086195745 
0.5 2.5 4.5 1 0.3442568305780556 -0.09818661261608437 
