0.2577900217787294 -0.09129377503036162 0.2865690866806334 0.2857442445083155 
-0.2871848555251969 -0.2152160118222591 -0.306241148984412 0.3524482981089187 
-0.4712599427006107 -0.04488692569205602 -0.4946395964834792 0.2942631168961031 
-0.05123621987006195 0.002390465749325829 -0.0475322369954451 0.2629221975458579 
0.2577900217787294 -0.09129377503036162 -0.2871848555251969 -0.2152160118222591 
-0.2871848555251969 -0.2152160118222591 -0.4712599427006107 -0.04488692569205602 
-0.4712599427006107 -0.04488692569205602 -0.05123621987006195 0.002390465749325829 
-0.05123621987006195 0.002390465749325829 0.2577900217787294 -0.09129377503036162 
0.2865690866806334 0.2857442445083155 0.09466371050969874 0.4541615965432767 
0.09466371050969874 0.4541615965432767 -0.0475322369954451 0.2629221975458579 
-0.306241148984412 0.3524482981089187 -0.4402251459790389 0.5756135622172973 
-0.4402251459790389 0.5756135622172973 -0.4946395964834792 0.2942631168961031 
0.09466371050969874 0.4541615965432767 -0.4402251459790389 0.5756135622172973 
0.2865690866806334 0.2857442445083155 -0.306241148984412 0.3524482981089187 
-0.0475322369954451 0.2629221975458579 -0.4946395964834792 0.2942631168961031 
0.04650862038149133 -0.02724181110923855 -0.00555040503830803 -0.01145962301361658 
-0.00555040503830803 -0.01145962301361658 -0.0006448342242133445 0.1994857746433034 
-0.0006448342242133445 0.1994857746433034 0.05409242182791144 0.1983694779673837 
0.05409242182791144 0.1983694779673837 0.04650862038149133 -0.02724181110923855 
0.1835627783438163 0.06121012019229426 0.1117738189516852 0.07299724344828738 
0.1117738189516852 0.07299724344828738 0.1174328067830361 0.1970777314262428 
0.1174328067830361 0.1970777314262428 0.1915775542687586 0.1955656436614413 
0.1915775542687586 0.1955656436614413 0.1835627783438163 0.06121012019229426 
