0.2579183945868735 -0.03784187967101892 0.277142848126025 0.3426426816497494 
-0.2520893127716337 -0.175692313939955 -0.2855482564128309 0.4306016183705172 
-0.5057811753205607 -0.02830090382152357 -0.5439047069909488 0.3339570295424327 
-0.07911615878339147 0.03160229191139084 -0.08394482258422649 0.2991161488021681 
0.2579183945868735 -0.03784187967101892 -0.2520893127716337 -0.175692313939955 
-0.2520893127716337 -0.175692313939955 -0.5057811753205607 -0.02830090382152357 
-0.5057811753205607 -0.02830090382152357 -0.07911615878339147 0.03160229191139084 
-0.07911615878339147 0.03160229191139084 0.2579183945868735 -0.03784187967101892 
0.277142848126025 0.3426426816497494 0.06578579520897264 0.5032367519940212 
0.06578579520897264 0.5032367519940212 -0.08394482258422649 0.2991161488021681 
-0.2855482564128309 0.4306016183705172 -0.4734782299711635 0.6505787379225569 
-0.4734782299711635 0.6505787379225569 -0.5439047069909488 0.3339570295424327 
0.06578579520897264 0.5032367519940212 -0.4734782299711635 0.6505787379225569 
0.277142848126025 0.3426426816497494 -0.2855482564128309 0.4306016183705172 
-0.08394482258422649 0.2991161488021681 -0.5439047069909488 0.3339570295424327 
0.0290516084637671 0.009314900564469795 -0.02837526707761022 0.0211474018871337 
-0.02837526707761022 0.0211474018871337 -0.03006988838247936 0.2370557264145821 
-0.03006988838247936 0.2370557264145821 0.02991474869771546 0.2395594598402881 
0.02991474869771546 0.2395594598402881 0.0290516084637671 0.009314900564469795 
0.1742474696105008 0.1095239081769837 0.09663034592516374 0.1161147258206019 
0.09663034592516374 0.1161147258206019 0.09878413618144233 0.2424340389966205 
0.09878413618144233 0.2424340389966205 0.1786701315155364 0.2457684467133223 
0.1786701315155364 0.2457684467133223 0.1742474696105008 0.1095239081769837 
