0 0 0 1 0.266820169419468 -0.1718840920024666 
0 0 6.5 1 0.2485250010498948 0.1816628617779427 
10 0 0 1 -0.02095741874229115 -0.4535676094995214 
10 0 6.5 1 -0.07865405794165037 0.195204393540953 
10 10 0 1 -0.567855170703924 -0.3048624790858384 
10 10 6.5 1 -0.6329315407833902 0.1194019435817517 
0 10 0 1 -0.1494872992740194 -0.1377755924848096 
0 10 6.5 1 -0.1771578762676992 0.1366702924258432 
0 5 10 1 -0.005514142040253052 0.3322500476419941 
10 5 10 1 -0.4550598075477051 0.4527257922195894 
0 6 0 1 -0.007034017628053372 -0.1494469365122392 
0 8 0 1 -0.08153468001566799 -0.1433430205409791 
0 8 5 1 -0.1018924978817726 0.07593549815032301 
0 6 5 1 -0.02636837668259855 0.08051824953733382 
0 2 2.5 1 0.1578074940737055 -0.03810533507363253 
0 4 2.5 1 0.06614223830529567 -0.03700420570663548 
0 4 5 1 0.0570210882250956 0.08557826453519132 
0 2 5 1 0.1495720774373007 0.0911941944850799 
0.5 0.5 -0.5 1 0.2334558236409549 -0.2036601657237485 
0.5 0.5 6 1 0.2136444159130852 0.1505919224222873 
10.5 0.5 -0.5 1 -0.08531634665566859 -0.5149406173286887 
10.5 0.5 6 1 -0.148842807023387 0.1360538718475745 
10.5 10.5 -0.5 1 -0.6138402255322895 -0.3442062245456393 
10.5 10.5 6 1 -0.681749834689149 0.08102872222637882 
0.5 10.5 -0.5 1 -0.1772920742748905 -0.1623914791110553 
0.5 10.5 6 1 -0.2059938591272043 0.1124786949877138 
0.5 5.5 9.5 1 -0.03783273000580264 0.3054024343878478 
10.5 5.5 9.5 1 -0.5151067270887055 0.4072544073815217 
0.5 6.5 -0.5 1 -0.03685401584510772 -0.1765015798595714 
0.5 8.5 -0.5 1 -0.1103153779409365 -0.1691207656281241 
0.5 8.5 4.5 1 -0.1315189626995612 0.05050469038722455 
0.5 6.5 4.5 1 -0.05709968302396464 0.05384498348127942 
0.5 2.5 2 1 0.1251762981170111 -0.06791451512457916 
0.5 4.5 2 1 0.03473048295016647 -0.0652697905180646 
0.5 4.5 4.5 1 0.02510969056186066 0.05753493323693876 
0.5 2.5 4.5 1 0.1163998965910945 0.06163247417100252 
