-0.6678515172099686 -0.56135792364941 -0.6042922519976569 -0.1009237973631018 
-0.1695051824619265 -0.4348037051629901 -0.1546328702760944 -0.1394160331695575 
0.2698640292059353 -0.5252318927057781 0.2583086907923607 -0.1307537343102881 
-0.1405850240580234 -0.8203695726807474 -0.1086942672367754 -0.06311069853304532 
-0.6678515172099686 -0.56135792364941 -0.1695051824619265 -0.4348037051629901 
-0.1695051824619265 -0.4348037051629901 0.2698640292059353 -0.5252318927057781 
0.2698640292059353 -0.5252318927057781 -0.1405850240580234 -0.8203695726807474 
-0.1405850240580234 -0.8203695726807474 -0.6678515172099686 -0.56135792364941 
-0.6042922519976569 -0.1009237973631018 -0.3850497392766288 0.1769620592985391 
-0.3850497392766288 0.1769620592985391 -0.1086942672367754 -0.06311069853304532 
-0.1546328702760944 -0.1394160331695575 0.02647537537101937 0.0296545444943395 
0.02647537537101937 0.0296545444943395 0.2583086907923607 -0.1307537343102881 
-0.3850497392766288 0.1769620592985391 0.02647537537101937 0.0296545444943395 
-0.6042922519976569 -0.1009237973631018 -0.1546328702760944 -0.1394160331695575 
-0.1086942672367754 -0.06311069853304532 0.2583086907923607 -0.1307537343102881 
-0.4173153386187997 -0.6844300126247436 -0.2950161048947015 -0.7445076519467233 
-0.2950161048947015 -0.7445076519467233 -0.2582680958634068 -0.2143993732313007 
-0.2582680958634068 -0.2143993732313007 -0.3739509227617267 -0.2098784469695373 
-0.3739509227617267 -0.2098784469695373 -0.4173153386187997 -0.6844300126247436 
-0.573328250304002 -0.3921007900359008 -0.4920983963335772 -0.4124772686408295 
-0.4920983963335772 -0.4124772686408295 -0.4694795449645511 -0.2061451542376226 
-0.4694795449645511 -0.2061451542376226 -0.5496988121311839 -0.2030101565775825 
-0.5496988121311839 -0.2030101565775825 -0.573328250304002 -0.3921007900359008 
