0.4033212610303095 -0.5902390763868564 0.3535404616669847 -0.05035363066368925 
-0.3003700704371095 -0.5189971351486244 -0.2865936958158574 -0.09323536345268921 
-0.04704455474168406 -0.3942663531130598 -0.05056896166542928 -0.1273051381019773 
0.3894070738835516 -0.4148328768687612 0.3609089943894814 -0.1071366832067261 
0.4033212610303095 -0.5902390763868564 -0.3003700704371095 -0.5189971351486244 
-0.3003700704371095 -0.5189971351486244 -0.04704455474168406 -0.3942663531130598 
-0.04704455474168406 -0.3942663531130598 0.3894070738835516 -0.4148328768687612 
0.3894070738835516 -0.4148328768687612 0.4033212610303095 -0.5902390763868564 
0.3535404616669847 -0.05035363066368925 0.340705585455415 0.1028754712825821 
0.340705585455415 0.1028754712825821 0.3609089943894814 -0.1071366832067261 
-0.2865936958158574 -0.09323536345268921 -0.1420621203212251 0.04704249157574583 
-0.1420621203212251 0.04704249157574583 -0.05056896166542928 -0.1273051381019773 
0.340705585455415 0.1028754712825821 -0.1420621203212251 0.04704249157574583 
0.3535404616669847 -0.05035363066368925 -0.2865936958158574 -0.09323536345268921 
0.3609089943894814 -0.1071366832067261 -0.05056896166542928 -0.1273051381019773 
0.3932076715193262 -0.4627442913234677 0.3911256938115312 -0.4364982883515448 
0.3911256938115312 -0.4364982883515448 0.3668129749680244 -0.1738436813456372 
0.3668129749680244 -0.1738436813456372 0.3663503873307184 -0.1724035628590322 
0.3663503873307184 -0.1724035628590322 0.3932076715193262 -0.4627442913234677 
0.3814864821671671 -0.3461619063753973 0.3803334820871635 -0.3280518765325229 
0.3803334820871635 -0.3280518765325229 0.3657848057217278 -0.17064280562061 
0.3657848057217278 -0.17064280562061 0.3650775242321532 -0.1684409111767765 
0.3650775242321532 -0.1684409111767765 0.3814864821671671 -0.3461619063753973 
