0 0 0 1 0.1960597254897154 -0.3917775263056124 
0 0 6.5 1 0.1839756243415372 -0.09166264779192589 
10 0 0 1 0.6853479371750085 -0.5174847621046849 
10 0 6.5 1 0.6215022768964253 -0.0227336818302356 
10 10 0 1 -3.157081249558798e-06 -0.6917783150538671 
10 10 6.5 1 -0.002466327660947842 0.0581478044015183 
0 10 0 1 -0.2708564654987274 -0.4440223599855765 
0 10 6.5 1 -0.2531291463422606 -0.06605836697410697 
0 5 10 1 -0.01079685364826024 0.08311959283435767 
10 5 10 1 0.347492543322162 0.2806351833730739 
0 6 0 1 -0.05716295893222592 -0.4201114699275114 
0 8 0 1 -0.1586156090435504 -0.4314633504871405 
0 8 5 1 -0.1512875139394241 -0.1507274977860148 
0 6 5 1 -0.05523284326994415 -0.1527605060805188 
0 2 2.5 1 0.1158350038471179 -0.2754992012518459 
0 4 2.5 1 0.03367816796247224 -0.2790889120608926 
0 4 5 1 0.0324331853976052 -0.1546159677898262 
0 2 5 1 0.1127634901045527 -0.1563161680469403 
0.5 0.5 -0.5 1 0.1931356259044128 -0.4231695071867949 
0.5 0.5 6 1 0.1808069521465616 -0.1109210306740599 
10.5 0.5 -0.5 1 0.7109040568091807 -0.5791247473097868 
10.5 0.5 6 1 0.6410029808918402 -0.05052090515612927 
10.5 10.5 -0.5 1 -0.02752649493207123 -0.8074451018306822 
10.5 10.5 6 1 -0.02621989536419959 0.02311585461389387 
0.5 10.5 -0.5 1 -0.2963546226824967 -0.4865834770773568 
0.5 10.5 6 1 -0.2759932090179719 -0.0891765805116681 
0.5 5.5 9.5 1 -0.0214079891565829 0.06884745059376828 
10.5 5.5 9.5 1 0.3520492240816134 0.2685720205424209 
0.5 6.5 -0.5 1 -0.0711458046840444 -0.457407440895081 
0.5 8.5 -0.5 1 -0.1778144668312946 -0.4712264768190851 
0.5 8.5 4.5 1 -0.1691345289958415 -0.1766056357282948 
0.5 6.5 4.5 1 -0.06841333050558512 -0.1774909079274486 
0.5 2.5 2 1 0.1098680970065826 -0.303198468847556 
0.5 4.5 2 1 0.02423615134374984 -0.3082152174897876 
0.5 4.5 4.5 1 0.02317779518288605 -0.1782959328723122 
0.5 2.5 4.5 1 0.1068264424799726 -0.1790311487261635 
