0 0 0 1 0.2574324186437844 -0.02816463498768577 
0 0 6.5 1 0.2726138550631026 0.3521548515658509 
10 0 0 1 -0.2363392633113346 -0.1730727343802376 
10 0 6.5 1 -0.2745485568914622 0.4451501704796629 
10 10 0 1 -0.5178773878780835 -0.03204292982594358 
10 10 6.5 1 -0.561227099604764 0.3383042978355268 
0 10 0 1 -0.08944554657041399 0.03385963494241901 
0 10 6.5 1 -0.09750189914793807 0.3033479349573669 
0 5 10 1 0.05468673472556166 0.5104383884056659 
10 5 10 1 -0.4835246871900453 0.6653303011107238 
0 6 0 1 0.02254138833452683 0.01383556718446846 
0 8 0 1 -0.03683483980036466 0.0244524629535493 
0 8 5 1 -0.04105348280324229 0.2417053373363962 
0 6 5 1 0.02079530836634624 0.2452129661913295 
0 2 2.5 1 0.17038684788415 0.1174094776246207 
0 4 2.5 1 0.09080443660345533 0.1224886745443286 
0 4 5 1 0.09156719494403751 0.2492266503197274 
0 2 5 1 0.1733433441070785 0.2538644189005731 
0.5 0.5 -0.5 1 0.2169141858461939 -0.05534577464012936 
0.5 0.5 6 1 0.2288910269386479 0.3201686821654967 
10.5 0.5 -0.5 1 -0.2955786964160426 -0.2147888535731937 
10.5 0.5 6 1 -0.3408741291119385 0.3907311032881932 
10.5 10.5 -0.5 1 -0.5523968308568371 -0.05855936750536985 
10.5 10.5 6 1 -0.5980141206811334 0.3072235233014194 
0.5 10.5 -0.5 1 -0.1168205363171961 0.01408811391023541 
0.5 10.5 6 1 -0.1263031594244818 0.2811612089377278 
0.5 5.5 9.5 1 0.01870866004236214 0.48217300355026 
10.5 5.5 9.5 1 -0.5331441084053389 0.6209783134147873 
0.5 6.5 -0.5 1 -0.008938109179626282 -0.008356947765863038 
0.5 8.5 -0.5 1 -0.0661216029802042 0.003540143162320137 
0.5 8.5 4.5 1 -0.07158510056145903 0.2187408509535834 
0.5 6.5 4.5 1 -0.01212748008716883 0.2206923060923044 
0.5 2.5 2 1 0.1324168781071046 0.09064543710777309 
0.5 4.5 2 1 0.05596019154451359 0.09756738408304932 
0.5 4.5 4.5 1 0.05585645539128038 0.2229236029249326 
0.5 2.5 4.5 1 0.1343423944747565 0.2254995854133004 
