-0.4032568609037989 -0.4018986376673307 -0.4239212208724161 -0.08194699842830003 
0.02073005161813549 -0.3046222456555053 -0.003356188950786089 -0.04748558283679803 
0.3244897968255523 -0.4011543635147229 0.280059914249367 -0.009577230329865998 
-0.2889210976421509 -0.6120646504192288 -0.3287241740656364 -0.05349129453541979 
-0.4032568609037989 -0.4018986376673307 0.02073005161813549 -0.3046222456555053 
0.02073005161813549 -0.3046222456555053 0.3244897968255523 -0.4011543635147229 
0.3244897968255523 -0.4011543635147229 -0.2889210976421509 -0.6120646504192288 
-0.2889210976421509 -0.6120646504192288 -0.4032568609037989 -0.4018986376673307 
-0.4239212208724161 -0.08194699842830003 -0.4030220133578315 0.1385540903024247 
-0.4030220133578315 0.1385540903024247 -0.3287241740656364 -0.05349129453541979 
-0.003356188950786089 -0.04748558283679803 0.09299405575330222 0.129429085146151 
0.09299405575330222 0.129429085146151 0.280059914249367 -0.009577230329865998 
-0.4030220133578315 0.1385540903024247 0.09299405575330222 0.129429085146151 
-0.4239212208724161 -0.08194699842830003 -0.003356188950786089 -0.04748558283679803 
-0.3287241740656364 -0.05349129453541979 0.280059914249367 -0.009577230329865998 
-0.3504738679442396 -0.4989215713056555 -0.3237081708803697 -0.5481208740432061 
-0.3237081708803697 -0.5481208740432061 -0.3497944866739391 -0.1714125413450979 
-0.3497944866739391 -0.1714125413450979 -0.3730245314062171 -0.1657730817291345 
-0.3730245314062171 -0.1657730817291345 -0.3504738679442396 -0.4989215713056555 
-0.397892207569878 -0.2916550314707921 -0.3817268613410164 -0.3090788625539102 
-0.3817268613410164 -0.3090788625539102 -0.3915477416569116 -0.1612762803940237 
-0.3915477416569116 -0.1612762803940237 -0.4066630595430246 -0.1576067986610532 
-0.4066630595430246 -0.1576067986610532 -0.397892207569878 -0.2916550314707921 
