0.0844649446256444 -0.3954582267882199 0.1016049593611378 -0.1181348695080314 
0.5471582111672154 -0.5433360185961958 0.5487621983245342 -0.1435097967536482 
0.1925305973442783 -0.7836257769475543 0.2240740319546298 -0.09927382123832938 
-0.3084062676884867 -0.4717042939048616 -0.2656317552402768 -0.0820319559167028 
0.0844649446256444 -0.3954582267882199 0.5471582111672154 -0.5433360185961958 
0.5471582111672154 -0.5433360185961958 0.1925305973442783 -0.7836257769475543 
0.1925305973442783 -0.7836257769475543 -0.3084062676884867 -0.4717042939048616 
-0.3084062676884867 -0.4717042939048616 0.0844649446256444 -0.3954582267882199 
0.1016049593611378 -0.1181348695080314 -0.03852206484367866 0.06085955205789052 
-0.03852206484367866 0.06085955205789052 -0.2656317552402768 -0.0820319559167028 
0.5487621983245342 -0.1435097967536482 0.4317031080325056 0.1201258754370701 
0.4317031080325056 0.1201258754370701 0.2240740319546298 -0.09927382123832938 
-0.03852206484367866 0.06085955205789052 0.4317031080325056 0.1201258754370701 
0.1016049593611378 -0.1181348695080314 0.5487621983245342 -0.1435097967536482 
-0.2656317552402768 -0.0820319559167028 0.2240740319546298 -0.09927382123832938 
-0.1179274177731591 -0.4347373115459396 -0.2059213383662347 -0.4518146390901924 
-0.2059213383662347 -0.4518146390901924 -0.1786484200205785 -0.1716484946093829 
-0.1786484200205785 -0.1716484946093829 -0.09536528179006229 -0.1742901584319937 
-0.09536528179006229 -0.1742901584319937 -0.1179274177731591 -0.4347373115459396 
0.03335782678156454 -0.2911277648792605 -0.03200637704522893 -0.2963852840484124 
-0.03200637704522893 -0.2963852840484124 -0.02274769600187701 -0.1765935208332884 
-0.02274769600187701 -0.1765935208332884 0.04112984941938674 -0.1786196572686071 
0.04112984941938674 -0.1786196572686071 0.03335782678156454 -0.2911277648792605 
