0.05563206792548924 -0.3325669457059982 0.07788449488186641 -0.06600481818450629 
0.5001584066435596 -0.4625342406778798 0.5169432283194473 -0.09605259950489962 
0.228495814118902 -0.6788733438252406 0.2707930505848709 -0.04830068322641778 
-0.3069135795080866 -0.4067474737326031 -0.2635590169241965 -0.02342476242312039 
0.05563206792548924 -0.3325669457059982 0.5001584066435596 -0.4625342406778798 
0.5001584066435596 -0.4625342406778798 0.228495814118902 -0.6788733438252406 
0.228495814118902 -0.6788733438252406 -0.3069135795080866 -0.4067474737326031 
-0.3069135795080866 -0.4067474737326031 0.05563206792548924 -0.3325669457059982 
0.07788449488186641 -0.06600481818450629 -0.04712548307584611 0.1141053204986749 
-0.04712548307584611 0.1141053204986749 -0.2635590169241965 -0.02342476242312039 
0.5169432283194473 -0.09605259950489962 0.4380804898018832 0.1569592121194009 
0.4380804898018832 0.1569592121194009 0.2707930505848709 -0.04830068322641778 
-0.04712548307584611 0.1141053204986749 0.4380804898018832 0.1569592121194009 
0.07788449488186641 -0.06600481818450629 0.5169432283194473 -0.09605259950489962 
-0.2635590169241965 -0.02342476242312039 0.2707930505848709 -0.04830068322641778 
-0.1291339789761292 -0.3703719587231843 -0.2107849111632286 -0.3870785701702664 
-0.2107849111632286 -0.3870785701702664 -0.1820467862163075 -0.1141184019704556 
-0.1820467862163075 -0.1141184019704556 -0.1042333170991871 -0.1178857519838673 
-0.1042333170991871 -0.1178857519838673 -0.1291339789761292 -0.3703719587231843 
0.0118409270113692 -0.2327273219287356 -0.04790397115488607 -0.2374078831006182 
-0.04790397115488607 -0.2374078831006182 -0.03710477536611018 -0.1211357897404126 
-0.03710477536611018 -0.1211357897404126 0.02139824116889195 -0.123968221485565 
0.02139824116889195 -0.123968221485565 0.0118409270113692 -0.2327273219287356 
