0 0 0 1 -0.09906397732056561 -0.03577131759509052 
0 0 6.5 1 -0.09272544983860005 0.2156363188461204 
10 0 0 1 0.2935069447273918 -0.0734047772207851 
10 0 6.5 1 0.3203783032805057 0.200650685506234 
10 10 0 1 0.3246580060948857 -0.2345298846899261 
10 10 6.5 1 0.3734138036853192 0.2210973924991959 
0 10 0 1 -0.2954241883901526 -0.1539830903172218 
0 10 6.5 1 -0.2998323721800472 0.2423122910762874 
0 5 10 1 -0.1700031015351793 0.4064981835303094 
10 5 10 1 0.3605080370711882 0.4112822692673248 
0 6 0 1 -0.1950381917741434 -0.09354922465871064 
0 8 0 1 -0.2401032172472304 -0.1206790414373946 
0 8 5 1 -0.2402981958597345 0.1485305866179554 
0 6 5 1 -0.1931684119275682 0.1508048005510073 
0 2 2.5 1 -0.1239963336979849 0.04918917233708583 
0 4 2.5 1 -0.156025368110431 0.03855976801419606 
0 4 5 1 -0.1543657474280419 0.1526771953061237 
0 2 5 1 -0.1218624270267775 0.154245619728213 
0.5 0.5 -0.5 1 -0.08761121320118014 -0.06020897140605331 
0.5 0.5 6 1 -0.08060423884745517 0.195141620408472 
10.5 0.5 -0.5 1 0.3143660453366358 -0.1009598435486626 
10.5 0.5 6 1 0.3429180656868404 0.177775463014937 
10.5 10.5 -0.5 1 0.360809114397134 -0.2865569523503782 
10.5 10.5 6 1 0.4147218501771749 0.1820574075949588 
0.5 10.5 -0.5 1 -0.2832842527450968 -0.196381044163981 
0.5 10.5 6 1 -0.2869043290079498 0.2097565878110083 
0.5 5.5 9.5 1 -0.1564895550982627 0.3852113166927411 
10.5 5.5 9.5 1 0.3913746183547505 0.3873361259119613 
0.5 6.5 -0.5 1 -0.1827082553172918 -0.1263885604198607 
0.5 8.5 -0.5 1 -0.2277173889287877 -0.1577111536151297 
0.5 8.5 4.5 1 -0.227277380693216 0.1173637805202884 
0.5 6.5 4.5 1 -0.1802154834985737 0.1227959581109002 
0.5 2.5 2 1 -0.1119245908538608 0.0241071681147661 
0.5 4.5 2 1 -0.1436271195043153 0.01101012776814733 
0.5 4.5 4.5 1 -0.1416655678692656 0.1272456297196629 
0.5 2.5 4.5 1 -0.1095098392206636 0.1309572444013297 
