0.3535686778179218 -0.5373410651482183 0.2861786499554888 0.06265935407727925 
-0.2297146524190093 -0.4022976519427358 -0.2611883862292635 -0.02217254134147174 
0.0966355728098081 -0.2682965431082725 0.07043126887834465 -0.007438685869527088 
0.5460385906027696 -0.3011309257666657 0.5029113324236074 0.04735632962864647 
0.3535686778179218 -0.5373410651482183 -0.2297146524190093 -0.4022976519427358 
-0.2297146524190093 -0.4022976519427358 0.0966355728098081 -0.2682965431082725 
0.0966355728098081 -0.2682965431082725 0.5460385906027696 -0.3011309257666657 
0.5460385906027696 -0.3011309257666657 0.3535686778179218 -0.5373410651482183 
0.2861786499554888 0.06265935407727925 0.3952754592487543 0.2821567459442082 
0.3952754592487543 0.2821567459442082 0.5029113324236074 0.04735632962864647 
-0.2611883862292635 -0.02217254134147174 -0.08023644908663354 0.1490363931231332 
-0.08023644908663354 0.1490363931231332 0.07043126887834465 -0.007438685869527088 
0.3952754592487543 0.2821567459442082 -0.08023644908663354 0.1490363931231332 
0.2861786499554888 0.06265935407727925 -0.2611883862292635 -0.02217254134147174 
0.5029113324236074 0.04735632962864647 0.07043126887834465 -0.007438685869527088 
0.4923464892405781 -0.3670249585687119 0.5216522368126365 -0.3310592607694169 
0.5216522368126365 -0.3310592607694169 0.485705729565709 -0.03711613503941903 
0.485705729565709 -0.03711613503941903 0.4533291686519935 -0.0433272055195832 
0.4533291686519935 -0.0433272055195832 0.4923464892405781 -0.3670249585687119 
0.3877829135100127 -0.2611355004396669 0.4349439092260795 -0.2292827355176363 
0.4349439092260795 -0.2292827355176363 0.4138245745689443 -0.05090570710268844 
0.4138245745689443 -0.05090570710268844 0.3645468048250027 -0.06035907992386621 
0.3645468048250027 -0.06035907992386621 0.3877829135100127 -0.2611355004396669 
