0.2558326965878245 -0.2231665196254448 0.2972625955838823 0.1512256731529822 
-0.3418905695390875 -0.3015212085060344 -0.3306333701688413 0.2059626315796632 
-0.4071263337486067 -0.1074382859511854 -0.4034913855056599 0.1946414996131585 
0.001553349582155293 -0.0884448624330068 0.01937688320954447 0.1609031591111798 
0.2558326965878245 -0.2231665196254448 -0.3418905695390875 -0.3015212085060344 
-0.3418905695390875 -0.3015212085060344 -0.4071263337486067 -0.1074382859511854 
-0.4071263337486067 -0.1074382859511854 0.001553349582155293 -0.0884448624330068 
0.001553349582155293 -0.0884448624330068 0.2558326965878245 -0.2231665196254448 
0.2972625955838823 0.1512256731529822 0.1441308888100254 0.3294146315025565 
0.1441308888100254 0.3294146315025565 0.01937688320954447 0.1609031591111798 
-0.3306333701688413 0.2059626315796632 -0.3732953430519701 0.4207861805142965 
-0.3732953430519701 0.4207861805142965 -0.4034913855056599 0.1946414996131585 
0.1441308888100254 0.3294146315025565 -0.3732953430519701 0.4207861805142965 
0.2972625955838823 0.1512256731529822 -0.3306333701688413 0.2059626315796632 
0.01937688320954447 0.1609031591111798 -0.4034913855056599 0.1946414996131585 
0.07966595495370868 -0.129830290574129 0.03780588412247479 -0.1076520909720554 
0.03780588412247479 -0.1076520909720554 0.05348532844357586 0.0960509947050099 
0.05348532844357586 0.0960509947050099 0.09794085295470735 0.08942094527572247 
0.09794085295470735 0.08942094527572247 0.07966595495370868 -0.129830290574129 
0.1990346702994029 -0.05941447791744665 0.1391415490592751 -0.03907784874202914 
0.1391415490592751 -0.03907784874202914 0.1501091668299445 0.08164061868102002 
0.1501091668299445 0.08164061868102002 0.212188117166953 0.07238223035293755 
0.212188117166953 0.07238223035293755 0.1990346702994029 -0.05941447791744665 
