0 0 0 1 -0.3075657095313633 -0.3925560570267391 
0 0 6.5 1 -0.3208067797965199 0.2563346095543135 
10 0 0 1 -0.2491292284411163 -0.1088873640904112 
10 0 6.5 1 -0.2518472508004445 0.2242838417379962 
10 10 0 1 0.2225901729493544 -0.1012844209172448 
10 10 6.5 1 0.2474080467223992 0.202557476036297 
0 10 0 1 0.547812247020155 -0.3359153396542221 
0 10 6.5 1 0.6298899095079431 0.2100801989454516 
0 5 10 1 0.2258009847941321 0.6127505979004104 
10 5 10 1 0.01672913470220899 0.4005360343129312 
0 6 0 1 0.2387862538230413 -0.3563781699240186 
0 8 0 1 0.3981297288944223 -0.3458268941195092 
0 8 5 1 0.4491691000824679 0.07693287171679143 
0 6 5 1 0.2776903566156289 0.08029490419215746 
0 2 2.5 1 -0.1086874516461403 -0.156433545373541 
0 4 2.5 1 0.08073716742449227 -0.1516474858681493 
0 4 5 1 0.09373886755415048 0.08390147878917863 
0 2 5 1 -0.1040975598286716 0.08778028312506443 
0.5 0.5 -0.5 1 -0.2540568656872791 -0.4050823251754925 
0.5 0.5 6 1 -0.2598726915969849 0.1980704800482001 
10.5 0.5 -0.5 1 -0.2225493448179663 -0.1247168326901802 
10.5 0.5 6 1 -0.2235433031219096 0.1960580361516991 
10.5 10.5 -0.5 1 0.2329997018750038 -0.1160420404376487 
10.5 10.5 6 1 0.2576235981864951 0.1774552320198407 
0.5 10.5 -0.5 1 0.5491498824501173 -0.3495871827186483 
0.5 10.5 6 1 0.6266585767796755 0.1636992291244499 
0.5 5.5 9.5 1 0.2488368329806156 0.5324893017973814 
10.5 5.5 9.5 1 0.03555316787446374 0.3667506252342589 
0.5 6.5 -0.5 1 0.2572558090731207 -0.3697547214276159 
0.5 8.5 -0.5 1 0.4075212350812409 -0.3593725860160338 
0.5 8.5 4.5 1 0.456357595582518 0.03787342702359226 
0.5 6.5 4.5 1 0.2953548227022053 0.0397458852795267 
0.5 2.5 2 1 -0.06691252681478442 -0.1835224205236214 
0.5 4.5 2 1 0.1099252280842782 -0.1781331695440058 
0.5 4.5 4.5 1 0.123364382679648 0.04174612983184531 
0.5 2.5 4.5 1 -0.06077824431692436 0.04388770401731295 
