-0.06705025667293538 -0.03658087838489841 -0.05308667532196955 0.214927338528813 
0.3305565266176502 -0.0880447312555744 0.3639107583383986 0.1956602394364086 
0.3255539626508526 -0.2362910723048384 0.3828470838594295 0.2430001686399882 
-0.2919583840126343 -0.1294971920944693 -0.2835840572662047 0.2645575803295499 
-0.06705025667293538 -0.03658087838489841 0.3305565266176502 -0.0880447312555744 
0.3305565266176502 -0.0880447312555744 0.3255539626508526 -0.2362910723048384 
0.3255539626508526 -0.2362910723048384 -0.2919583840126343 -0.1294971920944693 
-0.2919583840126343 -0.1294971920944693 -0.06705025667293538 -0.03658087838489841 
-0.05308667532196955 0.214927338528813 -0.1345957977065002 0.4118087532614366 
-0.1345957977065002 0.4118087532614366 -0.2835840572662047 0.2645575803295499 
0.3639107583383986 0.1956602394364086 0.3955571110230722 0.4218773431366264 
0.3955571110230722 0.4218773431366264 0.3828470838594295 0.2430001686399882 
-0.1345957977065002 0.4118087532614366 0.3955571110230722 0.4218773431366264 
-0.05308667532196955 0.214927338528813 0.3639107583383986 0.1956602394364086 
-0.2835840572662047 0.2645575803295499 0.3828470838594295 0.2430001686399882 
-0.1774673734636429 -0.08219751120286585 -0.2289902972819684 -0.1034831810866719 
-0.2289902972819684 -0.1034831810866719 -0.2206708893717935 0.1653584702799461 
-0.2206708893717935 0.1653584702799461 -0.1679842575696532 0.1620926330059342 
-0.1679842575696532 0.1620926330059342 -0.1774673734636429 -0.08219751120286585 
-0.09302717261776186 0.05221684531240772 -0.1295405499231304 0.04556465698440957 
-0.1295405499231304 0.04556465698440957 -0.1243795701215448 0.159389749775052 
-0.1243795701215448 0.159389749775052 -0.08769488836025341 0.1571158105046274 
-0.08769488836025341 0.1571158105046274 -0.09302717261776186 0.05221684531240772 
