0 0 0 1 -0.6078696768046076 -0.285245670589675 
0 0 6.5 1 -0.5564793421045349 0.3051757148175508 
10 0 0 1 -0.249906674832237 -0.1470923201564125 
10 0 6.5 1 -0.2205554360097587 0.1631758218022744 
10 10 0 1 0.2371561308915831 -0.2102201634035555 
10 10 6.5 1 0.2722787823275413 0.1230486897025984 
0 10 0 1 0.3281926479771792 -0.434747455288422 
0 10 6.5 1 0.4015382066944659 0.2449406118362987 
0 5 10 1 -0.07830142149022895 0.6248041087903647 
10 5 10 1 0.03434040582405189 0.3187596583543738 
0 6 0 1 -0.07856115131605239 -0.3697833847159737 
0 8 0 1 0.1187889186765925 -0.4013028539790925 
0 8 5 1 0.1710025158774252 0.1044966637776147 
0 6 5 1 -0.02999617165418029 0.1216418047951237 
0 2 2.5 1 -0.4200446417313237 -0.08057306449066391 
0 4 2.5 1 -0.2423679495152395 -0.1023510984795762 
0 4 5 1 -0.2196307553811784 0.137817590417031 
0 2 5 1 -0.3988384986569589 0.1531039689880835 
0.5 0.5 -0.5 1 -0.5398807079142208 -0.3220207716725472 
0.5 0.5 6 1 -0.4896074525635126 0.2453864549724343 
10.5 0.5 -0.5 1 -0.2206665009771795 -0.1696273656896184 
10.5 0.5 6 1 -0.1917194228745021 0.1341658294134831 
10.5 10.5 -0.5 1 0.2579552390828492 -0.2330377475124933 
10.5 10.5 6 1 0.2924572668920999 0.09277167306051362 
0.5 10.5 -0.5 1 0.365632350266374 -0.4704295540566727 
0.5 10.5 6 1 0.4362956596451878 0.1789341015737615 
0.5 5.5 9.5 1 -0.02597029808826731 0.5472819098860709 
10.5 5.5 9.5 1 0.05891402626412092 0.2853063099136717 
0.5 6.5 -0.5 1 -0.02656883618238949 -0.4061498620029533 
0.5 8.5 -0.5 1 0.1639647340759361 -0.4373773025239698 
0.5 8.5 4.5 1 0.2144417950692082 0.0465588178919402 
0.5 6.5 4.5 1 0.02052918396124355 0.06461209132906513 
0.5 2.5 2 1 -0.3572451916760092 -0.126458078203071 
0.5 4.5 2 1 -0.1849731368154567 -0.14860464478844 
0.5 4.5 4.5 1 -0.162860270374298 0.08168565836365746 
0.5 2.5 4.5 1 -0.3365605376556179 0.09785716161666351 
