0.3996084233086779 -0.6307578978394497 0.3562169280651983 -0.09281677738581871 
-0.3143447236483977 -0.5534638238131833 -0.2935984597589332 -0.1184679689672048 
-0.070003701647337 -0.417019614464282 -0.06907041704751599 -0.1475866280716588 
0.3655984037846386 -0.4418872952833992 0.3420082873630804 -0.1362630080814014 
0.3996084233086779 -0.6307578978394497 -0.3143447236483977 -0.5534638238131833 
-0.3143447236483977 -0.5534638238131833 -0.070003701647337 -0.417019614464282 
-0.070003701647337 -0.417019614464282 0.3655984037846386 -0.4418872952833992 
0.3655984037846386 -0.4418872952833992 0.3996084233086779 -0.6307578978394497 
0.3562169280651983 -0.09281677738581871 0.3325398232556178 0.06754215513545347 
0.3325398232556178 0.06754215513545347 0.3420082873630804 -0.1362630080814014 
-0.2935984597589332 -0.1184679689672048 -0.1529302353322331 0.02654104205725944 
-0.1529302353322331 0.02654104205725944 -0.06907041704751599 -0.1475866280716588 
0.3325398232556178 0.06754215513545347 -0.1529302353322331 0.02654104205725944 
0.3562169280651983 -0.09281677738581871 -0.2935984597589332 -0.1184679689672048 
0.3420082873630804 -0.1362630080814014 -0.06907041704751599 -0.1475866280716588 
0.37488338084178 -0.4934503121838119 0.3697966073062084 -0.4652015197345604 
0.3697966073062084 -0.4652015197345604 0.3495334306271251 -0.2041748633596689 
0.3495334306271251 -0.2041748633596689 0.3523200555033036 -0.2047667965786878 
0.3523200555033036 -0.2047667965786878 0.37488338084178 -0.4934503121838119 
0.374072363057563 -0.3832779827124971 0.3680652542988121 -0.3620453123198094 
0.3680652542988121 -0.3620453123198094 0.3557274832112767 -0.2054906003705066 
0.3557274832112767 -0.2054906003705066 0.3599891717742071 -0.2063958657512459 
0.3599891717742071 -0.2063958657512459 0.374072363057563 -0.3832779827124971 
