0 0 0 1 -0.2079517406296343 -0.01062586870030399 
0 0 6.5 1 -0.2282717759696935 0.2534498922131527 
10 0 0 1 0.1841127588661876 0.006491055757050915 
10 0 6.5 1 0.183249324972855 0.2680687751339519 
10 10 0 1 0.322777312858897 -0.1050395973721502 
10 10 6.5 1 0.332689367215517 0.3232672751282809 
0 10 0 1 -0.3150165246195323 -0.1352266556469657 
0 10 6.5 1 -0.358250281211585 0.299799129672054 
0 5 10 1 -0.2932467346599704 0.4652000544889474 
10 5 10 1 0.2404482187642521 0.4806587744227981 
0 6 0 1 -0.2591984971762705 -0.07026626544156435 
0 8 0 1 -0.2839677514902312 -0.09909244399055112 
0 8 5 1 -0.310992306893191 0.192226595381946 
0 6 5 1 -0.2821224803080971 0.1915621029015366 
0 2 2.5 1 -0.2306805749862284 0.079522010007384 
0 4 2.5 1 -0.2486683590640484 0.06953155548728863 
0 4 5 1 -0.2587936750797817 0.191025147280918 
0 2 5 1 -0.2395503322446696 0.1905822261371355 
0.5 0.5 -0.5 1 -0.1896190951991227 -0.03326952537030213 
0.5 0.5 6 1 -0.209343560224515 0.2339326263532826 
10.5 0.5 -0.5 1 0.2081794784208698 -0.01561560960672294 
10.5 0.5 6 1 0.2084996490063266 0.249035237300478 
10.5 10.5 -0.5 1 0.3656211115297723 -0.1440000387772814 
10.5 10.5 6 1 0.3794038065847034 0.2925806709156491 
0.5 10.5 -0.5 1 -0.2874873907363582 -0.1757490477290204 
0.5 10.5 6 1 -0.329546272967071 0.2677850119886012 
0.5 5.5 9.5 1 -0.2699066509085048 0.4441875869704666 
10.5 5.5 9.5 1 0.2744705476477042 0.460317729910176 
0.5 6.5 -0.5 1 -0.2362246716256969 -0.10111928439655 
0.5 8.5 -0.5 1 -0.2589077319586239 -0.1341419459656361 
0.5 8.5 4.5 1 -0.2851465249496318 0.162097623927089 
0.5 6.5 4.5 1 -0.2584672094197269 0.1646850400819989 
0.5 2.5 2 1 -0.2107607284200992 0.05597579979731112 
0.5 4.5 2 1 -0.2271798738961096 0.04354759698487563 
0.5 4.5 4.5 1 -0.2370062880364112 0.1667663653927701 
0.5 2.5 4.5 1 -0.2193691028750186 0.1684768567193775 
