-0.7200903810306168 -0.5571762045462461 -0.6367748848043803 -0.03461223042466294 
-0.2342719229718923 -0.3911226291786962 -0.2036456221375273 -0.08805001145369655 
0.2379047622412063 -0.4883433087032139 0.2530074287358103 -0.1157816492480491 
0.03525168097007637 -0.8371724963412598 0.08394456355230173 -0.0668627493681864 
-0.7200903810306168 -0.5571762045462461 -0.2342719229718923 -0.3911226291786962 
-0.2342719229718923 -0.3911226291786962 0.2379047622412063 -0.4883433087032139 
0.2379047622412063 -0.4883433087032139 0.03525168097007637 -0.8371724963412598 
0.03525168097007637 -0.8371724963412598 -0.7200903810306168 -0.5571762045462461 
-0.6367748848043803 -0.03461223042466294 -0.303915729148777 0.2495266801619602 
-0.303915729148777 0.2495266801619602 0.08394456355230173 -0.0668627493681864 
-0.2036456221375273 -0.08805001145369655 0.01500172439949561 0.06796723942271952 
0.01500172439949561 0.06796723942271952 0.2530074287358103 -0.1157816492480491 
-0.303915729148777 0.2495266801619602 0.01500172439949561 0.06796723942271952 
-0.6367748848043803 -0.03461223042466294 -0.2036456221375273 -0.08805001145369655 
0.08394456355230173 -0.0668627493681864 0.2530074287358103 -0.1157816492480491 
-0.3383209721700887 -0.6986935702263586 -0.1675150541358178 -0.7620092864722718 
-0.1675150541358178 -0.7620092864722718 -0.1187069569182615 -0.2098849328333999 
-0.1187069569182615 -0.2098849328333999 -0.2825201030837532 -0.1913120784828269 
-0.2825201030837532 -0.1913120784828269 -0.3383209721700887 -0.6986935702263586 
-0.5776257686977994 -0.3735688467596982 -0.4530778822541927 -0.4029798856168365 
-0.4530778822541927 -0.4029798856168365 -0.423781951017127 -0.1752960517574209 
-0.423781951017127 -0.1752960517574209 -0.5468493847594443 -0.1613428765959736 
-0.5468493847594443 -0.1613428765959736 -0.5776257686977994 -0.3735688467596982 
