0.3902249788604177 -0.4869639656759534 0.3222030950650127 0.08103348698387716 
-0.2515541054020763 -0.4144574138529877 -0.2679914890742456 -0.01993791399061766 
0.04594480909394215 -0.3010183647822517 0.02525306548600451 -0.04065702415506676 
0.4887430163618306 -0.3126582274901015 0.4448355661497522 0.01337466461832513 
0.3902249788604177 -0.4869639656759534 -0.2515541054020763 -0.4144574138529877 
-0.2515541054020763 -0.4144574138529877 0.04594480909394215 -0.3010183647822517 
0.04594480909394215 -0.3010183647822517 0.4887430163618306 -0.3126582274901015 
0.4887430163618306 -0.3126582274901015 0.3902249788604177 -0.4869639656759534 
0.3222030950650127 0.08103348698387716 0.3728986042525481 0.2443012931104436 
0.3728986042525481 0.2443012931104436 0.4448355661497522 0.01337466461832513 
-0.2679914890742456 -0.01993791399061766 -0.1025519857819446 0.126631126144687 
-0.1025519857819446 0.126631126144687 0.02525306548600451 -0.04065702415506676 
0.3728986042525481 0.2443012931104436 -0.1025519857819446 0.126631126144687 
0.3222030950650127 0.08103348698387716 -0.2679914890742456 -0.01993791399061766 
0.4448355661497522 0.01337466461832513 0.02525306548600451 -0.04065702415506676 
0.4616512046442946 -0.3605911579461055 0.4764750871056957 -0.334363597585113 
0.4764750871056957 -0.334363597585113 0.4396973006636314 -0.05737929048817147 
0.4396973006636314 -0.05737929048817147 0.4217504464517205 -0.0548525151775423 
0.4217504464517205 -0.0548525151775423 0.4616512046442946 -0.3605911579461055 
0.3957469008899703 -0.2361344437104571 0.4211231940734115 -0.2186644547099274 
0.4211231940734115 -0.2186644547099274 0.3998057748143325 -0.05176287875221174 
0.3998057748143325 -0.05176287875221174 0.3723600315390416 -0.04789873489329263 
0.3723600315390416 -0.04789873489329263 0.3957469008899703 -0.2361344437104571 
