0 0 0 1 0.2177102463713266 -0.3910560577348098 
0 0 6.5 1 0.1989051583838058 -0.08604318959486625 
10 0 0 1 0.7038048688832249 -0.5248873561267674 
10 0 6.5 1 0.6275165342979711 -0.005702571941619943 
10 10 0 1 -0.06005572654367297 -0.7084399987131226 
10 10 6.5 1 -0.06786050460906749 0.05160655699276823 
0 10 0 1 -0.2619702479811745 -0.4483932762842303 
0 10 6.5 1 -0.2523109900091394 -0.07377698660932233 
0 5 10 1 -0.008421600662469201 0.08404836002678104 
10 5 10 1 0.3144799038593581 0.2977107167932961 
0 6 0 1 -0.04574212978412235 -0.4225470744570543 
0 8 0 1 -0.1490794697120832 -0.4348992040798426 
0 8 5 1 -0.147577051788721 -0.1551159494169075 
0 6 5 1 -0.04933352990361033 -0.1546272411844828 
0 2 2.5 1 0.1308363247218003 -0.2743990383565661 
0 4 2.5 1 0.04516148330298303 -0.2796063192590203 
0 4 5 1 0.04130706903103343 -0.1541763533697822 
0 2 5 1 0.1251944355461002 -0.1537590592233011 
0.5 0.5 -0.5 1 0.2136760594123364 -0.4232295670694289 
0.5 0.5 6 1 0.1944606971837446 -0.1059324549969813 
10.5 0.5 -0.5 1 0.7279644122773601 -0.5906535548071623 
10.5 0.5 6 1 0.6448731577049788 -0.0348439950503556 
10.5 10.5 -0.5 1 -0.09835267999058032 -0.826999514371959 
10.5 10.5 6 1 -0.1013614348736231 0.01411074707518376 
0.5 10.5 -0.5 1 -0.2885869545761967 -0.4909206459281207 
0.5 10.5 6 1 -0.276643509352324 -0.0976173782132969 
0.5 5.5 9.5 1 -0.02069872968112038 0.06906665312206148 
10.5 5.5 9.5 1 0.3135457532670804 0.2848828911774823 
0.5 6.5 -0.5 1 -0.06113159524001235 -0.4602659924162274 
0.5 8.5 -0.5 1 -0.169618614761957 -0.47488702400541 
0.5 8.5 4.5 1 -0.1669702440587932 -0.1816041500534857 
0.5 6.5 4.5 1 -0.0640842358633239 -0.1799886041841023 
0.5 2.5 2 1 0.1235379093645333 -0.3027759306614038 
0.5 4.5 2 1 0.03427582800340061 -0.3093504742432232 
0.5 4.5 4.5 1 0.03054151881049314 -0.1785027632055105 
0.5 2.5 4.5 1 0.117863396142799 -0.1771316098222148 
