0 0 0 1 -0.3222758976046105 -0.2073170668836119 
0 0 6.5 1 -0.3546643463520335 0.07578821533315049 
10 0 0 1 0.07796775072173399 -0.1408587099103392 
10 0 6.5 1 0.05457205221758953 0.1080836440169392 
10 10 0 1 0.3159765104030318 -0.2305254239656469 
10 10 6.5 1 0.2836902070681424 0.1611480217553479 
0 10 0 1 -0.3096867064016388 -0.3650256793339629 
0 10 6.5 1 -0.3651305461718061 0.1184380915693578 
0 5 10 1 -0.3811434821971396 0.2891201054757459 
10 5 10 1 0.1283449896328488 0.2964416331869334 
0 6 0 1 -0.3163822960977903 -0.2811479985924344 
0 8 0 1 -0.3134477533414519 -0.3179099048036225 
0 8 5 1 -0.3505980548250191 0.006270910917400581 
0 6 5 1 -0.3494339396397017 0.007429460537693258 
0 2 2.5 1 -0.3341237629982308 -0.1098900540199727 
0 4 2.5 1 -0.33352276122493 -0.1225002629031288 
0 4 5 1 -0.3485033353253207 0.008355615688546876 
0 2 5 1 -0.3477423861036729 0.009112926857511387 
0.5 0.5 -0.5 1 -0.2963274601834451 -0.2299166616713781 
0.5 0.5 6 1 -0.328762212986537 0.05653588732469846 
10.5 0.5 -0.5 1 0.1051999339459071 -0.1599234545830112 
10.5 0.5 6 1 0.08188198967766427 0.09160450455799293 
10.5 10.5 -0.5 1 0.3631984935230543 -0.2622221033618137 
10.5 10.5 6 1 0.331276286961646 0.1358892197365796 
0.5 10.5 -0.5 1 -0.2647888519233575 -0.4073564106266498 
0.5 10.5 6 1 -0.3203584493172854 0.08594634706799475 
0.5 5.5 9.5 1 -0.3483756802009527 0.2679857208599153 
10.5 5.5 9.5 1 0.1632027623660286 0.2786818263731747 
0.5 6.5 -0.5 1 -0.2816337458421095 -0.3125851473079673 
0.5 8.5 -0.5 1 -0.2742709547524717 -0.3540090361423008 
0.5 8.5 4.5 1 -0.3114931894424298 -0.0240943933677347 
0.5 6.5 4.5 1 -0.3147436983002401 -0.0194721027417847 
0.5 2.5 2 1 -0.3058017387436082 -0.1333337997552277 
0.5 4.5 2 1 -0.3023257154298544 -0.148511113702177 
0.5 4.5 4.5 1 -0.3173320361925327 -0.01579143288371367 
0.5 2.5 4.5 1 -0.3194418379809982 -0.0127912512333841 
