0.2947208595718041 -0.5316587851224474 0.2353166701718195 0.0815596487348588 
-0.2231569984357146 -0.3530869504826336 -0.2611612411807094 0.01384710138733724 
0.125215733707122 -0.219712705787084 0.09934858680854713 0.04227647463886357 
0.5751013239157944 -0.2731665367165687 0.5410177409583024 0.09415499879669385 
0.2947208595718041 -0.5316587851224474 -0.2231569984357146 -0.3530869504826336 
-0.2231569984357146 -0.3530869504826336 0.125215733707122 -0.219712705787084 
0.125215733707122 -0.219712705787084 0.5751013239157944 -0.2731665367165687 
0.5751013239157944 -0.2731665367165687 0.2947208595718041 -0.5316587851224474 
0.2353166701718195 0.0815596487348588 0.403192228592626 0.3391848173278665 
0.403192228592626 0.3391848173278665 0.5410177409583024 0.09415499879669385 
-0.2611612411807094 0.01384710138733724 -0.06736049206393364 0.1960942566855182 
-0.06736049206393364 0.1960942566855182 0.09934858680854713 0.04227647463886357 
0.403192228592626 0.3391848173278665 -0.06736049206393364 0.1960942566855182 
0.2353166701718195 0.0815596487348588 -0.2611612411807094 0.01384710138733724 
0.5410177409583024 0.09415499879669385 0.09934858680854713 0.04227647463886357 
0.4950970398259201 -0.3469251964893907 0.538587975609637 -0.3068294294668492 
0.538587975609637 -0.3068294294668492 0.509956267429259 -1.619276886551862e-05 
0.509956267429259 -1.619276886551862e-05 0.4635217061168683 -0.01084491689358281 
0.4635217061168683 -0.01084491689358281 0.4950970398259201 -0.3469251964893907 
0.3574811520705506 -0.248452975458978 0.4248659320839011 -0.21019372311834 
0.4248659320839011 -0.21019372311834 0.4072274156858732 -0.02397296900917999 
0.4072274156858732 -0.02397296900917999 0.3375600253892022 -0.04021968112811949 
0.3375600253892022 -0.04021968112811949 0.3574811520705506 -0.248452975458978 
