0.261317826302371 -0.2608917614845687 0.3058084095996883 0.1222872362521332 
-0.3628518964728973 -0.2971292970347054 -0.3356124053025578 0.1945447647855554 
-0.3730867595401708 -0.1224969434461363 -0.357595572942245 0.1671407425210606 
0.03261977886114527 -0.1233860299430911 0.05559561646077051 0.1248616173351122 
0.261317826302371 -0.2608917614845687 -0.3628518964728973 -0.2971292970347054 
-0.3628518964728973 -0.2971292970347054 -0.3730867595401708 -0.1224969434461363 
-0.3730867595401708 -0.1224969434461363 0.03261977886114527 -0.1233860299430911 
0.03261977886114527 -0.1233860299430911 0.261317826302371 -0.2608917614845687 
0.3058084095996883 0.1222872362521332 0.1704310451388916 0.293489014282881 
0.1704310451388916 0.293489014282881 0.05559561646077051 0.1248616173351122 
-0.3356124053025578 0.1945447647855554 -0.338307430411758 0.384348260819259 
-0.338307430411758 0.384348260819259 -0.357595572942245 0.1671407425210606 
0.1704310451388916 0.293489014282881 -0.338307430411758 0.384348260819259 
0.3058084095996883 0.1222872362521332 -0.3356124053025578 0.1945447647855554 
0.05559561646077051 0.1248616173351122 -0.357595572942245 0.1671407425210606 
0.1015906654649731 -0.1648550862976757 0.0644912457234976 -0.142548893007473 
0.0644912457234976 -0.142548893007473 0.08405439628721882 0.06166462102185331 
0.08405439628721882 0.06166462102185331 0.1235845941130321 0.05598859964906734 
0.1235845941130321 0.05598859964906734 0.1015906654649731 -0.1648550862976757 
0.2118870253489696 -0.09236419093191944 0.1576870272447223 -0.07232057307064803 
0.1576870272447223 -0.07232057307064803 0.170342936507558 0.04927471089098821 
0.170342936507558 0.04927471089098821 0.2265114269491188 0.04120964747723423 
0.2265114269491188 0.04120964747723423 0.2118870253489696 -0.09236419093191944 
