0.2089774555138763 -0.4389599848166164 0.1593804327407364 0.1910666586821052 
-0.2287241037717049 -0.2502580998852948 -0.2690745667506295 0.1084223703952012 
0.1451251135690112 -0.1367230026610498 0.1232624084923558 0.1302433604142827 
0.5918408454192817 -0.2016303106638903 0.5734639340951128 0.1912680536031856 
0.2089774555138763 -0.4389599848166164 -0.2287241037717049 -0.2502580998852948 
-0.2287241037717049 -0.2502580998852948 0.1451251135690112 -0.1367230026610498 
0.1451251135690112 -0.1367230026610498 0.5918408454192817 -0.2016303106638903 
0.5918408454192817 -0.2016303106638903 0.2089774555138763 -0.4389599848166164 
0.1593804327407364 0.1910666586821052 0.3999954585485789 0.4676785424460079 
0.3999954585485789 0.4676785424460079 0.5734639340951128 0.1912680536031856 
-0.2690745667506295 0.1084223703952012 -0.05951378396565837 0.2920544098228618 
-0.05951378396565837 0.2920544098228618 0.1232624084923558 0.1302433604142827 
0.3999954585485789 0.4676785424460079 -0.05951378396565837 0.2920544098228618 
0.1593804327407364 0.1910666586821052 -0.2690745667506295 0.1084223703952012 
0.5734639340951128 0.1912680536031856 0.1232624084923558 0.1302433604142827 
0.4794105896195277 -0.271323670429774 0.5402019430873961 -0.2336402760644966 
0.5402019430873961 -0.2336402760644966 0.5236592027333108 0.09065531023262237 
0.5236592027333108 0.09065531023262237 0.4596445624294068 0.08145843863842943 
0.4596445624294068 0.08145843863842943 0.4794105896195277 -0.271323670429774 
0.3039310975303199 -0.1606941533585847 0.394979037309021 -0.1259158267346797 
0.394979037309021 -0.1259158267346797 0.3827941419525987 0.07041747291981343 
0.3827941419525987 0.07041747291981343 0.2888171457625545 0.05691596197380744 
0.2888171457625545 0.05691596197380744 0.3039310975303199 -0.1606941533585847 
