0 0 0 1 0.2925279158488795 -0.2964987570998902 
0 0 6.5 1 0.2537139223333019 0.04717576992383476 
10 0 0 1 0.3824128550991348 -0.5322492519803853 
10 0 6.5 1 0.2979057181475201 0.1783684632299517 
10 10 0 1 -0.5833101120088403 -0.5321182608812853 
10 10 6.5 1 -0.599569021726466 0.05712149979272577 
0 10 0 1 -0.2079513674237748 -0.318906735557823 
0 10 6.5 1 -0.2280776770913747 -0.006334435758898977 
0 5 10 1 -0.01353300440805631 0.186974320060432 
10 5 10 1 -0.2144060637007993 0.4275098107974295 
0 6 0 1 -0.01966577678897295 -0.3104766174692281 
0 8 0 1 -0.1156386291846687 -0.314773613730425 
0 8 5 1 -0.1337230054467372 -0.0681514881556842 
0 6 5 1 -0.04042954342003831 -0.05918830161091879 
0 2 2.5 1 0.1706228543580331 -0.1690953726547613 
0 4 2.5 1 0.06821864824293468 -0.1763338352247541 
0 4 5 1 0.05654432186397138 -0.04987151964543892 
0 2 5 1 0.1574207591078204 -0.04017979736023541 
0.5 0.5 -0.5 1 0.2695600190810944 -0.3315324056760833 
0.5 0.5 6 1 0.230624529732784 0.02132719393125122 
10.5 0.5 -0.5 1 0.3376442795473629 -0.6198552213110934 
10.5 0.5 6 1 0.2522204058965337 0.1311597285889813 
10.5 10.5 -0.5 1 -0.6602473886580476 -0.6032066905009962 
10.5 10.5 6 1 -0.6726932012494038 0.01349238020253524 
0.5 10.5 -0.5 1 -0.23955832633136 -0.3510145738328644 
0.5 10.5 6 1 -0.25913493150058 -0.03086962025519415 
0.5 5.5 9.5 1 -0.0409096517209701 0.1658643437771833 
10.5 5.5 9.5 1 -0.2758091343255073 0.3967830901729706 
0.5 6.5 -0.5 1 -0.04829651280164057 -0.3436956570294675 
0.5 8.5 -0.5 1 -0.1458276066708298 -0.3474278289073733 
0.5 8.5 4.5 1 -0.1635686262399455 -0.09467816846480408 
0.5 6.5 4.5 1 -0.06880787894638407 -0.08604175315533684 
0.5 2.5 2 1 0.1455988483981255 -0.1999766192834397 
0.5 4.5 2 1 0.04137249580944822 -0.2067491978474337 
0.5 4.5 4.5 1 0.0297752559005736 -0.07705696863891728 
0.5 2.5 4.5 1 0.1324168157301064 -0.06770230266152472 
