-0.2620402321966211 -0.04377325905773234 -0.2916323966118652 0.2277589919988259 
0.1325586063315342 -0.005763005397281782 0.1192014390546482 0.2503633679233274 
0.3152188839193791 -0.08804893725476971 0.3042442435253165 0.3272390430953296 
-0.3238119949993219 -0.1601789920843134 -0.3786210751438324 0.2971990157068529 
-0.2620402321966211 -0.04377325905773234 0.1325586063315342 -0.005763005397281782 
0.1325586063315342 -0.005763005397281782 0.3152188839193791 -0.08804893725476971 
0.3152188839193791 -0.08804893725476971 -0.3238119949993219 -0.1601789920843134 
-0.3238119949993219 -0.1601789920843134 -0.2620402321966211 -0.04377325905773234 
-0.2916323966118652 0.2277589919988259 -0.3460404292354839 0.451082721701899 
-0.3460404292354839 0.451082721701899 -0.3786210751438324 0.2971990157068529 
0.1192014390546482 0.2503633679233274 0.1815348871249222 0.4622819289792006 
0.1815348871249222 0.4622819289792006 0.3042442435253165 0.3272390430953296 
-0.3460404292354839 0.451082721701899 0.1815348871249222 0.4622819289792006 
-0.2916323966118652 0.2277589919988259 0.1192014390546482 0.2503633679233274 
-0.3786210751438324 0.2971990157068529 0.3042442435253165 0.3272390430953296 
-0.291284048616528 -0.09888173795490889 -0.3056300920007853 -0.125916124224724 
-0.3056300920007853 -0.125916124224724 -0.3412338512886145 0.1794301207404319 
-0.3412338512886145 0.1794301207404319 -0.3224184884525405 0.174050833743856 
-0.3224184884525405 0.174050833743856 -0.291284048616528 -0.09888173795490889 
-0.2823170715192984 0.05183518377139389 -0.2932573558161169 0.04421069191380503 
-0.2932573558161169 0.04421069191380503 -0.3073214282392181 0.1697346044795261 
-0.3073214282392181 0.1697346044795261 -0.2949395679182211 0.1661946472223395 
-0.2949395679182211 0.1661946472223395 -0.2823170715192984 0.05183518377139389 
