0 0 0 1 0.2979081221411503 -0.3879948487372393 
0 0 6.5 1 0.3260863670334835 0.03752430918300372 
10 0 0 1 -0.3810508622268848 -0.3440723498757408 
10 0 6.5 1 -0.3272724522743422 0.1070811104277017 
10 10 0 1 -0.2660509795971021 -0.2314209023619277 
10 10 6.5 1 -0.2363577620241617 0.03550788763876942 
0 10 0 1 0.1395251497949312 -0.2621581860356894 
0 10 6.5 1 0.1599536007386227 -0.004410925355533077 
0 5 10 1 0.2353656545022554 0.1778054937075558 
10 5 10 1 -0.2505339860943592 0.2356836806379991 
0 6 0 1 0.1849762439805478 -0.2982694795903361 
0 8 0 1 0.160294399297606 -0.2786595371943186 
0 8 5 1 0.1770672282625595 -0.06232952480341309 
0 6 5 1 0.2028442348569701 -0.06157705533744786 
0 2 2.5 1 0.2618507528904654 -0.2036826416165996 
0 4 2.5 1 0.2244302175973657 -0.1899724341623181 
0 4 5 1 0.2338731504201833 -0.0606712747753094 
0 2 5 1 0.2719410998538355 -0.05956001426195933 
0.5 0.5 -0.5 1 0.2519535421877162 -0.4087967107811973 
0.5 0.5 6 1 0.2808877754340945 0.006524205995748662 
10.5 0.5 -0.5 1 -0.4108958766257356 -0.367445600040629 
10.5 0.5 6 1 -0.3575582565433192 0.07226843594294398 
10.5 10.5 -0.5 1 -0.2857350957214356 -0.2472141069480953 
10.5 10.5 6 1 -0.2561227797868564 0.01567060672293828 
0.5 10.5 -0.5 1 0.1140386816996306 -0.2768743522873277 
0.5 10.5 6 1 0.1346504239367975 -0.02290153324642139 
0.5 5.5 9.5 1 0.2030409366102578 0.1517370496698292 
10.5 5.5 9.5 1 -0.2745650304181085 0.2072472498068779 
0.5 6.5 -0.5 1 0.1539133287369503 -0.3150164166207666 
0.5 8.5 -0.5 1 0.1322896895703881 -0.2943323404597372 
0.5 8.5 4.5 1 0.1492395820891095 -0.08145591192178075 
0.5 6.5 4.5 1 0.1720093275118994 -0.08245272343184364 
0.5 2.5 2 1 0.2223945349652961 -0.2261838952304784 
0.5 4.5 2 1 0.1897286668234777 -0.2104912380771639 
0.5 4.5 4.5 1 0.1993227350266413 -0.08364844690104334 
0.5 2.5 4.5 1 0.2326905582270664 -0.08510921994063282 
