0.2379353082911488 -0.3979770112440472 0.2130397404486508 -0.0874163435545165 
0.7178262256488569 -0.5550307005675471 0.6313329986440713 -0.007344495129246346 
-0.122107094386606 -0.7577462985591323 -0.1356690032035544 0.01445077555721944 
-0.2529217804726112 -0.4628891401435469 -0.251557658295514 -0.09112828772814796 
0.2379353082911488 -0.3979770112440472 0.7178262256488569 -0.5550307005675471 
0.7178262256488569 -0.5550307005675471 -0.122107094386606 -0.7577462985591323 
-0.122107094386606 -0.7577462985591323 -0.2529217804726112 -0.4628891401435469 
-0.2529217804726112 -0.4628891401435469 0.2379353082911488 -0.3979770112440472 
0.2130397404486508 -0.0874163435545165 -0.006651544026323674 0.07746338442438501 
-0.006651544026323674 0.07746338442438501 -0.251557658295514 -0.09112828772814796 
0.6313329986440713 -0.007344495129246346 0.2780327438938143 0.2940980840686284 
0.2780327438938143 0.2940980840686284 -0.1356690032035544 0.01445077555721944 
-0.006651544026323674 0.07746338442438501 0.2780327438938143 0.2940980840686284 
0.2130397404486508 -0.0874163435545165 0.6313329986440713 -0.007344495129246346 
-0.251557658295514 -0.09112828772814796 -0.1356690032035544 0.01445077555721944 
-0.03514110576932901 -0.4340892968658161 -0.1399186666488625 -0.4479453349943819 
-0.1399186666488625 -0.4479453349943819 -0.1442343670272802 -0.1689166353074357 
-0.1442343670272802 -0.1689166353074357 -0.04408814296961364 -0.1653847884954371 
-0.04408814296961364 -0.1653847884954371 -0.03514110576932901 -0.4340892968658161 
0.1447087439009902 -0.2813765653174298 0.05566010872138683 -0.2887270407889549 
0.05566010872138683 -0.2887270407889549 0.04933457042910842 -0.1620900590576548 
0.04933457042910842 -0.1620900590576548 0.1366888762225142 -0.1590093435405812 
0.1366888762225142 -0.1590093435405812 0.1447087439009902 -0.2813765653174298 
