-0.00103296919862463 -0.2374366667563628 -0.03639672710043295 0.4602659384871121 
-0.247268993191697 -0.05470582744648596 -0.280839661052099 0.3060136989268366 
0.1831806377490099 0.008563769070134319 0.1785562315955637 0.2993085953779712 
0.6154890215562612 -0.0787591276993541 0.6447486745697416 0.3970688316467288 
-0.00103296919862463 -0.2374366667563628 -0.247268993191697 -0.05470582744648596 
-0.247268993191697 -0.05470582744648596 0.1831806377490099 0.008563769070134319 
0.1831806377490099 0.008563769070134319 0.6154890215562612 -0.0787591276993541 
0.6154890215562612 -0.0787591276993541 -0.00103296919862463 -0.2374366667563628 
-0.03639672710043295 0.4602659384871121 0.3791717452694662 0.7778958801571587 
0.3791717452694662 0.7778958801571587 0.6447486745697416 0.3970688316467288 
-0.280839661052099 0.3060136989268366 -0.03467703553083353 0.4914003600401141 
-0.03467703553083353 0.4914003600401141 0.1785562315955637 0.2993085953779712 
0.3791717452694662 0.7778958801571587 -0.03467703553083353 0.4914003600401141 
-0.03639672710043295 0.4602659384871121 -0.280839661052099 0.3060136989268366 
0.6447486745697416 0.3970688316467288 0.1785562315955637 0.2993085953779712 
0.4214113046136271 -0.1287099404393064 0.524883567425103 -0.1020787346270343 
0.524883567425103 -0.1020787346270343 0.5422647249258865 0.280693409659267 
0.5422647249258865 0.280693409659267 0.4324297792482483 0.2812814612349145 
0.4324297792482483 0.2812814612349145 0.4214113046136271 -0.1287099404393064 
0.1584670714349405 0.03375233213667087 0.3032431377296641 0.05274421241753962 
0.3032431377296641 0.05274421241753962 0.304454525176305 0.2819666352415716 
0.304454525176305 0.2819666352415716 0.1534403649388662 0.2827751585610382 
0.1534403649388662 0.2827751585610382 0.1584670714349405 0.03375233213667087 
