-0.7216490069019589 -0.5814700976397374 -0.6384707711548527 -0.06514500724688356 
-0.2277089554575474 -0.4142403990901691 -0.1986314549624024 -0.110890355889836 
0.2415549462879842 -0.5147231612113524 0.2528681398015152 -0.1360627722446151 
0.002013793923440743 -0.874416716675695 0.04877839213326632 -0.09383285122127696 
-0.7216490069019589 -0.5814700976397374 -0.2277089554575474 -0.4142403990901691 
-0.2277089554575474 -0.4142403990901691 0.2415549462879842 -0.5147231612113524 
0.2415549462879842 -0.5147231612113524 0.002013793923440743 -0.874416716675695 
0.002013793923440743 -0.874416716675695 -0.7216490069019589 -0.5814700976397374 
-0.6384707711548527 -0.06514500724688356 -0.3232289149536648 0.2166943985970189 
-0.3232289149536648 0.2166943985970189 0.04877839213326632 -0.09383285122127696 
-0.1986314549624024 -0.110890355889836 0.01491398843029839 0.04647835157523061 
0.01491398843029839 0.04647835157523061 0.2528681398015152 -0.1360627722446151 
-0.3232289149536648 0.2166943985970189 0.01491398843029839 0.04647835157523061 
-0.6384707711548527 -0.06514500724688356 -0.1986314549624024 -0.110890355889836 
0.04877839213326632 -0.09383285122127696 0.2528681398015152 -0.1360627722446151 
-0.3604754213630699 -0.7276771164999477 -0.1958711224712998 -0.7943107375512563 
-0.1958711224712998 -0.7943107375512563 -0.1475436298169008 -0.2375293022857339 
-0.1475436298169008 -0.2375293022857339 -0.3047298084119296 -0.2190646889820058 
-0.3047298084119296 -0.2190646889820058 -0.3604754213630699 -0.7276771164999477 
-0.585938304017002 -0.3998431883419902 -0.4683213843037922 -0.4297040500128339 
-0.4683213843037922 -0.4297040500128339 -0.4390701093680932 -0.203283774079476 
-0.4390701093680932 -0.203283774079476 -0.5552078236274262 -0.1896411115823978 
-0.5552078236274262 -0.1896411115823978 -0.585938304017002 -0.3998431883419902 
