0.4031783597005379 -0.52376732905685 0.3444186940720228 0.02086842665031998 
-0.2791658840530835 -0.462459020400558 -0.2772706069937775 -0.05143815607039983 
-0.009895621577282299 -0.3521067783709788 -0.02067353956724584 -0.08904560234944585 
0.4279133122503075 -0.3654016570203481 0.3920452184444292 -0.05340995432265874 
0.4031783597005379 -0.52376732905685 -0.2791658840530835 -0.462459020400558 
-0.2791658840530835 -0.462459020400558 -0.009895621577282299 -0.3521067783709788 
-0.009895621577282299 -0.3521067783709788 0.4279133122503075 -0.3654016570203481 
0.4279133122503075 -0.3654016570203481 0.4031783597005379 -0.52376732905685 
0.3444186940720228 0.02086842665031998 0.3527749892369967 0.1666089366624417 
0.3527749892369967 0.1666089366624417 0.3920452184444292 -0.05340995432265874 
-0.2772706069937775 -0.05143815607039983 -0.125605934304124 0.08458343557840697 
-0.125605934304124 0.08458343557840697 -0.02067353956724584 -0.08904560234944585 
0.3527749892369967 0.1666089366624417 -0.125605934304124 0.08458343557840697 
0.3444186940720228 0.02086842665031998 -0.2772706069937775 -0.05143815607039983 
0.3920452184444292 -0.05340995432265874 -0.02067353956724584 -0.08904560234944585 
0.4211435229326673 -0.4087452709883325 0.424850767660548 -0.3850096158843546 
0.424850767660548 -0.3850096158843546 0.3945163564484691 -0.1190773100868814 
0.3945163564484691 -0.1190773100868814 0.3879566969446652 -0.1150320453159591 
0.3879566969446652 -0.1150320453159591 0.4211435229326673 -0.4087452709883325 
0.3896886543417086 -0.2836462072682545 0.3977350283272004 -0.2694541162085785 
0.3977350283272004 -0.2694541162085785 0.3799383262104384 -0.1100872105066899 
0.3799383262104384 -0.1100872105066899 0.3699138014809459 -0.1039052041525581 
0.3699138014809459 -0.1039052041525581 0.3896886543417086 -0.2836462072682545 
