0.1310157956414918 -0.4193102766524956 0.1375589536493741 -0.1299696798299113 
0.6142188313659793 -0.5672300841928225 0.5894180709662387 -0.1245881506695637 
0.1317941412453112 -0.7875504646604798 0.1473230716652476 -0.05480633998830202 
-0.296939127708956 -0.4829862345402466 -0.2608404416872808 -0.09275240734139506 
0.1310157956414918 -0.4193102766524956 0.6142188313659793 -0.5672300841928225 
0.6142188313659793 -0.5672300841928225 0.1317941412453112 -0.7875504646604798 
0.1317941412453112 -0.7875504646604798 -0.296939127708956 -0.4829862345402466 
-0.296939127708956 -0.4829862345402466 0.1310157956414918 -0.4193102766524956 
0.1375589536493741 -0.1299696798299113 -0.02447422429167667 0.05025080693620633 
-0.02447422429167667 0.05025080693620633 -0.2608404416872808 -0.09275240734139506 
0.5894180709662387 -0.1245881506695637 0.4124161051371614 0.1609909898064709 
0.4124161051371614 0.1609909898064709 0.1473230716652476 -0.05480633998830202 
-0.02447422429167667 0.05025080693620633 0.4124161051371614 0.1609909898064709 
0.1375589536493741 -0.1299696798299113 0.5894180709662387 -0.1245881506695637 
-0.2608404416872808 -0.09275240734139506 0.1473230716652476 -0.05480633998830202 
-0.09363342431099908 -0.4527361200969859 -0.1885033122189385 -0.4668519315005499 
-0.1885033122189385 -0.4668519315005499 -0.1671813096326895 -0.1823099115389993 
-0.1671813096326895 -0.1823099115389993 -0.07775650663178005 -0.1858311116666688 
-0.07775650663178005 -0.1858311116666688 -0.09363342431099908 -0.4527361200969859 
0.0685262716600471 -0.3081018054335129 -0.004056898579796325 -0.3119575315013486 
-0.004056898579796325 -0.3119575315013486 0.001576045850418763 -0.1889549183126372 
0.001576045850418763 -0.1889549183126372 0.07243356787950966 -0.191745011298502 
0.07243356787950966 -0.191745011298502 0.0685262716600471 -0.3081018054335129 
