0.2792984366080061 -0.3726119276875683 0.2437559405670481 -0.05229111971959256 
0.6855400937293863 -0.6213082402582519 0.5953160283070127 -0.0009941398982173369 
-0.308842741952273 -0.8119269624267399 -0.3484864102205554 -0.07692373236016524 
-0.2252161270313119 -0.4420813067703562 -0.2473505880581171 -0.0936589460767915 
0.2792984366080061 -0.3726119276875683 0.6855400937293863 -0.6213082402582519 
0.6855400937293863 -0.6213082402582519 -0.308842741952273 -0.8119269624267399 
-0.308842741952273 -0.8119269624267399 -0.2252161270313119 -0.4420813067703562 
-0.2252161270313119 -0.4420813067703562 0.2792984366080061 -0.3726119276875683 
0.2437559405670481 -0.05229111971959256 -0.00736383272468859 0.09912282908779395 
-0.00736383272468859 0.09912282908779395 -0.2473505880581171 -0.0936589460767915 
0.5953160283070127 -0.0009941398982173369 0.1253738828919917 0.2934061323861856 
0.1253738828919917 0.2934061323861856 -0.3484864102205554 -0.07692373236016524 
-0.00736383272468859 0.09912282908779395 0.1253738828919917 0.2934061323861856 
0.2437559405670481 -0.05229111971959256 0.5953160283070127 -0.0009941398982173369 
-0.2473505880581171 -0.0936589460767915 -0.3484864102205554 -0.07692373236016524 
-0.01363524478180686 -0.4129475739210313 -0.1176895644748892 -0.4272753842577972 
-0.1176895644748892 -0.4272753842577972 -0.1372147954192943 -0.1619343721410857 
-0.1372147954192943 -0.1619343721410857 -0.03537268172660444 -0.1521339725174599 
-0.03537268172660444 -0.1521339725174599 -0.01363524478180686 -0.4129475739210313 
0.1716906338563871 -0.2580361098396253 0.07506767918614037 -0.2693094790915891 
0.07506767918614037 -0.2693094790915891 0.06331016540215802 -0.1426375932418159 
0.06331016540215802 -0.1426375932418159 0.1589785070861084 -0.1334313037625788 
0.1589785070861084 -0.1334313037625788 0.1716906338563871 -0.2580361098396253 
