0.1050696781747355 -0.4150092761516387 0.1178284863760809 -0.1315303417292602 
0.5784069215914739 -0.5668812668908364 0.5685598409110089 -0.1464523019592503 
0.1673528751315825 -0.8053446941178493 0.1915567647267998 -0.09351448900151652 
-0.3048676640495797 -0.4870992904752235 -0.2642965777652317 -0.09560866045295383 
0.1050696781747355 -0.4150092761516387 0.5784069215914739 -0.5668812668908364 
0.5784069215914739 -0.5668812668908364 0.1673528751315825 -0.8053446941178493 
0.1673528751315825 -0.8053446941178493 -0.3048676640495797 -0.4870992904752235 
-0.3048676640495797 -0.4870992904752235 0.1050696781747355 -0.4150092761516387 
0.1178284863760809 -0.1315303417292602 -0.03217371622355604 0.04804846073267845 
-0.03217371622355604 0.04804846073267845 -0.2642965777652317 -0.09560866045295383 
0.5685598409110089 -0.1464523019592503 0.4251727275886832 0.1269262167962704 
0.4251727275886832 0.1269262167962704 0.1915567647267998 -0.09351448900151652 
-0.03217371622355604 0.04804846073267845 0.4251727275886832 0.1269262167962704 
0.1178284863760809 -0.1315303417292602 0.5685598409110089 -0.1464523019592503 
-0.2642965777652317 -0.09560866045295383 0.1915567647267998 -0.09351448900151652 
-0.1078036409680724 -0.4524443645064752 -0.1992299847314641 -0.468522251911642 
-0.1992299847314641 -0.468522251911642 -0.1741215099442885 -0.1852655792916832 
-0.1741215099442885 -0.1852655792916832 -0.08782033774205859 -0.1881268870007007 
-0.08782033774205859 -0.1881268870007007 -0.1078036409680724 -0.4524443645064752 
0.04893300845151314 -0.3074267821065683 -0.01980837357106808 -0.3122483492827051 
-0.01980837357106808 -0.3122483492827051 -0.01200620972413489 -0.190640497690041 
-0.01200620972413489 -0.190640497690041 0.0551229134833309 -0.192866157815294 
0.0551229134833309 -0.192866157815294 0.04893300845151314 -0.3074267821065683 
