0 0 0 1 -0.1112461771650381 -0.03532666741082374 
0 0 6.5 1 -0.1080262783558777 0.2163961361244737 
10 0 0 1 0.2800214911301843 -0.06682278255882997 
10 0 6.5 1 0.3039813761387486 0.2042840614742951 
10 10 0 1 0.3244679434766758 -0.2293211852296838 
10 10 6.5 1 0.3693516905397972 0.2190927288160007 
0 10 0 1 -0.2966574485338037 -0.1609186536721955 
0 10 6.5 1 -0.3059399838390152 0.2368558456676037 
0 5 10 1 -0.1837763488405074 0.4059811780063518 
10 5 10 1 0.346769837204104 0.4108567908034968 
0 6 0 1 -0.2017108658062309 -0.09660471080639881 
0 8 0 1 -0.2442930443673425 -0.1254485903901258 
0 8 5 1 -0.2477882481692074 0.1443801315914007 
0 6 5 1 -0.202840772911738 0.148193556541627 
0 2 2.5 1 -0.1358503564138662 0.04869386360981569 
0 4 2.5 1 -0.1661597736728614 0.03694663690883412 
0 4 5 1 -0.1659050374559904 0.1513272510224642 
0 2 5 1 -0.1350142311240768 0.1539480828027576 
0.5 0.5 -0.5 1 -0.09902212260520232 -0.05969355203966929 
0.5 0.5 6 1 -0.09513714954954927 0.1957735192519726 
10.5 0.5 -0.5 1 0.3011530937574858 -0.09380081969194894 
10.5 0.5 6 1 0.3267528803851757 0.181643472131287 
10.5 10.5 -0.5 1 0.3612927551719991 -0.2799111921219942 
10.5 10.5 6 1 0.4112467119727572 0.1803878020448274 
0.5 10.5 -0.5 1 -0.2827271228018933 -0.2034380046752653 
0.5 10.5 6 1 -0.2911843004998244 0.2037109191781916 
0.5 5.5 9.5 1 -0.1691315259947614 0.3842746417368443 
10.5 5.5 9.5 1 0.3779477953058923 0.3868486618100893 
0.5 6.5 -0.5 1 -0.1881582554755746 -0.1294402906466036 
0.5 8.5 -0.5 1 -0.2304412600063497 -0.1625256575966436 
0.5 8.5 4.5 1 -0.2332845690793444 0.112872490607476 
0.5 6.5 4.5 1 -0.18865648047646 0.119942960523262 
0.5 2.5 2 1 -0.1228896316877658 0.02357986863473027 
0.5 4.5 2 1 -0.1527238697311959 0.009328711654558694 
0.5 4.5 4.5 1 -0.1521658504627064 0.125724205245978 
0.5 2.5 4.5 1 -0.1217729698183993 0.1305393778195074 
