0.2569613379938772 -0.1266357402558422 0.2897139661357123 0.248065449319369 
-0.302354789100223 -0.2429650943187008 -0.3137902394985042 0.3055276324800914 
-0.4542012265473384 -0.06143601867313084 -0.4702850687992186 0.266609880777417 
-0.03769704866660602 -0.02015901084844533 -0.02998945262071696 0.2366954183516483 
0.2569613379938772 -0.1266357402558422 -0.302354789100223 -0.2429650943187008 
-0.302354789100223 -0.2429650943187008 -0.4542012265473384 -0.06143601867313084 
-0.4542012265473384 -0.06143601867313084 -0.03769704866660602 -0.02015901084844533 
-0.03769704866660602 -0.02015901084844533 0.2569613379938772 -0.1266357402558422 
0.2897139661357123 0.248065449319369 0.1079879451776045 0.4205005528934257 
0.1079879451776045 0.4205005528934257 -0.02998945262071696 0.2366954183516483 
-0.3137902394985042 0.3055276324800914 -0.4226345105895821 0.5300281460302825 
-0.4226345105895821 0.5300281460302825 -0.4702850687992186 0.266609880777417 
0.1079879451776045 0.4205005528934257 -0.4226345105895821 0.5300281460302825 
0.2897139661357123 0.248065449319369 -0.3137902394985042 0.3055276324800914 
-0.02998945262071696 0.2366954183516483 -0.4702850687992186 0.266609880777417 
0.05485398870645461 -0.05360293170347948 0.005487065294948116 -0.03576387202037831 
0.005487065294948116 -0.03576387202037831 0.01346160488792202 0.1725817158379007 
0.01346160488792202 0.1725817158379007 0.06551706030250265 0.1695334044444486 
0.06551706030250265 0.1695334044444486 0.05485398870645461 -0.05360293170347948 
0.1874521082922111 0.02864262309238673 0.1187426656610658 0.04321019342361027 
0.1187426656610658 0.04321019342361027 0.1259680043581663 0.1659934622800353 
0.1259680043581663 0.1659934622800353 0.1970236180179573 0.1618325220872578 
0.1970236180179573 0.1618325220872578 0.1874521082922111 0.02864262309238673 
