0.2904256031732316 -0.2736294121461135 0.2532515736359726 0.07358340120586139 
0.252711862742668 -0.5626689852492405 0.1782006087508783 0.1467655773373064 
-0.5889113442680617 -0.5045438636351083 -0.6315243918163641 0.02664530600683991 
-0.1873308701905859 -0.2822058189253372 -0.2149946585349719 0.01603194688653248 
0.2904256031732316 -0.2736294121461135 0.252711862742668 -0.5626689852492405 
0.252711862742668 -0.5626689852492405 -0.5889113442680617 -0.5045438636351083 
-0.5889113442680617 -0.5045438636351083 -0.1873308701905859 -0.2822058189253372 
-0.1873308701905859 -0.2822058189253372 0.2904256031732316 -0.2736294121461135 
0.2532515736359726 0.07358340120586139 -0.01558105473166171 0.2128589581313487 
-0.01558105473166171 0.2128589581313487 -0.2149946585349719 0.01603194688653248 
0.1782006087508783 0.1467655773373064 -0.3133850493805143 0.396262314945067 
-0.3133850493805143 0.396262314945067 -0.6315243918163641 0.02664530600683991 
-0.01558105473166171 0.2128589581313487 -0.3133850493805143 0.396262314945067 
0.2532515736359726 0.07358340120586139 0.1782006087508783 0.1467655773373064 
-0.2149946585349719 0.01603194688653248 -0.6315243918163641 0.02664530600683991 
-0.01356069432317041 -0.2790863976355679 -0.1029954365409588 -0.2806918781935899 
-0.1029954365409588 -0.2806918781935899 -0.1255367981493025 -0.04411768876167074 
-0.1255367981493025 -0.04411768876167074 -0.03742994599496918 -0.03542381021338058 
-0.03742994599496918 -0.03542381021338058 -0.01356069432317041 -0.2790863976355679 
0.1690667979711966 -0.145463975907805 0.06874196368867988 -0.1513130826353994 
0.06874196368867988 -0.1513130826353994 0.05612908296672937 -0.02619194214636368 
0.05612908296672937 -0.02619194214636368 0.155662529881801 -0.01637055280133803 
0.155662529881801 -0.01637055280133803 0.1690667979711966 -0.145463975907805 
