-0.5004139601807428 -0.4443758375313819 -0.4954587640561082 -0.08158277146025271 
-0.04712897378632896 -0.349442254726055 -0.06146691903347926 -0.080268837122069 
0.3084502311536824 -0.4157821967765727 0.2673820917735086 -0.02423275382911023 
-0.2691441749414674 -0.6224778758037035 -0.2814358792969965 0.004624493048175822 
-0.5004139601807428 -0.4443758375313819 -0.04712897378632896 -0.349442254726055 
-0.04712897378632896 -0.349442254726055 0.3084502311536824 -0.4157821967765727 
0.3084502311536824 -0.4157821967765727 -0.2691441749414674 -0.6224778758037035 
-0.2691441749414674 -0.6224778758037035 -0.5004139601807428 -0.4443758375313819 
-0.4954587640561082 -0.08158277146025271 -0.415433636170414 0.1735785294140198 
-0.415433636170414 0.1735785294140198 -0.2814358792969965 0.004624493048175822 
-0.06146691903347926 -0.080268837122069 0.06141654556724243 0.102346251771435 
0.06141654556724243 0.102346251771435 0.2673820917735086 -0.02423275382911023 
-0.415433636170414 0.1735785294140198 0.06141654556724243 0.102346251771435 
-0.4954587640561082 -0.08158277146025271 -0.06146691903347926 -0.080268837122069 
-0.2814358792969965 0.004624493048175822 0.2673820917735086 -0.02423275382911023 
-0.3937339598327169 -0.5265306485682744 -0.3395816743453797 -0.5682335991392751 
-0.3395816743453797 -0.5682335991392751 -0.3437197827740635 -0.1394591217529946 
-0.3437197827740635 -0.1394591217529946 -0.3944536545741354 -0.146891960024209 
-0.3944536545741354 -0.146891960024209 -0.3937339598327169 -0.5265306485682744 
-0.4700448933128479 -0.308637619566908 -0.4359093790164255 -0.3188541023475853 
-0.4359093790164255 -0.3188541023475853 -0.4351924608999108 -0.1528604569679291 
-0.4351924608999108 -0.1528604569679291 -0.4686250268760663 -0.1577585427452524 
-0.4686250268760663 -0.1577585427452524 -0.4700448933128479 -0.308637619566908 
