0.1993387182102627 -0.4262757176695172 0.150650924004048 0.2063963274959999 
-0.2297673970095933 -0.2381833391133513 -0.270153142436691 0.1201781074606387 
0.1468721745100502 -0.1272713361453483 0.1255895038607562 0.14053353668774 
0.5931986477405186 -0.192778657752263 0.5767208901663109 0.2033592065092529 
0.1993387182102627 -0.4262757176695172 -0.2297673970095933 -0.2381833391133513 
-0.2297673970095933 -0.2381833391133513 0.1468721745100502 -0.1272713361453483 
0.1468721745100502 -0.1272713361453483 0.5931986477405186 -0.192778657752263 
0.5931986477405186 -0.192778657752263 0.1993387182102627 -0.4262757176695172 
0.150650924004048 0.2063963274959999 0.3993042974327387 0.4842703497496478 
0.3993042974327387 0.4842703497496478 0.5767208901663109 0.2033592065092529 
-0.270153142436691 0.1201781074606387 -0.05882570784394645 0.3037018600730076 
-0.05882570784394645 0.3037018600730076 0.1255895038607562 0.14053353668774 
0.3993042974327387 0.4842703497496478 -0.05882570784394645 0.3037018600730076 
0.150650924004048 0.2063963274959999 -0.270153142436691 0.1201781074606387 
0.5767208901663109 0.2033592065092529 0.1255895038607562 0.14053353668774 
0.4771884919433391 -0.2615544540905476 0.5398791645558577 -0.2243887343974663 
0.5398791645558577 -0.2243887343974663 0.5247590850579932 0.10218089902373 
0.5247590850579932 0.10218089902373 0.4587767179562979 0.09345374169683368 
0.4587767179562979 0.09345374169683368 0.4771884919433391 -0.2615544540905476 
0.2976270245329628 -0.1486766819626691 0.3912235630822365 -0.1146700953846652 
0.3912235630822365 -0.1146700953846652 0.3796516437659093 0.08298826430804021 
0.3796516437659093 0.08298826430804021 0.283022783472771 0.07020764877181411 
0.283022783472771 0.07020764877181411 0.2976270245329628 -0.1486766819626691 
