0.3795456172074909 -0.686461771962107 0.3536373750623138 -0.1600827506177814 
-0.3471428846204078 -0.6049058503691374 -0.3114420572370947 -0.152993294590992 
-0.1245027928920904 -0.4450565416434822 -0.1133966947970669 -0.1718491954205816 
0.3071088960932107 -0.4764338434925665 0.2957724279017181 -0.1776726342905544 
0.3795456172074909 -0.686461771962107 -0.3471428846204078 -0.6049058503691374 
-0.3471428846204078 -0.6049058503691374 -0.1245027928920904 -0.4450565416434822 
-0.1245027928920904 -0.4450565416434822 0.3071088960932107 -0.4764338434925665 
0.3071088960932107 -0.4764338434925665 0.3795456172074909 -0.686461771962107 
0.3536373750623138 -0.1600827506177814 0.3094580843651127 0.01330059310623418 
0.3094580843651127 0.01330059310623418 0.2957724279017181 -0.1776726342905544 
-0.3114420572370947 -0.152993294590992 -0.1801422893779079 0.001951168522592552 
-0.1801422893779079 0.001951168522592552 -0.1133966947970669 -0.1718491954205816 
0.3094580843651127 0.01330059310623418 -0.1801422893779079 0.001951168522592552 
0.3536373750623138 -0.1600827506177814 -0.3114420572370947 -0.152993294590992 
0.2957724279017181 -0.1776726342905544 -0.1133966947970669 -0.1718491954205816 
0.3269449942658639 -0.5339479681524618 0.3160834256991285 -0.5024552016259053 
0.3160834256991285 -0.5024552016259053 0.3060375149846303 -0.247406817688221 
0.3060375149846303 -0.247406817688221 0.3153458985751896 -0.2518484128701685 
0.3153458985751896 -0.2518484128701685 0.3269449942658639 -0.5339479681524618 
0.3488668954110182 -0.4372174879762426 0.3333409188763167 -0.4104867284012158 
0.3333409188763167 -0.4104867284012158 0.3267183063183727 -0.2572748793396524 
0.3267183063183727 -0.2572748793396524 0.3409268511555714 -0.2640546390774648 
0.3409268511555714 -0.2640546390774648 0.3488668954110182 -0.4372174879762426 
