0.3688237832887087 -0.5211885753883 0.2998829030783443 0.07047518589854006 
-0.2353404362399684 -0.4081837272761251 -0.2629085417641526 -0.02315916156528184 
0.08239885314407308 -0.279408170448192 0.05719544316410431 -0.01876646010315915 
0.530220167995596 -0.3038221567384114 0.4855666037493263 0.03749799833434179 
0.3688237832887087 -0.5211885753883 -0.2353404362399684 -0.4081837272761251 
-0.2353404362399684 -0.4081837272761251 0.08239885314407308 -0.279408170448192 
0.08239885314407308 -0.279408170448192 0.530220167995596 -0.3038221567384114 
0.530220167995596 -0.3038221567384114 0.3688237832887087 -0.5211885753883 
0.2998829030783443 0.07047518589854006 0.3891170024448851 0.2711735030646001 
0.3891170024448851 0.2711735030646001 0.4855666037493263 0.03749799833434179 
-0.2629085417641526 -0.02315916156528184 -0.08673903247093569 0.1407895562276258 
-0.08673903247093569 0.1407895562276258 0.05719544316410431 -0.01876646010315915 
0.3891170024448851 0.2711735030646001 -0.08673903247093569 0.1407895562276258 
0.2998829030783443 0.07047518589854006 -0.2629085417641526 -0.02315916156528184 
0.4855666037493263 0.03749799833434179 0.05719544316410431 -0.01876646010315915 
0.4854742064427837 -0.3640853988763587 0.5099234923042173 -0.331157438836245 
0.5099234923042173 -0.331157438836245 0.4726778077288835 -0.0424331461138212 
0.4726778077288835 -0.0424331461138212 0.4451044362622105 -0.04574289740762656 
0.4451044362622105 -0.04574289740762656 0.4854742064427837 -0.3640853988763587 
0.3931447515536788 -0.2520109147170734 0.4331335176717522 -0.2247278974603346 
0.4331335176717522 -0.2247278974603346 0.4114162914859748 -0.04978663144623748 
0.4114162914859748 -0.04978663144623748 0.3693256546170497 -0.05483895303129992 
0.3693256546170497 -0.05483895303129992 0.3931447515536788 -0.2520109147170734 
