0 0 0 1 -0.3150324808310124 -0.1819462510054638 
0 0 6.5 1 -0.3477127045527322 0.09888094298775629 
10 0 0 1 0.08391156407045576 -0.1194090343692811 
10 0 6.5 1 0.0612962278009948 0.129812933299889 
10 10 0 1 0.3147805095215182 -0.2064255231446264 
10 10 6.5 1 0.2846305290624971 0.1871810061733817 
0 10 0 1 -0.3126168671018764 -0.3317824677815057 
0 10 6.5 1 -0.368782752480506 0.1469103019012291 
0 5 10 1 -0.37848460503029 0.3138184982710713 
10 5 10 1 0.1331575506722899 0.3212462802293481 
0 6 0 1 -0.3138999855158938 -0.2521929181307814 
0 8 0 1 -0.3133371650712759 -0.2871036677794488 
0 8 5 1 -0.3508803766570824 0.03365929807704527 
0 6 5 1 -0.3472748276360443 0.0335033315540991 
0 2 2.5 1 -0.3282771695739534 -0.08480707489333258 
0 4 2.5 1 -0.3292498566499086 -0.09643648678336779 
0 4 5 1 -0.3443914977391676 0.03337860632199201 
0 2 5 1 -0.3420331426918161 0.03327659011462338 
0.5 0.5 -0.5 1 -0.2896468145707141 -0.2043351520024436 
0.5 0.5 6 1 -0.3223004441287257 0.07979129085118404 
10.5 0.5 -0.5 1 0.1109336474031231 -0.138494375579557 
10.5 0.5 6 1 0.08848493902607987 0.1133242743207901 
10.5 10.5 -0.5 1 0.3617768462454982 -0.2382385056641943 
10.5 10.5 6 1 0.3322611126512044 0.161883113318974 
0.5 10.5 -0.5 1 -0.26902579251509 -0.3735085704625665 
0.5 10.5 6 1 -0.3251134571798387 0.1148436698935068 
0.5 5.5 9.5 1 -0.3463457525160295 0.2929263948100322 
10.5 5.5 9.5 1 0.1680088324238868 0.3035117098892643 
0.5 6.5 -0.5 1 -0.2800259268073158 -0.2832642403456357 
0.5 8.5 -0.5 1 -0.275214002711041 -0.3227409280937782 
0.5 8.5 4.5 1 -0.3127068436479461 0.003642268180420419 
0.5 6.5 4.5 1 -0.3133613646619875 0.006883258535949447 
0.5 2.5 2 1 -0.3005634552324214 -0.1080326505795915 
0.5 4.5 2 1 -0.2987551192822875 -0.1221877397069926 
0.5 4.5 4.5 1 -0.3138827083443853 0.009464794973006493 
0.5 2.5 4.5 1 -0.3143077682541063 0.01156956325144854 
