0 0 0 1 0.2581173257178542 -0.06751281202171114 
0 0 6.5 1 0.2835536268448748 0.3112544091898298 
10 0 0 1 -0.2749465408095689 -0.1963990365650766 
10 0 6.5 1 -0.2996045041683844 0.3862662853633135 
10 10 0 1 -0.4843221445679733 -0.03512604314232455 
10 10 6.5 1 -0.5132735199108567 0.3127375911656439 
0 10 0 1 -0.06162511915252658 0.01658088917914243 
0 10 6.5 1 -0.06106707757064506 0.2799081134131018 
0 5 10 1 0.08411688850908848 0.47656653850992 
10 5 10 1 -0.4533226403460316 0.6079665722462932 
0 6 0 1 0.04004764857057364 -0.01015950605564178 
0 8 0 1 -0.01404097916816456 0.004066046330027748 
0 8 5 1 -0.01155824307817409 0.2170102107563856 
0 6 5 1 0.04518064826000875 0.2173538233350224 
0 2 2.5 1 0.1803123449994459 0.08299877634613159 
0 4 2.5 1 0.1062602005593462 0.09270506931395545 
0 4 5 1 0.1106543043554561 0.2177503339342451 
0 2 5 1 0.1870479624740163 0.2182129764222903 
0.5 0.5 -0.5 1 0.2162859386294661 -0.09255269652466686 
0.5 0.5 6 1 0.2382655628986203 0.2802883653356943 
10.5 0.5 -0.5 1 -0.3301455861849137 -0.232270499679686 
10.5 0.5 6 1 -0.3609951752624433 0.3363984059508387 
10.5 10.5 -0.5 1 -0.5160350440637929 -0.05842844545672247 
10.5 10.5 6 1 -0.5469122817988227 0.2844434284812187 
0.5 10.5 -0.5 1 -0.08875620163208507 -0.001564576980749556 
0.5 10.5 6 1 -0.08961978603875538 0.2588984754736335 
0.5 5.5 9.5 1 0.04777710426576048 0.449024795455286 
10.5 5.5 9.5 1 -0.4987446203840111 0.5666128839347905 
0.5 6.5 -0.5 1 0.00843858502455754 -0.03055588572182194 
0.5 8.5 -0.5 1 -0.04324494878955876 -0.01513969585015771 
0.5 8.5 4.5 1 -0.04201777625453445 0.1953589084563921 
0.5 6.5 4.5 1 0.01209621088605591 0.1941649434880566 
0.5 2.5 2 1 0.1414955557635753 0.05792677538341535 
0.5 4.5 2 1 0.07097302355661697 0.06941661398985156 
0.5 4.5 4.5 1 0.07446726283108887 0.1927887955640987 
0.5 2.5 4.5 1 0.1471413483391251 0.1911853226583417 
