0.002482949595097605 -0.1243312558885929 0.02745087548915024 0.1277401562207373 
0.4170795336396351 -0.204224505729409 0.4531283140060886 0.1082441783051208 
0.3016480489260221 -0.3367221006807792 0.3615679239028404 0.2007708066393123 
-0.2888845783723081 -0.1777524797741388 -0.2553850217022922 0.2028616375563877 
0.002482949595097605 -0.1243312558885929 0.4170795336396351 -0.204224505729409 
0.4170795336396351 -0.204224505729409 0.3016480489260221 -0.3367221006807792 
0.3016480489260221 -0.3367221006807792 -0.2888845783723081 -0.1777524797741388 
-0.2888845783723081 -0.1777524797741388 0.002482949595097605 -0.1243312558885929 
0.02745087548915024 0.1277401562207373 -0.0693587060171932 0.3238941442167648 
-0.0693587060171932 0.3238941442167648 -0.2553850217022922 0.2028616375563877 
0.4531283140060886 0.1082441783051208 0.4443984141052659 0.359992179704367 
0.4443984141052659 0.359992179704367 0.3615679239028404 0.2007708066393123 
-0.0693587060171932 0.3238941442167648 0.4443984141052659 0.359992179704367 
0.02745087548915024 0.1277401562207373 0.4531283140060886 0.1082441783051208 
-0.2553850217022922 0.2028616375563877 0.3615679239028404 0.2007708066393123 
-0.142927784782226 -0.1509918088016877 -0.2092039038885311 -0.1631433049609958 
-0.2092039038885311 -0.1631433049609958 -0.1850909801714383 0.1017256750764568 
-0.1850909801714383 0.1017256750764568 -0.1202426686670354 0.09150327442843999 
-0.1202426686670354 0.09150327442843999 -0.142927784782226 -0.1509918088016877 
-0.02893640475444373 -0.02862690314215197 -0.07628590302998983 -0.02940204529825061 
-0.07628590302998983 -0.02940204529825061 -0.06554393841814291 0.08288080882262368 
-0.06554393841814291 0.08288080882262368 -0.01878491894159407 0.07550992406234357 
-0.01878491894159407 0.07550992406234357 -0.02893640475444373 -0.02862690314215197 
