0.2604981016670112 -0.1173741420305638 0.2494011284261939 0.2426119421169471 
-0.08557740081779248 -0.3601907606308509 -0.140704465899722 0.2827649788014762 
-0.5630504838605551 -0.2147396364268823 -0.6270472396776448 0.1945325654654106 
-0.1397792969139781 -0.07794532620513209 -0.1643901698598042 0.1948897617237135 
0.2604981016670112 -0.1173741420305638 -0.08557740081779248 -0.3601907606308509 
-0.08557740081779248 -0.3601907606308509 -0.5630504838605551 -0.2147396364268823 
-0.5630504838605551 -0.2147396364268823 -0.1397792969139781 -0.07794532620513209 
-0.1397792969139781 -0.07794532620513209 0.2604981016670112 -0.1173741420305638 
0.2494011284261939 0.2426119421169471 0.001830764009150992 0.3947490110323679 
0.001830764009150992 0.3947490110323679 -0.1643901698598042 0.1948897617237135 
-0.140704465899722 0.2827649788014762 -0.4794860540340871 0.5307991648537445 
-0.4794860540340871 0.5307991648537445 -0.6270472396776448 0.1945325654654106 
0.001830764009150992 0.3947490110323679 -0.4794860540340871 0.5307991648537445 
0.2494011284261939 0.2426119421169471 -0.140704465899722 0.2827649788014762 
-0.1643901698598042 0.1948897617237135 -0.6270472396776448 0.1945325654654106 
-0.004811599730091398 -0.09124014748035673 -0.07565221230471084 -0.08426208307785142 
-0.07565221230471084 -0.08426208307785142 -0.09328536737331816 0.1341366508399674 
-0.09328536737331816 0.1341366508399674 -0.02097043280829611 0.1387434995443145 
-0.02097043280829611 0.1387434995443145 -0.004811599730091398 -0.09124014748035673 
0.1559721340941948 0.01856906967913589 0.06686571123961371 0.02028247650482455 
0.06686571123961371 0.02028247650482455 0.05962301025506867 0.1438777335858525 
0.05962301025506867 0.1438777335858525 0.1500028390240066 0.1496354128199934 
0.1500028390240066 0.1496354128199934 0.1559721340941948 0.01856906967913589 
