0 0 0 1 0.1073833685655988 -0.310346878040307 
0 0 6.5 1 0.06580674947673906 0.3540274709818838 
10 0 0 1 -0.2400126997385766 -0.1319094428144232 
10 0 6.5 1 -0.2790689857538812 0.2270873816728286 
10 10 0 1 0.1628676663757266 -0.04552916632900547 
10 10 6.5 1 0.1481961258062989 0.2323800943847228 
0 10 0 1 0.6051434972384679 -0.1157112590630397 
0 10 6.5 1 0.6083146153742214 0.3155878906496195 
0 5 10 1 0.3920298217307951 0.6447880154692746 
10 5 10 1 -0.05087309263387027 0.4101444817640604 
0 6 0 1 0.4542687200374674 -0.1747067549997448 
0 8 0 1 0.5353421380905633 -0.1430051903375867 
0 8 5 1 0.5345586195544559 0.2086114982686055 
0 6 5 1 0.4491610614432657 0.2051269537236226 
0 2 2.5 1 0.235889619871251 -0.03714124339175316 
0 4 2.5 1 0.35358090774919 -0.01125119098867323 
0 4 5 1 0.3479005378178474 0.2009951399689291 
0 2 5 1 0.2259045866277721 0.1960172420567209 
0.5 0.5 -0.5 1 0.1161826746437182 -0.3248440243161932 
0.5 0.5 6 1 0.07849008152997897 0.288384259033926 
10.5 0.5 -0.5 1 -0.2214105690432596 -0.1471214738443697 
10.5 0.5 6 1 -0.2579837950357416 0.1964223962623905 
10.5 10.5 -0.5 1 0.1650648112855501 -0.06004434086476929 
10.5 10.5 6 1 0.1509387125110155 0.208523807206438 
0.5 10.5 -0.5 1 0.5880297654380858 -0.1343940540396839 
0.5 10.5 6 1 0.5900832952016606 0.2748075365269161 
0.5 5.5 9.5 1 0.3823683972879065 0.5732506729484329 
10.5 5.5 9.5 1 -0.04042531533823465 0.3761113065437435 
0.5 6.5 -0.5 1 0.442574376764547 -0.1931036974599634 
0.5 8.5 -0.5 1 0.5204668054315414 -0.161664252322303 
0.5 8.5 4.5 1 0.5190411062684853 0.1708997859404725 
0.5 6.5 4.5 1 0.4371724535374804 0.1645843017454797 
0.5 2.5 2 1 0.2358129956237456 -0.06837873739406121 
0.5 4.5 2 1 0.3465453815220199 -0.04136755445975895 
0.5 4.5 4.5 1 0.3410206365671418 0.1571669904774999 
0.5 2.5 4.5 1 0.2264905775158225 0.1483319510129228 
