0.2979081221411503 -0.3879948487372393 0.3260863670334835 0.03752430918300372 
-0.3810508622268848 -0.3440723498757408 -0.3272724522743422 0.1070811104277017 
-0.2660509795971021 -0.2314209023619277 -0.2363577620241617 0.03550788763876942 
0.1395251497949312 -0.2621581860356894 0.1599536007386227 -0.004410925355533077 
0.2979081221411503 -0.3879948487372393 -0.3810508622268848 -0.3440723498757408 
-0.3810508622268848 -0.3440723498757408 -0.2660509795971021 -0.2314209023619277 
-0.2660509795971021 -0.2314209023619277 0.1395251497949312 -0.2621581860356894 
0.1395251497949312 -0.2621581860356894 0.2979081221411503 -0.3879948487372393 
0.3260863670334835 0.03752430918300372 0.2353656545022554 0.1778054937075558 
0.2353656545022554 0.1778054937075558 0.1599536007386227 -0.004410925355533077 
-0.3272724522743422 0.1070811104277017 -0.2505339860943592 0.2356836806379991 
-0.2505339860943592 0.2356836806379991 -0.2363577620241617 0.03550788763876942 
0.2353656545022554 0.1778054937075558 -0.2505339860943592 0.2356836806379991 
0.3260863670334835 0.03752430918300372 -0.3272724522743422 0.1070811104277017 
0.1599536007386227 -0.004410925355533077 -0.2363577620241617 0.03550788763876942 
0.1849762439805478 -0.2982694795903361 0.160294399297606 -0.2786595371943186 
0.160294399297606 -0.2786595371943186 0.1770672282625595 -0.06232952480341309 
0.1770672282625595 -0.06232952480341309 0.2028442348569701 -0.06157705533744786 
0.2028442348569701 -0.06157705533744786 0.1849762439805478 -0.2982694795903361 
0.2618507528904654 -0.2036826416165996 0.2244302175973657 -0.1899724341623181 
0.2244302175973657 -0.1899724341623181 0.2338731504201833 -0.0606712747753094 
0.2338731504201833 -0.0606712747753094 0.2719410998538355 -0.05956001426195933 
0.2719410998538355 -0.05956001426195933 0.2618507528904654 -0.2036826416165996 
