-0.5190382184268962 -0.44586690404982 -0.5080377637991584 -0.07496022822996616 
-0.0606711080309944 -0.3534155191153673 -0.07226051512506149 -0.08211682408061211 
0.3041321998812359 -0.4156512242422249 0.2651900564575147 -0.02498813646122446 
-0.2612580974571446 -0.6171347204146502 -0.2678980403690598 0.02019652523048924 
-0.5190382184268962 -0.44586690404982 -0.0606711080309944 -0.3534155191153673 
-0.0606711080309944 -0.3534155191153673 0.3041321998812359 -0.4156512242422249 
0.3041321998812359 -0.4156512242422249 -0.2612580974571446 -0.6171347204146502 
-0.2612580974571446 -0.6171347204146502 -0.5190382184268962 -0.44586690404982 
-0.5080377637991584 -0.07496022822996616 -0.4148752211236525 0.1859311843407935 
-0.4148752211236525 0.1859311843407935 -0.2678980403690598 0.02019652523048924 
-0.07226051512506149 -0.08211682408061211 0.0563166582512263 0.100772695831063 
0.0563166582512263 0.100772695831063 0.2651900564575147 -0.02498813646122446 
-0.4148752211236525 0.1859311843407935 0.0563166582512263 0.100772695831063 
-0.5080377637991584 -0.07496022822996616 -0.07226051512506149 -0.08211682408061211 
-0.2678980403690598 0.02019652523048924 0.2651900564575147 -0.02498813646122446 
-0.3999131734610946 -0.5250129850156563 -0.3395855351637863 -0.565094364598994 
-0.3395855351637863 -0.565094364598994 -0.3389139035646528 -0.1278194504812764 
-0.3389139035646528 -0.1278194504812764 -0.3956978564997615 -0.1373722500877564 
-0.3956978564997615 -0.1373722500877564 -0.3999131734610946 -0.5250129850156563 
-0.4827784179114157 -0.3053611225600645 -0.4445195605521103 -0.3142885027743066 
-0.4445195605521103 -0.3142885027743066 -0.4414107689919812 -0.1450625616968436 
-0.4414107689919812 -0.1450625616968436 -0.4790027928224457 -0.1513866911716765 
-0.4790027928224457 -0.1513866911716765 -0.4827784179114157 -0.3053611225600645 
