-0.1807155910801288 -0.3184633303094458 -0.2052151779998163 0.3610058432105309 
-0.2474161082933884 -0.06699384679811754 -0.2640235537096871 0.2797491353392425 
0.2121631954234415 -0.03286147394315251 0.2260444888190765 0.2677037325602835 
0.5946335881867618 -0.203033185048451 0.661799809289679 0.3189808285623688 
-0.1807155910801288 -0.3184633303094458 -0.2474161082933884 -0.06699384679811754 
-0.2474161082933884 -0.06699384679811754 0.2121631954234415 -0.03286147394315251 
0.2121631954234415 -0.03286147394315251 0.5946335881867618 -0.203033185048451 
0.5946335881867618 -0.203033185048451 -0.1807155910801288 -0.3184633303094458 
-0.2052151779998163 0.3610058432105309 0.3125456912504823 0.7210587786330583 
0.3125456912504823 0.7210587786330583 0.661799809289679 0.3189808285623688 
-0.2640235537096871 0.2797491353392425 -0.0001578581204837616 0.4648881744325528 
-0.0001578581204837616 0.4648881744325528 0.2260444888190765 0.2677037325602835 
0.3125456912504823 0.7210587786330583 -0.0001578581204837616 0.4648881744325528 
-0.2052151779998163 0.3610058432105309 -0.2640235537096871 0.2797491353392425 
0.661799809289679 0.3189808285623688 0.2260444888190765 0.2677037325602835 
0.3306357568457067 -0.242335874514246 0.4688715320637984 -0.2217560170250334 
0.4688715320637984 -0.2217560170250334 0.5109019438048378 0.1883077328939893 
0.5109019438048378 0.1883077328939893 0.362264393561694 0.1880416231887716 
0.362264393561694 0.1880416231887716 0.3306357568457067 -0.242335874514246 
0.009615146637590159 -0.06312212329593871 0.1868614141353886 -0.04912749027296525 
0.1868614141353886 -0.04912749027296525 0.1966109497146274 0.1877450494828787 
0.1966109497146274 0.1877450494828787 0.01084226036336448 0.1874124629253023 
0.01084226036336448 0.1874124629253023 0.009615146637590159 -0.06312212329593871 
