0.1179529675747103 -0.3221761376664927 0.07567880012856068 0.338214432609611 
-0.238931619656502 -0.1427611435064798 -0.2782913059422062 0.2159515669982221 
0.1609994497223785 -0.05372171862334225 0.1454716506065762 0.22289070202295 
0.6038252013036877 -0.1232116837807069 0.6045948841821557 0.3037261975022666 
0.1179529675747103 -0.3221761376664927 -0.238931619656502 -0.1427611435064798 
-0.238931619656502 -0.1427611435064798 0.1609994497223785 -0.05372171862334225 
0.1609994497223785 -0.05372171862334225 0.6038252013036877 -0.1232116837807069 
0.6038252013036877 -0.1232116837807069 0.1179529675747103 -0.3221761376664927 
0.07567880012856068 0.338214432609611 0.3929174214341604 0.6271543572285224 
0.3929174214341604 0.6271543572285224 0.6045948841821557 0.3037261975022666 
-0.2782913059422062 0.2159515669982221 -0.05200964249556931 0.3989487333442363 
-0.05200964249556931 0.3989487333442363 0.1454716506065762 0.22289070202295 
0.3929174214341604 0.6271543572285224 -0.05200964249556931 0.3989487333442363 
0.07567880012856068 0.338214432609611 -0.2782913059422062 0.2159515669982221 
0.6045948841821557 0.3037261975022666 0.1454716506065762 0.22289070202295 
0.4570472908526946 -0.183317169890186 0.5359723814362427 -0.1509973819794382 
0.5359723814362427 -0.1509973819794382 0.5334700993874201 0.1975023783911097 
0.5334700993874201 0.1975023783911097 0.4503742921546408 0.1934220340209004 
0.4503742921546408 0.1934220340209004 0.4570472908526946 -0.183317169890186 
0.2431275542683515 -0.04866678555283407 0.358067231847821 -0.0218702898730556 
0.358067231847821 -0.0218702898730556 0.351704782813089 0.1885769571107587 
0.351704782813089 0.1885769571107587 0.2326306679148748 0.1827299305213002 
0.2326306679148748 0.1827299305213002 0.2431275542683515 -0.04866678555283407 
