0.2579340352400161 -0.08300328917104613 0.2856329914033159 0.2946374050100927 
-0.2832016126405188 -0.2086106550549257 -0.3041416524216148 0.3640441991648157 
-0.4756022375700718 -0.0412886969915477 -0.5008350606825451 0.3007460543518413 
-0.05468002475248233 0.00745435378653753 -0.05201336048757313 0.2689258012735609 
0.2579340352400161 -0.08300328917104613 -0.2832016126405188 -0.2086106550549257 
-0.2832016126405188 -0.2086106550549257 -0.4756022375700718 -0.0412886969915477 
-0.4756022375700718 -0.0412886969915477 -0.05468002475248233 0.00745435378653753 
-0.05468002475248233 0.00745435378653753 0.2579340352400161 -0.08300328917104613 
0.2856329914033159 0.2946374050100927 0.09119801885175825 0.462013918570908 
0.09119801885175825 0.462013918570908 -0.05201336048757313 0.2689258012735609 
-0.3041416524216148 0.3640441991648157 -0.4446258361866131 0.5867323490322408 
-0.4446258361866131 0.5867323490322408 -0.5008350606825451 0.3007460543518413 
0.09119801885175825 0.462013918570908 -0.4446258361866131 0.5867323490322408 
0.2856329914033159 0.2946374050100927 -0.3041416524216148 0.3640441991648157 
-0.05201336048757313 0.2689258012735609 -0.5008350606825451 0.3007460543518413 
0.04437355764691898 -0.02120767629160306 -0.008362432325170463 -0.005948051206203988 
-0.008362432325170463 -0.005948051206203988 -0.004254539621526594 0.2056686621715219 
-0.004254539621526594 0.2056686621715219 0.05115246389288187 0.2050443994752653 
0.05115246389288187 0.2050443994752653 0.04437355764691898 -0.02120767629160306 
0.1825143776920351 0.068827604136581 0.1099639730280907 0.07991306453183605 
0.1099639730280907 0.07991306453183605 0.1152092855707713 0.2043226805286004 
0.1152092855707713 0.2043226805286004 0.1901129581031145 0.2034787516819086 
0.1901129581031145 0.2034787516819086 0.1825143776920351 0.068827604136581 
