0 0 0 1 -0.6940052393013263 -0.5906534043758818 
0 0 6.5 1 -0.6213459820304841 -0.1088943721990654 
10 0 0 1 -0.1909368461597021 -0.4457555770483982 
10 0 6.5 1 -0.1707529945800566 -0.1459174863944837 
10 10 0 1 0.260682157923724 -0.5446094423984477 
10 10 6.5 1 0.2564088947785811 -0.1513737163182381 
0 10 0 1 -0.1025292747659004 -0.8784102208110546 
0 10 6.5 1 -0.06485052559177039 -0.09903596034839481 
0 5 10 1 -0.372154728161555 0.1692626356899648 
10 5 10 1 0.02137337822875196 0.01889450333163375 
0 6 0 1 -0.4097067232848492 -0.7289664395478217 
0 8 0 1 -0.2730792735616238 -0.7954365623040224 
0 8 5 1 -0.2309414286848318 -0.2475048763718314 
0 6 5 1 -0.3602893259564413 -0.2365024679539695 
0 2 2.5 1 -0.5860040528058421 -0.4170503486005983 
0 4 2.5 1 -0.4937606893627918 -0.442264303399149 
0 4 5 1 -0.4679834736236194 -0.2273419402465903 
0 2 5 1 -0.5590413744615925 -0.2195965015048317 
0.5 0.5 -0.5 1 -0.6414107259317366 -0.6279765670267874 
0.5 0.5 6 1 -0.573347141966319 -0.1453482755283243 
10.5 0.5 -0.5 1 -0.1598849584608714 -0.469308539214182 
10.5 0.5 6 1 -0.1413699811587153 -0.16910791108924 
10.5 10.5 -0.5 1 0.2995406234856605 -0.5750480870249474 
10.5 10.5 6 1 0.2926858632399797 -0.1812299541493193 
0.5 10.5 -0.5 1 -0.02221143552099236 -0.9364479346201798 
0.5 10.5 6 1 0.005173043678579822 -0.1552022575770448 
0.5 5.5 9.5 1 -0.3181830213082283 0.1258590211494724 
10.5 5.5 9.5 1 0.05284825046340376 -0.006937077949595982 
0.5 6.5 -0.5 1 -0.3433190770910149 -0.7764792220041051 
0.5 8.5 -0.5 1 -0.2003711947516788 -0.8476926898531137 
0.5 8.5 4.5 1 -0.1649789651248852 -0.2986117408389531 
0.5 6.5 4.5 1 -0.2995651771431063 -0.283031873254003 
0.5 2.5 2 1 -0.5316403931989503 -0.4569043930516211 
0.5 4.5 2 1 -0.4352071672835205 -0.4854247792566679 
0.5 4.5 4.5 1 -0.4117408391562526 -0.2700462788590711 
0.5 2.5 4.5 1 -0.5066732564898241 -0.2590567839517025 
