0 0 0 1 0.3903743350559779 -0.6707648041760572 
0 0 6.5 1 0.3562376007579972 -0.1373938161041334 
10 0 0 1 -0.3327772515490523 -0.5890252964966516 
10 0 6.5 1 -0.303472829064636 -0.1434733882375636 
10 10 0 1 -0.1000462854267336 -0.4380035755747425 
10 10 6.5 1 -0.09341802466854129 -0.165988676266299 
0 10 0 1 0.3338054019898423 -0.4671898457464345 
0 10 6.5 1 0.316884947986146 -0.16479197083751 
0 5 10 1 0.3204926271185226 0.03149482903254893 
10 5 10 1 -0.1677679271723398 0.007761583211087456 
0 6 0 1 0.3492614967177304 -0.5228117864684831 
0 8 0 1 0.3407950292939912 -0.4923434594130935 
0 8 5 1 0.3260770272772257 -0.2340480262125661 
0 6 5 1 0.3326272827721305 -0.2370624189417382 
0 2 2.5 1 0.3614457806631806 -0.4206647947635896 
0 4 2.5 1 0.3498960432056868 -0.3958302881749578 
0 4 5 1 0.3406351266806544 -0.2407475861039927 
0 2 5 1 0.3506479895906793 -0.245355452343356 
0.5 0.5 -0.5 1 0.3466938790293501 -0.6922804104927393 
0.5 0.5 6 1 0.3177678485646483 -0.1758031064391602 
10.5 0.5 -0.5 1 -0.3458117471498443 -0.609766313119902 
10.5 0.5 6 1 -0.3163725880447631 -0.1760257734321398 
10.5 10.5 -0.5 1 -0.1127576454998658 -0.4538148503913144 
10.5 10.5 6 1 -0.1056259570069889 -0.1862211622408438 
0.5 10.5 -0.5 1 0.3100114644454341 -0.4840797990946089 
0.5 10.5 6 1 0.2947501298751143 -0.1871431199315493 
0.5 5.5 9.5 1 0.2936661991392958 -0.0005068433815686599 
10.5 5.5 9.5 1 -0.1805453255166807 -0.0201471339852881 
0.5 6.5 -0.5 1 0.3201592846187923 -0.5416763992207588 
0.5 8.5 -0.5 1 0.314612398226186 -0.5101935987727481 
0.5 8.5 4.5 1 0.3014523677555062 -0.2570844738908923 
0.5 6.5 4.5 1 0.3054327484221376 -0.2622693329452672 
0.5 2.5 2 1 0.3256092372390592 -0.4469853735492118 
0.5 4.5 2 1 0.3183829541685104 -0.419946460676151 
0.5 4.5 4.5 1 0.3102737736560234 -0.2685752708990891 
0.5 2.5 4.5 1 0.3162884139739402 -0.2764099643425058 
