0.2924592547919675 -0.336351527567348 0.2552929171983505 0.006219469020156119 
0.4638883956160715 -0.5668606587295935 0.373911816317527 0.1405886730976411 
-0.567061146621518 -0.5856995837917013 -0.5642818924396533 0.0436137968774391 
-0.2204930381140352 -0.3602482922606075 -0.233709865194872 -0.03705679265378836 
0.2924592547919675 -0.336351527567348 0.4638883956160715 -0.5668606587295935 
0.4638883956160715 -0.5668606587295935 -0.567061146621518 -0.5856995837917013 
-0.567061146621518 -0.5856995837917013 -0.2204930381140352 -0.3602482922606075 
-0.2204930381140352 -0.3602482922606075 0.2924592547919675 -0.336351527567348 
0.2552929171983505 0.006219469020156119 -0.009017476563860993 0.1512527275603569 
-0.009017476563860993 0.1512527275603569 -0.233709865194872 -0.03705679265378836 
0.373911816317527 0.1405886730976411 -0.141060944742224 0.4030668362565828 
-0.141060944742224 0.4030668362565828 -0.5642818924396533 0.0436137968774391 
-0.009017476563860993 0.1512527275603569 -0.141060944742224 0.4030668362565828 
0.2552929171983505 0.006219469020156119 0.373911816317527 0.1405886730976411 
-0.233709865194872 -0.03705679265378836 -0.5642818924396533 0.0436137968774391 
-0.0231597957083568 -0.3510551838075557 -0.1230685013577121 -0.3557096026740453 
-0.1230685013577121 -0.3557096026740453 -0.136706808754779 -0.1017415219637489 
-0.136706808754779 -0.1017415219637489 -0.04033606590355594 -0.09411542431040504 
-0.04033606590355594 -0.09411542431040504 -0.0231597957083568 -0.3510551838075557 
0.1718862506763147 -0.2075185089314857 0.06870255528569817 -0.2140316029881049 
0.06870255528569817 -0.2140316029881049 0.05843870599407838 -0.08629908883459556 
0.05843870599407838 -0.08629908883459556 0.1597085981362127 -0.07828530722442591 
0.1597085981362127 -0.07828530722442591 0.1718862506763147 -0.2075185089314857 
