0.2246298597245224 -0.3927706846516335 0.2037066955477179 -0.08593792649209017 
0.7090806217653759 -0.5327357498045941 0.6290888344912421 -0.004399998833334442 
-0.0806504272517941 -0.7221589168348376 -0.0902864547300572 0.04205452061872576 
-0.259007700100511 -0.4525364338674593 -0.2521005121621896 -0.07884589325100284 
0.2246298597245224 -0.3927706846516335 0.7090806217653759 -0.5327357498045941 
0.7090806217653759 -0.5327357498045941 -0.0806504272517941 -0.7221589168348376 
-0.0806504272517941 -0.7221589168348376 -0.259007700100511 -0.4525364338674593 
-0.259007700100511 -0.4525364338674593 0.2246298597245224 -0.3927706846516335 
0.2037066955477179 -0.08593792649209017 -0.007787235650008089 0.08244004035799017 
-0.007787235650008089 0.08244004035799017 -0.2521005121621896 -0.07884589325100284 
0.6290888344912421 -0.004399998833334442 0.3027281657917114 0.2985163131074984 
0.3027281657917114 0.2985163131074984 -0.0902864547300572 0.04205452061872576 
-0.007787235650008089 0.08244004035799017 0.3027281657917114 0.2985163131074984 
0.2037066955477179 -0.08593792649209017 0.6290888344912421 -0.004399998833334442 
-0.2521005121621896 -0.07884589325100284 -0.0902864547300572 0.04205452061872576 
-0.0421270759423478 -0.4257353041167058 -0.146006247127148 -0.4385722237637751 
-0.146006247127148 -0.4385722237637751 -0.1464542367779815 -0.1590068151248255 
-0.1464542367779815 -0.1590068151248255 -0.0475329129623103 -0.1575285119878166 
-0.0475329129623103 -0.1575285119878166 -0.0421270759423478 -0.4257353041167058 
0.1355901622958044 -0.2760925834756944 0.04876549949781035 -0.2819851949313126 
0.04876549949781035 -0.2819851949313126 0.04406661157727041 -0.1561596275122338 
0.04406661157727041 -0.1561596275122338 0.1291282262345728 -0.1548884470737144 
0.1291282262345728 -0.1548884470737144 0.1355901622958044 -0.2760925834756944 
