-0.4411195883625614 -0.3718262469413296 -0.4349075073545128 0.2655638238688912 
-0.2526351169314619 -0.1205896641748609 -0.2407840405450261 0.2042670964314485 
0.2302244869754451 -0.1468298355177465 0.2635508046762453 0.166763623458868 
0.4833155157311936 -0.4073776853292628 0.5716216868547167 0.1878493919589569 
-0.4411195883625614 -0.3718262469413296 -0.2526351169314619 -0.1205896641748609 
-0.2526351169314619 -0.1205896641748609 0.2302244869754451 -0.1468298355177465 
0.2302244869754451 -0.1468298355177465 0.4833155157311936 -0.4073776853292628 
0.4833155157311936 -0.4073776853292628 -0.4411195883625614 -0.3718262469413296 
-0.4349075073545128 0.2655638238688912 0.1150356051691217 0.6063344572772843 
0.1150356051691217 0.6063344572772843 0.5716216868547167 0.1878493919589569 
-0.2407840405450261 0.2042670964314485 0.02859475979353107 0.3695132687484209 
0.02859475979353107 0.3695132687484209 0.2635508046762453 0.166763623458868 
0.1150356051691217 0.6063344572772843 0.02859475979353107 0.3695132687484209 
-0.4349075073545128 0.2655638238688912 -0.2407840405450261 0.2042670964314485 
0.5716216868547167 0.1878493919589569 0.2635508046762453 0.166763623458868 
0.1262883379413776 -0.3936473221509244 0.3068298666825863 -0.4005904931827067 
0.3068298666825863 -0.4005904931827067 0.3621835306825055 0.05394527831228189 
0.3621835306825055 0.05394527831228189 0.1698834957447134 0.06694955482395036 
0.1698834957447134 0.06694955482395036 0.1262883379413776 -0.3936473221509244 
-0.2387017269510215 -0.1507359232612271 -0.0433513805939515 -0.1609987616449167 
-0.0433513805939515 -0.1609987616449167 -0.02719906346636335 0.0802772492075588 
-0.02719906346636335 0.0802772492075588 -0.229244806364878 0.09394057854344638 
-0.229244806364878 0.09394057854344638 -0.2387017269510215 -0.1507359232612271 
