0 0 0 1 0.03486696899561971 -0.255527704584637 
0 0 6.5 1 0.05961094814394715 0.00306650437962601 
10 0 0 1 0.4655854268386807 -0.3649153379650877 
10 0 6.5 1 0.4920847492744185 -0.02351164920261708 
10 10 0 1 0.2581984629169302 -0.54558367806946 
10 10 6.5 1 0.3083753190631867 0.0414218205926067 
0 10 0 1 -0.3002206500312444 -0.3210085916895608 
0 10 6.5 1 -0.2588903404140711 0.05755397335668094 
0 5 10 1 -0.0534460020379454 0.1874838537142757 
10 5 10 1 0.4424286066078348 0.2266940417143272 
0 6 0 1 -0.134526088588115 -0.288629517514076 
0 8 0 1 -0.210292965534742 -0.303435442991248 
0 8 5 1 -0.1820700949450842 -0.03608135909534088 
0 6 5 1 -0.109269679766199 -0.04226220515172364 
0 2 2.5 1 -0.003472733314513013 -0.1581237567220715 
0 4 2.5 1 -0.05835411778315491 -0.1612283421587944 
0 4 5 1 -0.04699656352707643 -0.04754927039688011 
0 2 5 1 0.006878735950781827 -0.05212335052397726 
0.5 0.5 -0.5 1 0.03794320461701181 -0.2827985669525407 
0.5 0.5 6 1 0.06338014769197478 -0.01631167407234097 
10.5 0.5 -0.5 1 0.4867077483998565 -0.4055472346943341 
10.5 0.5 6 1 0.5139325718847313 -0.05025336004293954 
10.5 10.5 -0.5 1 0.2811366718099662 -0.6303745394495222 
10.5 10.5 6 1 0.3341594334507618 -0.001072452815093884 
0.5 10.5 -0.5 1 -0.3104471284952654 -0.3644775077592556 
0.5 10.5 6 1 -0.2671547772790483 0.03124271587110516 
0.5 5.5 9.5 1 -0.0529137412699501 0.1709355253057858 
10.5 5.5 9.5 1 0.4675492923667613 0.2052554924098091 
0.5 6.5 -0.5 1 -0.1369578897943124 -0.3238035397651711 
0.5 8.5 -0.5 1 -0.2159906283040428 -0.3423324992597174 
0.5 8.5 4.5 1 -0.1865797048818688 -0.06389611474927286 
0.5 6.5 4.5 1 -0.1107521748641501 -0.06805593020413338 
0.5 2.5 2 1 -0.001408274712208781 -0.1840951701671208 
0.5 4.5 2 1 -0.05800097242439421 -0.189256149941002 
0.5 4.5 4.5 1 -0.04626076391447632 -0.07159385855168111 
0.5 2.5 4.5 1 0.009259826437261203 -0.07463965748188721 
