0 0 0 1 0.2733150504127462 -0.2118088652375863 
0 0 6.5 1 0.2496121109411225 0.1385353317941557 
10 0 0 1 0.03664157565259281 -0.5188313215085717 
10 0 6.5 1 -0.02352332182174122 0.1405310866610091 
10 10 0 1 -0.5715789157889047 -0.3747415552449976 
10 10 6.5 1 -0.6355910778715241 0.0665214113626043 
0 10 0 1 -0.1567624664459584 -0.1842924707334197 
0 10 6.5 1 -0.186101370766039 0.09320049560764908 
0 5 10 1 -0.009247478537651064 0.2871452257681504 
10 5 10 1 -0.4299767091164151 0.4022526784068994 
0 6 0 1 -0.00776008169714325 -0.193825655427092 
0 8 0 1 -0.08544359817610939 -0.1888554577252474 
0 8 5 1 -0.1074571893453601 0.03254710295489921 
0 6 5 1 -0.02917670206081642 0.03755719839256252 
0 2 2.5 1 0.1607891784852875 -0.07949586173283023 
0 4 2.5 1 0.06698673584363371 -0.07940017099010642 
0 4 5 1 0.05657371903800147 0.04304538335956803 
0 2 5 1 0.1509168760505452 0.04908351925932534 
0.5 0.5 -0.5 1 0.2414897892892051 -0.2446400930244098 
0.5 0.5 6 1 0.216581964781911 0.107665312498595 
10.5 0.5 -0.5 1 -0.02740372352543486 -0.5858887313026085 
10.5 0.5 6 1 -0.09250609341406288 0.08034984367234375 
10.5 10.5 -0.5 1 -0.6208986595451288 -0.4181596171534546 
10.5 10.5 6 1 -0.6876017233368654 0.02618454324570732 
0.5 10.5 -0.5 1 -0.1848558082316409 -0.2101737194367374 
0.5 10.5 6 1 -0.215090319998506 0.0685474694581915 
0.5 5.5 9.5 1 -0.04079930061405929 0.2606459255492748 
10.5 5.5 9.5 1 -0.4916608006823164 0.356806805380508 
0.5 6.5 -0.5 1 -0.03731006253945918 -0.222101523598125 
0.5 8.5 -0.5 1 -0.114255773785438 -0.2158811248296273 
0.5 8.5 4.5 1 -0.1369947845509905 0.006534958725161316 
0.5 6.5 4.5 1 -0.05949631252370422 0.01038846689559524 
0.5 2.5 2 1 0.1292973189064657 -0.1100039846552246 
0.5 4.5 2 1 0.03628083209527275 -0.1084565494794509 
0.5 4.5 4.5 1 0.02545420103336054 0.01461251789313554 
0.5 2.5 4.5 1 0.1189858955620537 0.01926325667072011 
