0 0 0 1 0.2837707713372075 -0.3036207696785834 
0 0 6.5 1 0.3225529821548664 0.1030158495719679 
10 0 0 1 -0.3772719890739152 -0.2744843672218145 
10 0 6.5 1 -0.3284428772761059 0.1893666024943489 
10 10 0 1 -0.3048675351273675 -0.15881081054211 
10 10 6.5 1 -0.2764415414434897 0.1135481821020595 
0 10 0 1 0.09830123266615447 -0.1857301215609959 
0 10 6.5 1 0.1230334679086681 0.0658451166929938 
0 5 10 1 0.2155256125701224 0.2462525905936191 
10 5 10 1 -0.2765032170286741 0.3249757907592941 
0 6 0 1 0.1524387937539053 -0.2201417678608232 
0 8 0 1 0.1231329757553393 -0.201514008810888 
0 8 5 1 0.1436652654790062 0.008179398954295125 
0 6 5 1 0.1747145417466323 0.008441563507976663 
0 2 2.5 1 0.24381382191197 -0.1299801163040625 
0 4 2.5 1 0.1997411259737325 -0.1166155736014959 
0 4 5 1 0.2118889832613829 0.008755445892354059 
0 2 5 1 0.2571994196936933 0.009138024547070606 
0.5 0.5 -0.5 1 0.237941621407513 -0.323795100545253 
0.5 0.5 6 1 0.276085174008466 0.07342116539262665 
10.5 0.5 -0.5 1 -0.4116831726616716 -0.2982327748559742 
10.5 0.5 6 1 -0.3639254287025646 0.1534005470038259 
10.5 10.5 -0.5 1 -0.3264301128614449 -0.1747388236308205 
10.5 10.5 6 1 -0.2983689209387902 0.09336169966468263 
0.5 10.5 -0.5 1 0.07243722760387061 -0.2000538150989367 
0.5 10.5 6 1 0.09690232971966237 0.04788368068876605 
0.5 5.5 9.5 1 0.1817839783488182 0.2209560935803257 
10.5 5.5 9.5 1 -0.3039278560073675 0.2955307393711252 
0.5 6.5 -0.5 1 0.1210571751595811 -0.2364050845160734 
0.5 8.5 -0.5 1 0.09477014829311227 -0.2167512830654734 
0.5 8.5 4.5 1 0.1150638674100468 -0.01033952179273748 
0.5 6.5 4.5 1 0.1430533042217807 -0.01171580490738577 
0.5 2.5 2 1 0.2038378325452223 -0.1515971337422078 
0.5 4.5 2 1 0.1644771561221056 -0.1363905807307364 
0.5 4.5 4.5 1 0.1764596754407083 -0.01335844691335163 
0.5 2.5 4.5 1 0.2170240047791319 -0.01535305659060311 
