0 0 0 1 0.2604981016670112 -0.1173741420305638 
0 0 6.5 1 0.2494011284261939 0.2426119421169471 
10 0 0 1 -0.08557740081779248 -0.3601907606308509 
10 0 6.5 1 -0.140704465899722 0.2827649788014762 
10 10 0 1 -0.5630504838605551 -0.2147396364268823 
10 10 6.5 1 -0.6270472396776448 0.1945325654654106 
0 10 0 1 -0.1397792969139781 -0.07794532620513209 
0 10 6.5 1 -0.1643901698598042 0.1948897617237135 
0 5 10 1 0.001830764009150992 0.3947490110323679 
10 5 10 1 -0.4794860540340871 0.5307991648537445 
0 6 0 1 -0.004811599730091398 -0.09124014748035673 
0 8 0 1 -0.07565221230471084 -0.08426208307785142 
0 8 5 1 -0.09328536737331816 0.1341366508399674 
0 6 5 1 -0.02097043280829611 0.1387434995443145 
0 2 2.5 1 0.1559721340941948 0.01856906967913589 
0 4 2.5 1 0.06686571123961371 0.02028247650482455 
0 4 5 1 0.05962301025506867 0.1438777335858525 
0 2 5 1 0.1500028390240066 0.1496354128199934 
0.5 0.5 -0.5 1 0.2252525036626049 -0.1479755360568231 
0.5 0.5 6 1 0.2122237003319959 0.2112661308069985 
10.5 0.5 -0.5 1 -0.1497620334283552 -0.415672339281548 
10.5 0.5 6 1 -0.211587170635607 0.2247309852483439 
10.5 10.5 -0.5 1 -0.6056692455190827 -0.2500490177962693 
10.5 10.5 6 1 -0.6725094295140024 0.1582140527031684 
0.5 10.5 -0.5 1 -0.1673900927187514 -0.1012112821565191 
0.5 10.5 6 1 -0.193170762120167 0.1711960011548856 
0.5 5.5 9.5 1 -0.03147711375211776 0.367468276470508 
10.5 5.5 9.5 1 -0.5374335612287598 0.4853250519504221 
0.5 6.5 -0.5 1 -0.03504650361430894 -0.1169735791156259 
0.5 8.5 -0.5 1 -0.1045161086140236 -0.1086996570386509 
0.5 8.5 4.5 1 -0.1231248863178585 0.1093349719139309 
0.5 6.5 4.5 1 -0.0522779204099502 0.1126058620427084 
0.5 2.5 2 1 0.1219244674644942 -0.01047156540581997 
0.5 4.5 2 1 0.03454323352859816 -0.007118234221979894 
0.5 4.5 4.5 1 0.02669740094139617 0.1162520252300062 
0.5 2.5 4.5 1 0.1152850715317978 0.1203419750754547 
