0 0 0 1 -0.2381974370313409 -0.3598822005772342 
0 0 6.5 1 -0.2581508148221233 0.3037250000091014 
10 0 0 1 -0.247695190463964 -0.08785384350365341 
10 0 6.5 1 -0.2580100648694755 0.2521806786648748 
10 10 0 1 0.2177446620302445 -0.06476529913196342 
10 10 6.5 1 0.2369110113169469 0.2369045637510943 
0 10 0 1 0.5756548125226667 -0.2668582202908626 
0 10 6.5 1 0.6507824807502444 0.2646005710284151 
0 5 10 1 0.2761554938075351 0.6651299232861735 
10 5 10 1 0.008511557446009631 0.433919928925476 
0 6 0 1 0.2910155602220025 -0.2993927205140354 
0 8 0 1 0.4390560393439188 -0.2824715722110494 
0 8 5 1 0.4859306976875413 0.1321383446633127 
0 6 5 1 0.3265148674683264 0.1326218036641496 
0 2 2.5 1 -0.04317416740613766 -0.1133525810998133 
0 4 2.5 1 0.1404333881894123 -0.1026153770166285 
0 4 5 1 0.1518289565036248 0.1331515721059609 
0 2 5 1 -0.04043143123266339 0.1337346385105186 
0.5 0.5 -0.5 1 -0.1905796906141192 -0.3717185513932565 
0.5 0.5 6 1 -0.2028149334947426 0.242387987971186 
10.5 0.5 -0.5 1 -0.2219509546067548 -0.1034419593156804 
10.5 0.5 6 1 -0.2301843432411149 0.2232044120934826 
10.5 10.5 -0.5 1 0.2265725001522832 -0.07938971876170579 
10.5 10.5 6 1 0.2456402825156248 0.211700117129323 
0.5 10.5 -0.5 1 0.5721182968377189 -0.2813769650118141 
0.5 10.5 6 1 0.6425452674920316 0.2179325258469054 
0.5 5.5 9.5 1 0.2920057940899214 0.5823139573988405 
10.5 5.5 9.5 1 0.02615739922675466 0.3993134052633129 
0.5 6.5 -0.5 1 0.3032133931601995 -0.3132287542962457 
0.5 8.5 -0.5 1 0.442777954991154 -0.2966973301599843 
0.5 8.5 4.5 1 0.4872131124722304 0.09245930738743481 
0.5 6.5 4.5 1 0.3375900328500368 0.09121048613741216 
0.5 2.5 2 1 -0.008006213999943928 -0.14092327717597 
0.5 4.5 2 1 0.162876148537779 -0.1296587746532565 
0.5 4.5 4.5 1 0.1745496066228237 0.08984967770197949 
0.5 2.5 4.5 1 -0.003797673305529109 0.08836111140845944 
