0.2581173257178542 -0.06751281202171114 0.2835536268448748 0.3112544091898298 
-0.2749465408095689 -0.1963990365650766 -0.2996045041683844 0.3862662853633135 
-0.4843221445679733 -0.03512604314232455 -0.5132735199108567 0.3127375911656439 
-0.06162511915252658 0.01658088917914243 -0.06106707757064506 0.2799081134131018 
0.2581173257178542 -0.06751281202171114 -0.2749465408095689 -0.1963990365650766 
-0.2749465408095689 -0.1963990365650766 -0.4843221445679733 -0.03512604314232455 
-0.4843221445679733 -0.03512604314232455 -0.06162511915252658 0.01658088917914243 
-0.06162511915252658 0.01658088917914243 0.2581173257178542 -0.06751281202171114 
0.2835536268448748 0.3112544091898298 0.08411688850908848 0.47656653850992 
0.08411688850908848 0.47656653850992 -0.06106707757064506 0.2799081134131018 
-0.2996045041683844 0.3862662853633135 -0.4533226403460316 0.6079665722462932 
-0.4533226403460316 0.6079665722462932 -0.5132735199108567 0.3127375911656439 
0.08411688850908848 0.47656653850992 -0.4533226403460316 0.6079665722462932 
0.2835536268448748 0.3112544091898298 -0.2996045041683844 0.3862662853633135 
-0.06106707757064506 0.2799081134131018 -0.5132735199108567 0.3127375911656439 
0.04004764857057364 -0.01015950605564178 -0.01404097916816456 0.004066046330027748 
-0.01404097916816456 0.004066046330027748 -0.01155824307817409 0.2170102107563856 
-0.01155824307817409 0.2170102107563856 0.04518064826000875 0.2173538233350224 
0.04518064826000875 0.2173538233350224 0.04004764857057364 -0.01015950605564178 
0.1803123449994459 0.08299877634613159 0.1062602005593462 0.09270506931395545 
0.1062602005593462 0.09270506931395545 0.1106543043554561 0.2177503339342451 
0.1106543043554561 0.2177503339342451 0.1870479624740163 0.2182129764222903 
0.1870479624740163 0.2182129764222903 0.1803123449994459 0.08299877634613159 
