-0.2497504798259272 -0.3669752831479762 -0.2686920552469209 0.2937307382892068 
-0.2478570111902819 -0.09186327590238264 -0.2569031342518377 0.2469048792526889 
0.2186682601043012 -0.07119600157123472 0.2388320039885049 0.2307386396381383 
0.5713294490570815 -0.2793101725954884 0.6478036333677406 0.2542171521458175 
-0.2497504798259272 -0.3669752831479762 -0.2478570111902819 -0.09186327590238264 
-0.2478570111902819 -0.09186327590238264 0.2186682601043012 -0.07119600157123472 
0.2186682601043012 -0.07119600157123472 0.5713294490570815 -0.2793101725954884 
0.5713294490570815 -0.2793101725954884 -0.2497504798259272 -0.3669752831479762 
-0.2686920552469209 0.2937307382892068 0.2681863711991298 0.6547082571514383 
0.2681863711991298 0.6547082571514383 0.6478036333677406 0.2542171521458175 
-0.2569031342518377 0.2469048792526889 0.01003690602120691 0.4278076786907227 
0.01003690602120691 0.4278076786907227 0.2388320039885049 0.2307386396381383 
0.2681863711991298 0.6547082571514383 0.01003690602120691 0.4278076786907227 
-0.2686920552469209 0.2937307382892068 -0.2569031342518377 0.2469048792526889 
0.6478036333677406 0.2542171521458175 0.2388320039885049 0.2307386396381383 
0.2826101594788366 -0.3101361708316711 0.432562838982352 -0.2941260142514212 
0.432562838982352 -0.2941260142514212 0.4802457019419634 0.1215529256825782 
0.4802457019419634 0.1215529256825782 0.3187571033309847 0.1223644796067228 
0.3187571033309847 0.1223644796067228 0.2826101594788366 -0.3101361708316711 
-0.05397254582073605 -0.1222428204258039 0.1307308464512588 -0.1123494844629518 
0.1307308464512588 -0.1123494844629518 0.1424141959279733 0.1232506832132246 
0.1424141959279733 0.1232506832132246 -0.05093135618732689 0.1242223328707528 
-0.05093135618732689 0.1242223328707528 -0.05397254582073605 -0.1222428204258039 
