0.2925428483299631 -0.3292016863884977 0.2550236855351602 0.01338237462901301 
0.4523465960888516 -0.5584678918511179 0.3630834135074139 0.1491514041622057 
-0.5699206491831943 -0.5752590449632825 -0.5698896936423528 0.04787358938430776 
-0.2186859203498453 -0.3531439089925845 -0.2329731437010789 -0.03161509909678243 
0.2925428483299631 -0.3292016863884977 0.4523465960888516 -0.5584678918511179 
0.4523465960888516 -0.5584678918511179 -0.5699206491831943 -0.5752590449632825 
-0.5699206491831943 -0.5752590449632825 -0.2186859203498453 -0.3531439089925845 
-0.2186859203498453 -0.3531439089925845 0.2925428483299631 -0.3292016863884977 
0.2550236855351602 0.01338237462901301 -0.009762871913347047 0.1574503271109449 
-0.009762871913347047 0.1574503271109449 -0.2329731437010789 -0.03161509909678243 
0.3630834135074139 0.1491514041622057 -0.1518772426301262 0.4091125627480921 
-0.1518772426301262 0.4091125627480921 -0.5698896936423528 0.04787358938430776 
-0.009762871913347047 0.1574503271109449 -0.1518772426301262 0.4091125627480921 
0.2550236855351602 0.01338237462901301 0.3630834135074139 0.1491514041622057 
-0.2329731437010789 -0.03161509909678243 -0.5698896936423528 0.04787358938430776 
-0.02264603265385571 -0.3439628321087105 -0.1219980113523911 -0.3486157533367149 
-0.1219980113523911 -0.3486157533367149 -0.1363361898185526 -0.09580031566387874 
-0.1363361898185526 -0.09580031566387874 -0.04040092081908271 -0.08792858783862587 
-0.04040092081908271 -0.08792858783862587 -0.02264603265385571 -0.3439628321087105 
0.1717143808727188 -0.2006719365485583 0.06862542392066211 -0.2073430056474745 
0.06862542392066211 -0.2073430056474745 0.05812641153718508 -0.07984417475733192 
0.05812641153718508 -0.07984417475733192 0.1593522978449953 -0.07153833860139767 
0.1593522978449953 -0.07153833860139767 0.1717143808727188 -0.2006719365485583 
