0 0 0 1 -0.71918720629921 -0.5964935782657133 
0 0 6.5 1 -0.637334637380329 -0.08759260544684797 
10 0 0 1 -0.2195593957852392 -0.4314002100107397 
10 0 6.5 1 -0.1924284065488436 -0.1281726291539157 
10 10 0 1 0.2460961889947164 -0.533804825588498 
10 10 6.5 1 0.2533683771001803 -0.1497000948777082 
0 10 0 1 -0.02935900886546502 -0.8969891517061273 
0 10 6.5 1 0.01533960675816781 -0.109923496229872 
0 5 10 1 -0.3399183176076445 0.1925667279856905 
10 5 10 1 0.01571258496665755 0.03086221106292036 
0 6 0 1 -0.378937146956991 -0.7447096660909649 
0 8 0 1 -0.2212172518551383 -0.8134139181031409 
0 8 5 1 -0.1738080386978585 -0.2545738812945014 
0 6 5 1 -0.3239017774097077 -0.2369768999440255 
0 2 2.5 1 -0.5906084828185965 -0.4168914870936876 
0 4 2.5 1 -0.4799620157474641 -0.4465138769487708 
0 4 5 1 -0.4511275830804698 -0.2220609537566517 
0 2 5 1 -0.5603416724268309 -0.2092567001619919 
0.5 0.5 -0.5 1 -0.6620261704223533 -0.6342132051222632 
0.5 0.5 6 1 -0.5852136391100669 -0.1274890099497569 
10.5 0.5 -0.5 1 -0.1887088170650251 -0.4548642292167779 
10.5 0.5 6 1 -0.1631432063325586 -0.1523867898908533 
10.5 10.5 -0.5 1 0.2812942444023689 -0.5625674009345886 
10.5 10.5 6 1 0.2865185884837838 -0.1797006275423766 
0.5 10.5 -0.5 1 0.04707176188180828 -0.9499276782850556 
0.5 10.5 6 1 0.08276891743186977 -0.1684152312552284 
0.5 5.5 9.5 1 -0.2839375290413077 0.1440691931433675 
10.5 5.5 9.5 1 0.04599451588497692 0.003680807399102724 
0.5 6.5 -0.5 1 -0.3112617216339715 -0.7903854460899039 
0.5 8.5 -0.5 1 -0.1493358148783422 -0.8624803571223513 
0.5 8.5 4.5 1 -0.1082179861213362 -0.3073108047119327 
0.5 6.5 4.5 1 -0.2617959233526481 -0.2856366912983065 
0.5 2.5 2 1 -0.5325603929723774 -0.4581009366952838 
0.5 4.5 2 1 -0.418701374151766 -0.4905832223320945 
0.5 4.5 4.5 1 -0.3922428446985461 -0.2672270068170585 
0.5 2.5 4.5 1 -0.5044185606285962 -0.2513958970030187 
