0 0 0 1 0.2909129075694892 -0.3874372288705629 
0 0 6.5 1 0.2566610165349938 -0.04384754915484034 
10 0 0 1 0.531248301090706 -0.6382456162888532 
10 0 6.5 1 0.4378083092596126 0.07103271636436886 
10 10 0 1 -0.5467983885319805 -0.6682162374186609 
10 10 6.5 1 -0.527617494275058 0.002570484842691642 
0 10 0 1 -0.2319115769014468 -0.4101984618007379 
0 10 6.5 1 -0.2381922624145519 -0.07584773058963379 
0 5 10 1 -0.004413617377962258 0.108112379342376 
10 5 10 1 -0.07482437299311664 0.3516128032566189 
0 6 0 1 -0.02684243061998768 -0.4012707494537774 
0 8 0 1 -0.13003636988592 -0.4057633112185369 
0 8 5 1 -0.1390667487979217 -0.144048810096025 
0 6 5 1 -0.04011873546324677 -0.1381135362755291 
0 2 2.5 1 0.1723259221843453 -0.2562716866146488 
0 4 2.5 1 0.06869707531448863 -0.2616527661912449 
0 4 5 1 0.06006579261184619 -0.1321040916524053 
0 2 5 1 0.1615101595272943 -0.126019077159456 
0.5 0.5 -0.5 1 0.2718527109029255 -0.4235296117009236 
0.5 0.5 6 1 0.2376782483299575 -0.06830218767048854 
10.5 0.5 -0.5 1 0.5053454852999691 -0.7329904933564403 
10.5 0.5 6 1 0.4094240372849428 0.0276530618213714 
10.5 10.5 -0.5 1 -0.6358994070338737 -0.7582458491882347 
10.5 10.5 6 1 -0.6063489343580748 -0.04183030432843792 
0.5 10.5 -0.5 1 -0.2653926614070027 -0.4457596701437843 
0.5 10.5 6 1 -0.2700727531014105 -0.1004133981606727 
0.5 5.5 9.5 1 -0.0295961794989715 0.0888106513766465 
10.5 5.5 9.5 1 -0.1277669003999486 0.3266851666891589 
0.5 6.5 -0.5 1 -0.05478885586990907 -0.4370453374632645 
0.5 8.5 -0.5 1 -0.1607875388242417 -0.4414313350695533 
0.5 8.5 4.5 1 -0.1687933863421249 -0.170969853214794 
0.5 6.5 4.5 1 -0.06726981091103641 -0.1650405439891151 
0.5 2.5 2 1 0.1503737082858337 -0.2875529950591939 
0.5 4.5 2 1 0.04391165063140287 -0.292883409473849 
0.5 4.5 4.5 1 0.03555814931139716 -0.1590350544206506 
0.5 2.5 4.5 1 0.1397157951533101 -0.1529519068581945 
