0.2724845849644137 -0.2774092153615704 0.3160233674151307 0.1179986710192446 
-0.3735197026248636 -0.2728899736586031 -0.3328895286770975 0.2049653001325125 
-0.3372125911864113 -0.1326819656791664 -0.3131555287637611 0.147158108003339 
0.06664035944025461 -0.1505598198131094 0.09198397431192669 0.09883015911696094 
0.2724845849644137 -0.2774092153615704 -0.3735197026248636 -0.2728899736586031 
-0.3735197026248636 -0.2728899736586031 -0.3372125911864113 -0.1326819656791664 
-0.3372125911864113 -0.1326819656791664 0.06664035944025461 -0.1505598198131094 
0.06664035944025461 -0.1505598198131094 0.2724845849644137 -0.2774092153615704 
0.3160233674151307 0.1179986710192446 0.1959682035344535 0.273936245138362 
0.1959682035344535 0.273936245138362 0.09198397431192669 0.09883015911696094 
-0.3328895286770975 0.2049653001325125 -0.3038015755343482 0.3625175331287612 
-0.3038015755343482 0.3625175331287612 -0.3131555287637611 0.147158108003339 
0.1959682035344535 0.273936245138362 -0.3038015755343482 0.3625175331287612 
0.3160233674151307 0.1179986710192446 -0.3328895286770975 0.2049653001325125 
0.09198397431192669 0.09883015911696094 -0.3131555287637611 0.147158108003339 
0.1276040010226381 -0.1881280394970313 0.09469464227193324 -0.167847984252419 
0.09469464227193324 -0.167847984252419 0.1159320155631243 0.0387926380375056 
0.1159320155631243 0.0387926380375056 0.150980728925754 0.0363723696034389 
0.150980728925754 0.0363723696034389 0.1276040010226381 -0.1881280394970313 
0.2286228635413495 -0.1064221418006381 0.1796789273246631 -0.08996214206321568 
0.1796789273246631 -0.08996214206321568 0.1927327072981628 0.03348921111858789 
0.1927327072981628 0.03348921111858789 0.2433143497323486 0.0299963253381576 
0.2433143497323486 0.0299963253381576 0.2286228635413495 -0.1064221418006381 
