0.2883265829800817 -0.2687593698416202 0.2531069940719439 0.07918895711529242 
0.2048351363901739 -0.5765832820341056 0.134060278643361 0.1253675095871583 
-0.5859259128445011 -0.4929131370313502 -0.6359156631289952 0.01650399936001457 
-0.1797654888328035 -0.2692453899448197 -0.2089550754564393 0.02380212425084849 
0.2883265829800817 -0.2687593698416202 0.2048351363901739 -0.5765832820341056 
0.2048351363901739 -0.5765832820341056 -0.5859259128445011 -0.4929131370313502 
-0.5859259128445011 -0.4929131370313502 -0.1797654888328035 -0.2692453899448197 
-0.1797654888328035 -0.2692453899448197 0.2883265829800817 -0.2687593698416202 
0.2531069940719439 0.07918895711529242 -0.01487291294670799 0.2201445546038486 
-0.01487291294670799 0.2201445546038486 -0.2089550754564393 0.02380212425084849 
0.134060278643361 0.1253675095871583 -0.3435206692394822 0.3791974670155148 
-0.3435206692394822 0.3791974670155148 -0.6359156631289952 0.01650399936001457 
-0.01487291294670799 0.2201445546038486 -0.3435206692394822 0.3791974670155148 
0.2531069940719439 0.07918895711529242 0.134060278643361 0.1253675095871583 
-0.2089550754564393 0.02380212425084849 -0.6359156631289952 0.01650399936001457 
-0.0114691997048224 -0.2690706478700537 -0.09836221372292632 -0.2691608689060068 
-0.09836221372292632 -0.2691608689060068 -0.1216183142962115 -0.03633827560166521 
-0.1216183142962115 -0.03633827560166521 -0.03558091834093612 -0.02840400459394447 
-0.03558091834093612 -0.02840400459394447 -0.0114691997048224 -0.2690706478700537 
0.1681496287986575 -0.1397857414608581 0.06896678548949375 -0.1443918158026307 
0.06896678548949375 -0.1443918158026307 0.05645605684139753 -0.01991645919906631 
0.05645605684139753 -0.01991645919906631 0.1551428278060502 -0.01081567718426139 
0.1551428278060502 -0.01081567718426139 0.1681496287986575 -0.1397857414608581 
