0 0 0 1 0.2883265829800817 -0.2687593698416202 
0 0 6.5 1 0.2531069940719439 0.07918895711529242 
10 0 0 1 0.2048351363901739 -0.5765832820341056 
10 0 6.5 1 0.134060278643361 0.1253675095871583 
10 10 0 1 -0.5859259128445011 -0.4929131370313502 
10 10 6.5 1 -0.6359156631289952 0.01650399936001457 
0 10 0 1 -0.1797654888328035 -0.2692453899448197 
0 10 6.5 1 -0.2089550754564393 0.02380212425084849 
0 5 10 1 -0.01487291294670799 0.2201445546038486 
10 5 10 1 -0.3435206692394822 0.3791974670155148 
0 6 0 1 -0.0114691997048224 -0.2690706478700537 
0 8 0 1 -0.09836221372292632 -0.2691608689060068 
0 8 5 1 -0.1216183142962115 -0.03633827560166521 
0 6 5 1 -0.03558091834093612 -0.02840400459394447 
0 2 2.5 1 0.1681496287986575 -0.1397857414608581 
0 4 2.5 1 0.06896678548949375 -0.1443918158026307 
0 4 5 1 0.05645605684139753 -0.01991645919906631 
0 2 5 1 0.1551428278060502 -0.01081567718426139 
0.5 0.5 -0.5 1 0.260735830422641 -0.3037714969700717 
0.5 0.5 6 1 0.2249803116648606 0.04984639215340348 
10.5 0.5 -0.5 1 0.1454586341443528 -0.6586365843542643 
10.5 0.5 6 1 0.07248699560378394 0.06677758606031639 
10.5 10.5 -0.5 1 -0.6474937473198104 -0.5499022466100111 
10.5 10.5 6 1 -0.6985644666732864 -0.02824006561953188 
0.5 10.5 -0.5 1 -0.2093048385229998 -0.2986589202242496 
0.5 10.5 6 1 -0.2388607295059318 -0.001600149964682613 
0.5 5.5 9.5 1 -0.04449422984053412 0.1954484517481736 
10.5 5.5 9.5 1 -0.4082139633964056 0.3372545253977569 
0.5 6.5 -0.5 1 -0.04058430257473678 -0.3004940735325083 
0.5 8.5 -0.5 1 -0.1277350194091387 -0.2995461454962626 
0.5 8.5 4.5 1 -0.1512936759335561 -0.06343054685618914 
0.5 6.5 4.5 1 -0.06502155696727357 -0.05630711893668413 
0.5 2.5 2 1 0.1397105419668094 -0.171486255175606 
0.5 4.5 2 1 0.04004311354604237 -0.1750392182398156 
0.5 4.5 4.5 1 0.02735693598396122 -0.04867949203084906 
0.5 2.5 4.5 1 0.1265139060526873 -0.04049217105781092 
