0 0 0 1 0.3290176935105371 -0.5825909878696776 
0 0 6.5 1 0.3347630138057097 -0.1091107760001896 
10 0 0 1 -0.3808954700634103 -0.5222887386616902 
10 0 6.5 1 -0.3291804238563041 -0.06875016635017624 
10 10 0 1 -0.2077038644624514 -0.3733404494858543 
10 10 6.5 1 -0.1831266289359647 -0.1036759873647695 
0 10 0 1 0.2095908288121912 -0.4052074711034605 
0 10 6.5 1 0.2178514324726102 -0.1285978203379072 
0 5 10 1 0.2657004456349911 0.05253079924833101 
10 5 10 1 -0.2214960652050277 0.07822428554361549 
0 6 0 1 0.2429949246762655 -0.4548222375442596 
0 8 0 1 0.2247710973814428 -0.4277545707955687 
0 8 5 1 0.2312323103086571 -0.19330822557251 
0 6 5 1 0.2493987214687394 -0.1967400945281807 
0 2 2.5 1 0.2960257072760301 -0.3638631653253511 
0 4 2.5 1 0.2684278029934505 -0.3413831593020951 
0 4 5 1 0.2714457925125933 -0.200905070098321 
0 2 5 1 0.2987656822366964 -0.2060661490032461 
0.5 0.5 -0.5 1 0.2829457590358117 -0.6026408332104832 
0.5 0.5 6 1 0.2915342839298419 -0.1416420397125864 
10.5 0.5 -0.5 1 -0.4040027309554984 -0.5434481553101934 
10.5 0.5 6 1 -0.3522842262197241 -0.1013487041338617 
10.5 10.5 -0.5 1 -0.2246581284623371 -0.388691897426572 
10.5 10.5 6 1 -0.1998479983783003 -0.1230983198664933 
0.5 10.5 -0.5 1 0.1845977566818695 -0.4203023915761449 
0.5 10.5 6 1 0.1937027937880877 -0.1479803950615201 
0.5 5.5 9.5 1 0.2353877908046025 0.02514335280923266 
10.5 5.5 9.5 1 -0.2408871540952722 0.05096797879221081 
0.5 6.5 -0.5 1 0.2123662833741592 -0.4717855916652687 
0.5 8.5 -0.5 1 0.1972423223331542 -0.4437455763975386 
0.5 8.5 4.5 1 0.2044983360664925 -0.2133048197357812 
0.5 6.5 4.5 1 0.2197545433305068 -0.2185527578887223 
0.5 2.5 2 1 0.2573875417501529 -0.3869089364337797 
0.5 4.5 2 1 0.2345622299174434 -0.3625124818668067 
0.5 4.5 4.5 1 0.2381934659383499 -0.2248955089918143 
0.5 2.5 4.5 1 0.2609270455427532 -0.2327155666047102 
