0 0 0 1 0.2580440241009165 -0.07505587672516077 
0 0 6.5 1 0.2846285482475318 0.303166051268801 
10 0 0 1 -0.2791255903620556 -0.2023091711495024 
10 0 6.5 1 -0.3019341748402594 0.3753568845697579 
10 10 0 1 -0.4799597015356503 -0.03801637588820459 
10 10 6.5 1 -0.5070510167133252 0.3069265747109287 
0 10 0 1 -0.058144063716498 0.01219922306512788 
0 10 6.5 1 -0.05652657563424892 0.2746048397374125 
0 5 10 1 0.08768125814749847 0.4695047662661956 
10 5 10 1 -0.4489978309946079 0.5975498903567467 
0 6 0 1 0.04221931774918752 -0.01549700333457168 
0 8 0 1 -0.0111934842227386 -0.0007572343625330834 
0 8 5 1 -0.007893575191775019 0.2115277140176759 
0 6 5 1 0.04818095035929119 0.211391349585326 
0 2 2.5 1 0.1814310584951494 0.07611089176615519 
0 4 2.5 1 0.1081257472827424 0.08650126375742481 
0 4 5 1 0.1129492742100076 0.211233843202002 
0 2 5 1 0.1886031302789787 0.2110498649153104 
0.5 0.5 -0.5 1 0.2160892646958642 -0.0997927612345765 
0.5 0.5 6 1 0.2392039652171458 0.2723942563117346 
10.5 0.5 -0.5 1 -0.3337831056395096 -0.2374408251821664 
10.5 0.5 6 1 -0.3626496726591795 0.3261775777275096 
10.5 10.5 -0.5 1 -0.5113448869249694 -0.06092681082551744 
10.5 10.5 6 1 -0.5403199267506666 0.2790046418772484 
0.5 10.5 -0.5 1 -0.08523688334427082 -0.00573360252822264 
0.5 10.5 6 1 -0.08503528378259777 0.2537676287193182 
0.5 5.5 9.5 1 0.0513323608593354 0.4421096479259357 
10.5 5.5 9.5 1 -0.49389686744304 0.5566676849760152 
0.5 6.5 -0.5 1 0.01061147452008273 -0.03565273156081434 
0.5 8.5 -0.5 1 -0.04037496342263677 -0.01973728084564061 
0.5 8.5 4.5 1 -0.03832703787068219 0.1900661499455955 
0.5 6.5 4.5 1 0.01510000113202443 0.188400058825326 
0.5 2.5 2 1 0.1425448801594847 0.05128651624884763 
0.5 4.5 2 1 0.072810844775361 0.06344570412638287 
0.5 4.5 4.5 1 0.07673455738595836 0.1864780210558133 
0.5 2.5 4.5 1 0.14862525799725 0.1842361513929193 
