0 0 0 1 0.1179529675747103 -0.3221761376664927 
0 0 6.5 1 0.07567880012856068 0.338214432609611 
10 0 0 1 -0.238931619656502 -0.1427611435064798 
10 0 6.5 1 -0.2782913059422062 0.2159515669982221 
10 10 0 1 0.1609994497223785 -0.05372171862334225 
10 10 6.5 1 0.1454716506065762 0.22289070202295 
0 10 0 1 0.6038252013036877 -0.1232116837807069 
0 10 6.5 1 0.6045948841821557 0.3037261975022666 
0 5 10 1 0.3929174214341604 0.6271543572285224 
10 5 10 1 -0.05200964249556931 0.3989487333442363 
0 6 0 1 0.4570472908526946 -0.183317169890186 
0 8 0 1 0.5359723814362427 -0.1509973819794382 
0 8 5 1 0.5334700993874201 0.1975023783911097 
0 6 5 1 0.4503742921546408 0.1934220340209004 
0 2 2.5 1 0.2431275542683515 -0.04866678555283407 
0 4 2.5 1 0.358067231847821 -0.0218702898730556 
0 4 5 1 0.351704782813089 0.1885769571107587 
0 2 5 1 0.2326306679148748 0.1827299305213002 
0.5 0.5 -0.5 1 0.1254479354575815 -0.336179537506449 
0.5 0.5 6 1 0.08694790696890212 0.2737926436554892 
10.5 0.5 -0.5 1 -0.2206741708462882 -0.1577651970570565 
10.5 0.5 6 1 -0.2575893029973335 0.1855608347811446 
10.5 10.5 -0.5 1 0.1630038254755149 -0.0681004683796758 
10.5 10.5 6 1 0.1480361267814185 0.1992816157242351 
0.5 10.5 -0.5 1 0.5865437554245562 -0.1416477271012569 
0.5 10.5 6 1 0.5863493859247182 0.2636846651885778 
0.5 5.5 9.5 1 0.382822496208864 0.5571264021990868 
10.5 5.5 9.5 1 -0.04185373619895121 0.3652711463278999 
0.5 6.5 -0.5 1 0.4448617543754791 -0.2014219756899371 
0.5 8.5 -0.5 1 0.5207841955324453 -0.1693910413611373 
0.5 8.5 4.5 1 0.5177448991143161 0.1604352015644423 
0.5 6.5 4.5 1 0.4379815948598014 0.1535810741071965 
0.5 2.5 2 1 0.2420750321961268 -0.07932825121450486 
0.5 4.5 2 1 0.3503482272989701 -0.05147481099342958 
0.5 4.5 4.5 1 0.3441705978525514 0.1455198166606984 
0.5 2.5 4.5 1 0.2322425004265272 0.1359017416201127 
