0 0 0 1 0.4036207158146869 -0.5319267802929778 
0 0 6.5 1 0.3459799311962148 0.0117168109258811 
10 0 0 1 -0.2819210822861179 -0.4695862562571502 
10 0 6.5 1 -0.2783704256906053 -0.05667580919877503 
10 10 0 1 -0.01496556432008263 -0.3578680354690136 
10 10 6.5 1 -0.02476188435516513 -0.09433376549304974 
0 10 0 1 0.4226100253363216 -0.3720608275518226 
0 10 6.5 1 0.3876891924062873 -0.06081266965232408 
0 5 10 1 0.3511515993501786 0.1578967312995349 
10 5 10 1 -0.1277695053759009 0.07951739661844245 
0 6 0 1 0.4174144565410682 -0.4158009411425298 
0 8 0 1 0.4202597894532507 -0.3918468391593277 
0 8 5 1 0.3906949143031436 -0.1264869524891345 
0 6 5 1 0.3850331481040039 -0.12269046741329 
0 2 2.5 1 0.3888084151182394 -0.2915959319900102 
0 4 2.5 1 0.395495052840426 -0.2770514911950998 
0 4 5 1 0.3781122460102779 -0.1180496714874172 
0 2 5 1 0.3694596243353662 -0.1122476747428814 
0.5 0.5 -0.5 1 0.3662549430656848 -0.5583651692635606 
0.5 0.5 6 1 0.3142523938743684 -0.034911632072483 
10.5 0.5 -0.5 1 -0.2866992013236961 -0.4917882219171051 
10.5 0.5 6 1 -0.2829399728025375 -0.09061870094831757 
10.5 10.5 -0.5 1 -0.02392562288642438 -0.37458733999405 
10.5 10.5 6 1 -0.0331175505756678 -0.1158696979929257 
0.5 10.5 -0.5 1 0.4005781083520022 -0.3914743512924822 
0.5 10.5 6 1 0.3676698588518273 -0.08692073132539337 
0.5 5.5 9.5 1 0.3280458640736996 0.1197919167583811 
10.5 5.5 9.5 1 -0.1350192483045023 0.04996557062399558 
0.5 6.5 -0.5 1 0.3910506866255323 -0.4377998924196535 
0.5 8.5 -0.5 1 0.3962553873391469 -0.4124928803144482 
0.5 8.5 4.5 1 0.3685569750516648 -0.1534596264512412 
0.5 6.5 4.5 1 0.3609156108488534 -0.152395110498639 
0.5 2.5 2 1 0.3578083671085939 -0.3231327669180696 
0.5 4.5 2 1 0.3676920050200363 -0.3055996324572209 
0.5 4.5 4.5 1 0.3516311846360555 -0.1511017001137964 
0.5 2.5 4.5 1 0.3401099166190252 -0.1494966760274138 
