0 0 0 1 0.2211896438256833 -0.3918118941702386 
0 0 6.5 1 0.2013160474422498 -0.08589711912894041 
10 0 0 1 0.7065057311351989 -0.5284956821116792 
10 0 6.5 1 0.6283327973154099 -0.004791140933869478 
10 10 0 1 -0.0703317425217982 -0.7148658638147929 
10 10 6.5 1 -0.07904420590793558 0.04724500025810592 
0 10 0 1 -0.2604934788407904 -0.4503362766542756 
0 10 6.5 1 -0.2522075426072585 -0.07618709825397689 
0 5 10 1 -0.008097768067916233 0.08334318430797469 
10 5 10 1 0.3086507287155617 0.2983984965712311 
0 6 0 1 -0.04392447618536919 -0.4240231953998835 
0 8 0 1 -0.1475393732529307 -0.4366123802429341 
0 8 5 1 -0.1470126459236321 -0.1569391002088891 
0 6 5 1 -0.04842581359312017 -0.1559614559166973 
0 2 2.5 1 0.1332281452961932 -0.2751388736899451 
0 4 2.5 1 0.0469760655732434 -0.2806826833822961 
0 4 5 1 0.04269728540706175 -0.1550578263394157 
0 2 5 1 0.1271733246044275 -0.1542201128679919 
0.5 0.5 -0.5 1 0.2169589124164558 -0.4241753235141261 
0.5 0.5 6 1 0.1966493611218617 -0.1059573245359684 
10.5 0.5 -0.5 1 0.7303616208716152 -0.5951719580346057 
10.5 0.5 6 1 0.6452849332724981 -0.03435228509752946 
10.5 10.5 -0.5 1 -0.1104081686512336 -0.8342596856752429 
10.5 10.5 6 1 -0.1141819603625385 0.008966453522569039 
0.5 10.5 -0.5 1 -0.2872782324215816 -0.4929379860237978 
0.5 10.5 6 1 -0.2767743804495137 -0.100235440353954 
0.5 5.5 9.5 1 -0.02065563970288971 0.06816817271275347 
10.5 5.5 9.5 1 0.3067469941778284 0.2852099507160196 
0.5 6.5 -0.5 1 -0.0595455480133887 -0.4618821507274671 
0.5 8.5 -0.5 1 -0.1682916955646695 -0.4767118290243676 
0.5 8.5 4.5 1 -0.1666573876319081 -0.1836112246526544 
0.5 6.5 4.5 1 -0.0634375238695836 -0.1815054728442796 
0.5 2.5 2 1 0.1257001311130208 -0.3036954967770212 
0.5 4.5 2 1 0.03584625345104275 -0.3106003696059457 
0.5 4.5 4.5 1 0.03167617893677482 -0.1795650919487293 
0.5 2.5 4.5 1 0.1196025430387988 -0.1777713373993338 
