0 0 0 1 -0.4692142952650946 -0.4412262551057761 
0 0 6.5 1 -0.4736217561011167 -0.09168604657673862 
10 0 0 1 -0.02477185316287518 -0.342488761708251 
10 0 6.5 1 -0.04313259554750678 -0.07682780228574672 
10 10 0 1 0.3153562041922784 -0.4184784685730892 
10 10 6.5 1 0.2716885672084017 -0.02565611696890557 
0 10 0 1 -0.2785874020273287 -0.6338518446153691 
0 10 6.5 1 -0.300279003915037 -0.02486299493152275 
0 5 10 1 -0.414075936854388 0.1525009010427396 
10 5 10 1 0.07079716619679838 0.1043166366939519 
0 6 0 1 -0.3814388919334499 -0.5299219712454267 
0 8 0 1 -0.3367801619421818 -0.5750489417646812 
0 8 5 1 -0.3486698614006276 -0.160926833657826 
0 6 5 1 -0.3899839706824421 -0.163819191276792 
0 2 2.5 1 -0.4478285718761065 -0.3138116446549946 
0 4 2.5 1 -0.4199825529559161 -0.3267487264157929 
0 4 5 1 -0.4230417498639581 -0.166133531853023 
0 2 5 1 -0.4500933169595311 -0.1680273837974068 
0.5 0.5 -0.5 1 -0.4339230674200703 -0.4685989963121746 
0.5 0.5 6 1 -0.4399291804017899 -0.1146745602929102 
10.5 0.5 -0.5 1 0.005251389680535905 -0.3625732847030642 
10.5 0.5 6 1 -0.01425568994736359 -0.09437785696342915 
10.5 10.5 -0.5 1 0.363877928217708 -0.4493030217229038 
10.5 10.5 6 1 0.3173447415737682 -0.05091811786283404 
0.5 10.5 -0.5 1 -0.212900921353205 -0.6855531918304294 
0.5 10.5 6 1 -0.2398967962781518 -0.06318301831073141 
0.5 5.5 9.5 1 -0.3721135666473444 0.1270413791297614 
10.5 5.5 9.5 1 0.1053571180685197 0.08534718404179058 
0.5 6.5 -0.5 1 -0.3325486706352313 -0.5681075799178618 
0.5 8.5 -0.5 1 -0.2807116757098894 -0.6189905060510154 
0.5 8.5 4.5 1 -0.2956647078290137 -0.1968709531974151 
0.5 6.5 4.5 1 -0.3434423551017939 -0.1957595318810946 
0.5 2.5 2 1 -0.4096928498833509 -0.3419202038589362 
0.5 4.5 2 1 -0.3775993945341706 -0.3579024607855708 
0.5 4.5 4.5 1 -0.381566644609365 -0.1948726705464129 
0.5 2.5 4.5 1 -0.4126947907755329 -0.1941485560878442 
