0.1179795024702754 -0.4194576389181417 0.1277397530726276 -0.132822665905372 
0.5967471816837974 -0.5704654638689698 0.5795286162387622 -0.1385255707867786 
0.1504426279658395 -0.8015724903387681 0.1702389472757266 -0.07754645414863039 
-0.3012969372440736 -0.4875875039225165 -0.2627297199630047 -0.09626261382066312 
0.1179795024702754 -0.4194576389181417 0.5967471816837974 -0.5704654638689698 
0.5967471816837974 -0.5704654638689698 0.1504426279658395 -0.8015724903387681 
0.1504426279658395 -0.8015724903387681 -0.3012969372440736 -0.4875875039225165 
-0.3012969372440736 -0.4875875039225165 0.1179795024702754 -0.4194576389181417 
0.1277397530726276 -0.132822665905372 -0.02826193663322621 0.04716478522912752 
-0.02826193663322621 0.04716478522912752 -0.2627297199630047 -0.09626261382066312 
0.5795286162387622 -0.1385255707867786 0.4195743811989012 0.1410632011248213 
0.4195743811989012 0.1410632011248213 0.1702389472757266 -0.07754645414863039 
-0.02826193663322621 0.04716478522912752 0.4195743811989012 0.1410632011248213 
0.1277397530726276 -0.132822665905372 0.5795286162387622 -0.1385255707867786 
-0.2627297199630047 -0.09626261382066312 0.1702389472757266 -0.07754645414863039 
-0.1008908848262673 -0.4550227423380426 -0.1941297672558177 -0.4701734922285251 
-0.1941297672558177 -0.4701734922285251 -0.1707662980062223 -0.1859390160584906 
-0.1707662980062223 -0.1859390160584906 -0.08283775630749243 -0.1891216805777206 
-0.08283775630749243 -0.1891216805777206 -0.1008908848262673 -0.4550227423380426 
0.05870143666182682 -0.3099839867039376 -0.01198937420155656 -0.3143473549073016 
-0.01198937420155656 -0.3143473549073016 -0.005222157434461998 -0.1919310574637648 
-0.005222157434461998 -0.1919310574637648 0.06379436402746587 -0.1944291818481105 
0.06379436402746587 -0.1944291818481105 0.05870143666182682 -0.3099839867039376 
