0.07297424821660317 -0.3761306600628882 0.09231695008768437 -0.1028437049437667 
0.5287996608764582 -0.5186221599892586 0.5365961860888965 -0.1315244378583748 
0.206415020276912 -0.7533609306962143 0.2421853231800652 -0.0885631311205685 
-0.3088585748573119 -0.4528908484931783 -0.2654582644022645 -0.06532224022315307 
0.07297424821660317 -0.3761306600628882 0.5287996608764582 -0.5186221599892586 
0.5287996608764582 -0.5186221599892586 0.206415020276912 -0.7533609306962143 
0.206415020276912 -0.7533609306962143 -0.3088585748573119 -0.4528908484931783 
-0.3088585748573119 -0.4528908484931783 0.07297424821660317 -0.3761306600628882 
0.09231695008768437 -0.1028437049437667 -0.04201129059689641 0.07616084316704219 
-0.04201129059689641 0.07616084316704219 -0.2654582644022645 -0.06532224022315307 
0.5365961860888965 -0.1315244378583748 0.4344557153470952 0.1272303568352239 
0.4344557153470952 0.1272303568352239 0.2421853231800652 -0.0885631311205685 
-0.04201129059689641 0.07616084316704219 0.4344557153470952 0.1272303568352239 
0.09231695008768437 -0.1028437049437667 0.5365961860888965 -0.1315244378583748 
-0.2654582644022645 -0.06532224022315307 0.2421853231800652 -0.0885631311205685 
-0.1228871719492874 -0.4155048537142486 -0.20860000986069 -0.4327357809457207 
-0.20860000986069 -0.4327357809457207 -0.1804954808946727 -0.1551037395760499 
-0.1804954808946727 -0.1551037395760499 -0.09919031736362706 -0.1579301850673822 
-0.09919031736362706 -0.1579301850673822 -0.1228871719492874 -0.4155048537142486 
0.0247296694544124 -0.2736502927615856 -0.03854534303777701 -0.2788849971771024 
-0.03854534303777701 -0.2788849971771024 -0.02859239539300257 -0.1603844102307705 
-0.02859239539300257 -0.1603844102307705 0.03328270626331648 -0.1625354003340675 
0.03328270626331648 -0.1625354003340675 0.0247296694544124 -0.2736502927615856 
