0 0 0 1 -0.7127247905688012 -0.6017739133359518 
0 0 6.5 1 -0.6333975815155272 -0.1017876401337754 
10 0 0 1 -0.2098951187020691 -0.4420815073422552 
10 0 6.5 1 -0.1850914132851859 -0.1395549958280942 
10 10 0 1 0.2513013735901288 -0.5447183546273875 
10 10 6.5 1 0.2543346145776476 -0.1561580656328868 
0 10 0 1 -0.05863436031046163 -0.903219249321783 
0 10 6.5 1 -0.01626522848429199 -0.114559961046362 
0 5 10 1 -0.3539937633500914 0.1772564276116129 
10 5 10 1 0.01731500830442695 0.02144054967320708 
0 6 0 1 -0.3935470321777237 -0.7488707705387118 
0 8 0 1 -0.2433336165669644 -0.8180984055011747 
0 8 5 1 -0.1973924623884223 -0.2604496028739771 
0 6 5 1 -0.339972243817236 -0.2446070032491462 
0 2 2.5 1 -0.5916324446314164 -0.4242984571367557 
0 4 2.5 1 -0.4879495599899384 -0.4528966813230449 
0 4 5 1 -0.4599334284157197 -0.2312776447730071 
0 2 5 1 -0.5622627337900711 -0.2199074336625187 
0.5 0.5 -0.5 1 -0.6572147775178465 -0.6394790604622074 
0.5 0.5 6 1 -0.5828086941230507 -0.1404054916926473 
10.5 0.5 -0.5 1 -0.1789371669535991 -0.4656283105802139 
10.5 0.5 6 1 -0.1557486974498737 -0.1634101037137289 
10.5 10.5 -0.5 1 0.2879323462402847 -0.5741748856489691 
10.5 10.5 6 1 0.2887124813928055 -0.1861623036644638 
0.5 10.5 -0.5 1 0.01978477165455341 -0.958349337823852 
0.5 10.5 6 1 0.05252616495550409 -0.1723565174727036 
0.5 5.5 9.5 1 -0.2986349881535743 0.130674747764182 
10.5 5.5 9.5 1 0.04808239587197283 -0.005260790978025595 
0.5 6.5 -0.5 1 -0.3260511805699044 -0.7954588216599203 
0.5 8.5 -0.5 1 -0.1707298162111096 -0.8686159849014954 
0.5 8.5 4.5 1 -0.131347128909246 -0.3127372565371244 
0.5 6.5 4.5 1 -0.2781600899407752 -0.2925898568394328 
0.5 2.5 2 1 -0.5348641975720659 -0.4651117835379716 
0.5 4.5 2 1 -0.4275293633197697 -0.4967666749999538 
0.5 4.5 4.5 1 -0.4018937571413723 -0.2756096690437776 
0.5 2.5 4.5 1 -0.5075937102205246 -0.2611042794123024 
