0 0 0 1 0.2577900217787294 -0.09129377503036162 
0 0 6.5 1 0.2865690866806334 0.2857442445083155 
10 0 0 1 -0.2871848555251969 -0.2152160118222591 
10 0 6.5 1 -0.306241148984412 0.3524482981089187 
10 10 0 1 -0.4712599427006107 -0.04488692569205602 
10 10 6.5 1 -0.4946395964834792 0.2942631168961031 
0 10 0 1 -0.05123621987006195 0.002390465749325829 
0 10 6.5 1 -0.0475322369954451 0.2629221975458579 
0 5 10 1 0.09466371050969874 0.4541615965432767 
10 5 10 1 -0.4402251459790389 0.5756135622172973 
0 6 0 1 0.04650862038149133 -0.02724181110923855 
0 8 0 1 -0.00555040503830803 -0.01145962301361658 
0 8 5 1 -0.0006448342242133445 0.1994857746433034 
0 6 5 1 0.05409242182791144 0.1983694779673837 
0 2 2.5 1 0.1835627783438163 0.06121012019229426 
0 4 2.5 1 0.1117738189516852 0.07299724344828738 
0 4 5 1 0.1174328067830361 0.1970777314262428 
0 2 5 1 0.1915775542687586 0.1955656436614413 
0.5 0.5 -0.5 1 0.2156095378274758 -0.1154111236123151 
0.5 0.5 6 1 0.2409046154411584 0.2553921533788012 
10.5 0.5 -0.5 1 -0.340752756756602 -0.2488841336264681 
10.5 0.5 6 1 -0.3655929122253308 0.3046823126856676 
10.5 10.5 -0.5 1 -0.5020066697508081 -0.06702748698725657 
10.5 10.5 6 1 -0.5271868421895487 0.2670881837730212 
0.5 10.5 -0.5 1 -0.07824946375465806 -0.01511612999977217 
0.5 10.5 6 1 -0.07594664065689069 0.2424396208102519 
0.5 5.5 9.5 1 0.05831649319374749 0.4270863345480275 
10.5 5.5 9.5 1 -0.4840895019353045 0.5357086864227611 
0.5 6.5 -0.5 1 0.01491144128463141 -0.0469122374034881 
0.5 8.5 -0.5 1 -0.03468152140229371 -0.02998600458729846 
0.5 8.5 4.5 1 -0.03101766056108272 0.1784132559865224 
0.5 6.5 4.5 1 0.02103067039429444 0.1757856455730634 
0.5 2.5 2 1 0.1445569470207109 0.03689520864299058 
0.5 4.5 2 1 0.07641762015794008 0.05041802711253508 
0.5 4.5 4.5 1 0.08117960972782089 0.1727490836612743 
0.5 2.5 4.5 1 0.1514798622449975 0.1692000423722981 
