-0.4692142952650946 -0.4412262551057761 -0.4736217561011167 -0.09168604657673862 
-0.02477185316287518 -0.342488761708251 -0.04313259554750678 -0.07682780228574672 
0.3153562041922784 -0.4184784685730892 0.2716885672084017 -0.02565611696890557 
-0.2785874020273287 -0.6338518446153691 -0.300279003915037 -0.02486299493152275 
-0.4692142952650946 -0.4412262551057761 -0.02477185316287518 -0.342488761708251 
-0.02477185316287518 -0.342488761708251 0.3153562041922784 -0.4184784685730892 
0.3153562041922784 -0.4184784685730892 -0.2785874020273287 -0.6338518446153691 
-0.2785874020273287 -0.6338518446153691 -0.4692142952650946 -0.4412262551057761 
-0.4736217561011167 -0.09168604657673862 -0.414075936854388 0.1525009010427396 
-0.414075936854388 0.1525009010427396 -0.300279003915037 -0.02486299493152275 
-0.04313259554750678 -0.07682780228574672 0.07079716619679838 0.1043166366939519 
0.07079716619679838 0.1043166366939519 0.2716885672084017 -0.02565611696890557 
-0.414075936854388 0.1525009010427396 0.07079716619679838 0.1043166366939519 
-0.4736217561011167 -0.09168604657673862 -0.04313259554750678 -0.07682780228574672 
-0.300279003915037 -0.02486299493152275 0.2716885672084017 -0.02565611696890557 
-0.3814388919334499 -0.5299219712454267 -0.3367801619421818 -0.5750489417646812 
-0.3367801619421818 -0.5750489417646812 -0.3486698614006276 -0.160926833657826 
-0.3486698614006276 -0.160926833657826 -0.3899839706824421 -0.163819191276792 
-0.3899839706824421 -0.163819191276792 -0.3814388919334499 -0.5299219712454267 
-0.4478285718761065 -0.3138116446549946 -0.4199825529559161 -0.3267487264157929 
-0.4199825529559161 -0.3267487264157929 -0.4230417498639581 -0.166133531853023 
-0.4230417498639581 -0.166133531853023 -0.4500933169595311 -0.1680273837974068 
-0.4500933169595311 -0.1680273837974068 -0.4478285718761065 -0.3138116446549946 
