0 0 0 1 0.2750218408790159 -0.22473086000778 
0 0 6.5 1 0.2426568928388971 0.09783906888534562 
10 0 0 1 0.5486754138929621 -0.4483436560354217 
10 0 6.5 1 0.484106537454715 0.1951913762339482 
10 10 0 1 -0.4413784819060685 -0.5476803890173403 
10 10 6.5 1 -0.5059473583443156 0.09585464325202964 
0 10 0 1 -0.2212395881873311 -0.2745230877618089 
0 10 6.5 1 -0.2536045362274499 0.0480468411313166 
0 5 10 1 -0.0229011014081866 0.2466344551815526 
10 5 10 1 -0.04568826698847176 0.4920418732726496 
0 6 0 1 -0.02273501656079228 -0.2546061966601973 
0 8 0 1 -0.1219873023740617 -0.2645646422110032 
0 8 5 1 -0.1468834162510761 -0.01643392767782961 
0 6 5 1 -0.04763113043780676 -0.00647548212702383 
0 2 2.5 1 0.1633214981272393 -0.110623948291999 
0 4 2.5 1 0.06406921231396989 -0.1205823938428048 
0 4 5 1 0.05162115537546263 0.003482963423781954 
0 2 5 1 0.1508734411887321 0.01344140897458778 
0.5 0.5 -0.5 1 0.2591612550030011 -0.2584794135098933 
0.5 0.5 6 1 0.2259685589311656 0.07234038568740424 
10.5 0.5 -0.5 1 0.5305342968909602 -0.5291384852480016 
10.5 0.5 6 1 0.4625848510056846 0.148089480648037 
10.5 10.5 -0.5 1 -0.5113548814106375 -0.6336760943022719 
10.5 10.5 6 1 -0.5793043272959131 0.04355187159376663 
0.5 10.5 -0.5 1 -0.2497922822236106 -0.3095450997742556 
0.5 10.5 6 1 -0.2829849782954461 0.02127469942304201 
0.5 5.5 9.5 1 -0.04638119987466702 0.2249412805845372 
10.5 5.5 9.5 1 -0.09494790131410892 0.460481888526461 
0.5 6.5 -0.5 1 -0.04621086733296595 -0.2891188252685107 
0.5 8.5 -0.5 1 -0.1480015747782883 -0.2993319625213832 
0.5 8.5 4.5 1 -0.1735344179104694 -0.0448551939080773 
0.5 6.5 4.5 1 -0.07174371046514705 -0.03464205665520485 
0.5 2.5 2 1 0.1446041259915882 -0.1414541664561129 
0.5 4.5 2 1 0.04281341854626584 -0.1516673037089853 
0.5 4.5 4.5 1 0.03004699698017528 -0.0244289194023324 
0.5 2.5 4.5 1 0.1318377044254976 -0.01421578214945997 
