0.1396675553201369 -0.4172025536665661 0.1439721023788058 -0.1262877403663404 
0.625210590906869 -0.5620881170568505 0.5953075380371351 -0.1127374062446383 
0.118289409908232 -0.7741152919963898 0.1311022124250542 -0.03731508655440179 
-0.2937417244516349 -0.4779210317750676 -0.2595173540510528 -0.08885083950204814 
0.1396675553201369 -0.4172025536665661 0.625210590906869 -0.5620881170568505 
0.625210590906869 -0.5620881170568505 0.118289409908232 -0.7741152919963898 
0.118289409908232 -0.7741152919963898 -0.2937417244516349 -0.4779210317750676 
-0.2937417244516349 -0.4779210317750676 0.1396675553201369 -0.4172025536665661 
0.1439721023788058 -0.1262877403663404 -0.0220962563193525 0.0539179776971432 
-0.0220962563193525 0.0539179776971432 -0.2595173540510528 -0.08885083950204814 
0.5953075380371351 -0.1127374062446383 0.4067110926818559 0.1765310536182268 
0.4067110926818559 0.1765310536182268 0.1311022124250542 -0.03731508655440179 
-0.0220962563193525 0.0539179776971432 0.4067110926818559 0.1765310536182268 
0.1439721023788058 -0.1262877403663404 0.5953075380371351 -0.1127374062446383 
-0.2595173540510528 -0.08885083950204814 0.1311022124250542 -0.03731508655440179 
-0.08872553547235117 -0.4491992863870081 -0.1845907587377686 -0.4626295259593426 
-0.1845907587377686 -0.4626295259593426 -0.164772513433481 -0.1782102380188234 
-0.164772513433481 -0.1782102380188234 -0.0744144983069825 -0.1819133397393238 
-0.0744144983069825 -0.1819133397393238 -0.08872553547235117 -0.4491992863870081 
0.07500629809951936 -0.3049588376747919 0.001189338494412426 -0.3084940323426731 
0.001189338494412426 -0.3084940323426731 0.006021386214119834 -0.1852098072629084 
0.006021386214119834 -0.1852098072629084 0.07808438937731009 -0.1881631327717129 
0.07808438937731009 -0.1881631327717129 0.07500629809951936 -0.3049588376747919 
