0 0 0 1 0.2784808845576837 -0.3786423823719182 
0 0 6.5 1 0.2430732406832383 -0.05837924231699837 
10 0 0 1 0.6915327086592765 -0.6254484877208488 
10 0 6.5 1 0.6002189185181993 -0.007155761767528832 
10 10 0 1 -0.2996116859559088 -0.8212692419241685 
10 10 6.5 1 -0.3376326609430865 -0.08047130091795052 
0 10 0 1 -0.2262174829380845 -0.4490265090309766 
0 10 6.5 1 -0.2473687990484214 -0.0987288334754939 
0 5 10 1 -0.0068133906351807 0.09349918357453509 
10 5 10 1 0.1353337338091596 0.2873858235822648 
0 6 0 1 -0.01389378660034969 -0.4194163123309053 
0 8 0 1 -0.1181927261995532 -0.4339616135403794 
0 8 5 1 -0.1371361565291435 -0.1673874642485331 
0 6 5 1 -0.03519937987736649 -0.1576949527108723 
0 2 2.5 1 0.1713411367974595 -0.2639284503576656 
0 4 2.5 1 0.07496827766664603 -0.2751985028971565 
0 4 5 1 0.06336851645709839 -0.1483227663043082 
0 2 5 1 0.1587318234603306 -0.1392552836571393 
0.5 0.5 -0.5 1 0.2684600699688189 -0.414785381457805 
0.5 0.5 6 1 0.2322884022556773 -0.08348529493139248 
10.5 0.5 -0.5 1 0.6977835744184466 -0.7134696093146821 
10.5 0.5 6 1 0.6006284077332354 -0.05274291858102307 
10.5 10.5 -0.5 1 -0.3680474182454692 -0.9422288530892252 
10.5 10.5 6 1 -0.4036351573361025 -0.1398469057051195 
0.5 10.5 -0.5 1 -0.2547105992689595 -0.490956483381073 
0.5 10.5 6 1 -0.2755611734554332 -0.1274257823212805 
0.5 5.5 9.5 1 -0.02573467320722461 0.07257992227193323 
10.5 5.5 9.5 1 0.1067138446645728 0.258038924514632 
0.5 6.5 -0.5 1 -0.03425273265641 -0.4588588914958165 
0.5 8.5 -0.5 1 -0.1424813624598563 -0.4746164529886745 
0.5 8.5 4.5 1 -0.1613979984997211 -0.1980905893736101 
0.5 6.5 4.5 1 -0.05571337789422604 -0.1875490345788068 
0.5 2.5 2 1 0.1578569506175271 -0.2965505154106244 
0.5 4.5 2 1 0.0581185675810053 -0.3087505958621956 
0.5 4.5 4.5 1 0.04636645302983577 -0.1773670409740128 
0.5 2.5 4.5 1 0.1450228349012848 -0.1675265206656034 
