0.2920225007453648 -0.2818811513919525 0.2532767290309392 0.06348619631167979 
0.3237277043785189 -0.5383897748069532 0.2436229939702927 0.1743986323773808 
-0.5888678678010958 -0.5158656847189673 -0.6179619638295755 0.04716730434208802 
-0.1987557988200093 -0.2998466299483586 -0.2228755277146561 0.006111792785531803 
0.2920225007453648 -0.2818811513919525 0.3237277043785189 -0.5383897748069532 
0.3237277043785189 -0.5383897748069532 -0.5888678678010958 -0.5158656847189673 
-0.5888678678010958 -0.5158656847189673 -0.1987557988200093 -0.2998466299483586 
-0.1987557988200093 -0.2998466299483586 0.2920225007453648 -0.2818811513919525 
0.2532767290309392 0.06348619631167979 -0.01530054176779171 0.2019237426277468 
-0.01530054176779171 0.2019237426277468 -0.2228755277146561 0.006111792785531803 
0.2436229939702927 0.1743986323773808 -0.2622852401120369 0.4207449177308678 
-0.2622852401120369 0.4207449177308678 -0.6179619638295755 0.04716730434208802 
-0.01530054176779171 0.2019237426277468 -0.2622852401120369 0.4207449177308678 
0.2532767290309392 0.06348619631167979 0.2436229939702927 0.1743986323773808 
-0.2228755277146561 0.006111792785531803 -0.6179619638295755 0.04716730434208802 
-0.01698257176347323 -0.2931926213752311 -0.1100587117396816 -0.2965997756816388 
-0.1100587117396816 -0.2965997756816388 -0.1305965123181541 -0.0545665370175908 
-0.1305965123181541 -0.0545665370175908 -0.03958092926700749 -0.04534214019289405 
-0.03958092926700749 -0.04534214019289405 -0.01698257176347323 -0.2931926213752311 
0.1699046810130606 -0.1545061069941942 0.06827614105833134 -0.1615344185243497 
0.06827614105833134 -0.1615344185243497 0.05596265876686363 -0.0356588316809384 
0.05596265876686363 -0.0356588316809384 0.1563807723016449 -0.02548149175100864 
0.1563807723016449 -0.02548149175100864 0.1699046810130606 -0.1545061069941942 
