0.3630239663675507 -0.6793717933912056 0.3479424364512899 -0.1667869791217322 
-0.3628112877332497 -0.6026034455329733 -0.3201531177794882 -0.1464972927468332 
-0.154441380665285 -0.4382890031988618 -0.1381027621934151 -0.1650231967562084 
0.2732176886294067 -0.4708201573001095 0.2688639315076533 -0.178223287303943 
0.3630239663675507 -0.6793717933912056 -0.3628112877332497 -0.6026034455329733 
-0.3628112877332497 -0.6026034455329733 -0.154441380665285 -0.4382890031988618 
-0.154441380665285 -0.4382890031988618 0.2732176886294067 -0.4708201573001095 
0.2732176886294067 -0.4708201573001095 0.3630239663675507 -0.6793717933912056 
0.3479424364512899 -0.1667869791217322 0.2945739998111108 0.007554817760951613 
0.2945739998111108 0.007554817760951613 0.2688639315076533 -0.178223287303943 
-0.3201531177794882 -0.1464972927468332 -0.1953341570654513 0.009848728211737554 
-0.1953341570654513 0.009848728211737554 -0.1381027621934151 -0.1650231967562084 
0.2945739998111108 0.007554817760951613 -0.1953341570654513 0.009848728211737554 
0.3479424364512899 -0.1667869791217322 -0.3201531177794882 -0.1464972927468332 
0.2688639315076533 -0.178223287303943 -0.1381027621934151 -0.1650231967562084 
0.2979353443089441 -0.5282204600644054 0.2844125583393623 -0.4968173197773855 
0.2844125583393623 -0.4968173197773855 0.280235271814703 -0.2474243647213301 
0.280235271814703 -0.2474243647213301 0.2927030001319388 -0.2526379364462741 
0.2927030001319388 -0.2526379364462741 0.2979353443089441 -0.5282204600644054 
0.3311211987868934 -0.436029711185171 0.3111637930464177 -0.4087929584738604 
0.3111637930464177 -0.4087929584738604 0.3079118576251535 -0.2589977533574037 
0.3079118576251535 -0.2589977533574037 0.3268774807230858 -0.2669285193970062 
0.3268774807230858 -0.2669285193970062 0.3311211987868934 -0.436029711185171 
