-0.2613143744181285 -0.3734879583802974 -0.2792047578952319 0.2844747088067489 
-0.2480532471537563 -0.09571567990603233 -0.2558303483078913 0.2418289051238809 
0.2195381725390819 -0.07753842340894375 0.2406778305626135 0.2246925557289078 
0.5668605629549691 -0.2914746346594954 0.6446034750660032 0.2442371278281515 
-0.2613143744181285 -0.3734879583802974 -0.2480532471537563 -0.09571567990603233 
-0.2480532471537563 -0.09571567990603233 0.2195381725390819 -0.07753842340894375 
0.2195381725390819 -0.07753842340894375 0.5668605629549691 -0.2914746346594954 
0.5668605629549691 -0.2914746346594954 -0.2613143744181285 -0.3734879583802974 
-0.2792047578952319 0.2844747088067489 0.2600258425213209 0.6448344916772925 
0.2600258425213209 0.6448344916772925 0.6446034750660032 0.2442371278281515 
-0.2558303483078913 0.2418289051238809 0.01149580883981195 0.4218559062782832 
0.01149580883981195 0.4218559062782832 0.2406778305626135 0.2246925557289078 
0.2600258425213209 0.6448344916772925 0.01149580883981195 0.4218559062782832 
-0.2792047578952319 0.2844747088067489 -0.2558303483078913 0.2418289051238809 
0.6446034750660032 0.2442371278281515 0.2406778305626135 0.2246925557289078 
0.2740706830817971 -0.3204693193771703 0.4259227049417662 -0.3054315677326172 
0.4259227049417662 -0.3054315677326172 0.4743651972461138 0.111413059901816 
0.4743651972461138 0.111413059901816 0.3108294685411626 0.1126151039669072 
0.3108294685411626 0.1126151039669072 0.2740706830817971 -0.3204693193771703 
-0.06483151569221041 -0.1305394998326331 0.120914943164427 -0.1215530230472723 
0.120914943164427 -0.1215530230472723 0.132875913594624 0.1139231240324874 
0.132875913594624 0.1139231240324874 -0.06149007465521298 0.115351781149079 
-0.06149007465521298 0.115351781149079 -0.06483151569221041 -0.1305394998326331 
