-0.04766795968096541 -0.0424162799175314 -0.02969354573142899 0.2092431677139759 
0.3538008478875795 -0.1007890085809002 0.3898954074390192 0.1896032994125172 
0.3248591242774369 -0.2380782199250197 0.3856023944978462 0.2568982018616148 
-0.2896100089087835 -0.1190981351386291 -0.2737195681373789 0.2729861504593686 
-0.04766795968096541 -0.0424162799175314 0.3538008478875795 -0.1007890085809002 
0.3538008478875795 -0.1007890085809002 0.3248591242774369 -0.2380782199250197 
0.3248591242774369 -0.2380782199250197 -0.2896100089087835 -0.1190981351386291 
-0.2896100089087835 -0.1190981351386291 -0.04766795968096541 -0.0424162799175314 
-0.02969354573142899 0.2092431677139759 -0.114100694963926 0.4094077245904225 
-0.114100694963926 0.4094077245904225 -0.2737195681373789 0.2729861504593686 
0.3898954074390192 0.1896032994125172 0.4145589238386823 0.426243233710004 
0.4145589238386823 0.426243233710004 0.3856023944978462 0.2568982018616148 
-0.114100694963926 0.4094077245904225 0.4145589238386823 0.426243233710004 
-0.02969354573142899 0.2092431677139759 0.3898954074390192 0.1896032994125172 
-0.2737195681373789 0.2729861504593686 0.3856023944978462 0.2568982018616148 
-0.1668257106281765 -0.08018250301007795 -0.2221773142154389 -0.09772581003785867 
-0.2221773142154389 -0.09772581003785867 -0.2089681629252167 0.170746453654531 
-0.2089681629252167 0.170746453654531 -0.1530801519101463 0.164033766128761 
-0.1530801519101463 0.164033766128761 -0.1668257106281765 -0.08018250301007795 
-0.0744985482518217 0.0489616662418433 -0.1137118626672073 0.04486258652628482 
-0.1137118626672073 0.04486258652628482 -0.1066487770597575 0.1584569115386324 
-0.1066487770597575 0.1584569115386324 -0.06746107112043832 0.1537500912377368 
-0.06746107112043832 0.1537500912377368 -0.0744985482518217 0.0489616662418433 
