-0.06765084218467396 -0.2446256784942722 -0.09937340268422633 0.4572587475701428 
-0.2481742782319783 -0.04227524891722371 -0.2763133925289354 0.3157935339281521 
0.1955798587618888 0.01003524976957342 0.1978885980553691 0.3063588600739702 
0.61500113291456 -0.1009211384985267 0.6601353037345461 0.397128552784664 
-0.06765084218467396 -0.2446256784942722 -0.2481742782319783 -0.04227524891722371 
-0.2481742782319783 -0.04227524891722371 0.1955798587618888 0.01003524976957342 
0.1955798587618888 0.01003524976957342 0.61500113291456 -0.1009211384985267 
0.61500113291456 -0.1009211384985267 -0.06765084218467396 -0.2446256784942722 
-0.09937340268422633 0.4572587475701428 0.3631894238674027 0.7952049858342857 
0.3631894238674027 0.7952049858342857 0.6601353037345461 0.397128552784664 
-0.2763133925289354 0.3157935339281521 -0.02163176184352435 0.5026899771766241 
-0.02163176184352435 0.5026899771766241 0.1978885980553691 0.3063588600739702 
0.3631894238674027 0.7952049858342857 -0.02163176184352435 0.5026899771766241 
-0.09937340268422633 0.4572587475701428 -0.2763133925289354 0.3157935339281521 
0.6601353037345461 0.397128552784664 0.1978885980553691 0.3063588600739702 
0.3941732544699464 -0.1474074446217993 0.5112054406375196 -0.1227710895076684 
0.5112054406375196 -0.1227710895076684 0.5391909789903252 0.2743611427248723 
0.5391909789903252 0.2743611427248723 0.4142578827217449 0.2751044573647312 
0.4142578827217449 0.2751044573647312 0.3941732544699464 -0.1474074446217993 
0.1066343435110087 0.02347149395299743 0.2657791016908895 0.04053223355634433 
0.2657791016908895 0.04053223355634433 0.2707714170372851 0.275958159015858 
0.2707714170372851 0.275958159015858 0.104267140510347 0.276948809772448 
0.104267140510347 0.276948809772448 0.1066343435110087 0.02347149395299743 
