0 0 0 1 0.2898016510444842 -0.4065141391166509 
0 0 6.5 1 0.2568275694660311 -0.06225121450173974 
10 0 0 1 0.5524569415542179 -0.6679390918734518 
10 0 6.5 1 0.4583234918453661 0.04280226072617466 
10 10 0 1 -0.5389523917654567 -0.7022042703503788 
10 10 6.5 1 -0.5144085822955723 -0.01592131369512706 
0 10 0 1 -0.2360479054292503 -0.4288200309641916 
0 10 6.5 1 -0.2398376501288441 -0.09034634840574329 
0 5 10 1 -0.002991446965843495 0.09231146093104128 
10 5 10 1 -0.05250302217507374 0.3301009857780141 
0 6 0 1 -0.02844440029117569 -0.4200137454481715 
0 8 0 1 -0.1326943295138494 -0.424435899308961 
0 8 5 1 -0.1400423478654861 -0.1598680419444393 
0 6 5 1 -0.04026298428127197 -0.1545358349966605 
0 2 2.5 1 0.1720665048874881 -0.2744623331480297 
0 4 2.5 1 0.0683521619679983 -0.2794455925276464 
0 4 5 1 0.06034833263144291 -0.1491591684817017 
0 2 5 1 0.1618020515856441 -0.1437374840205757 
0.5 0.5 -0.5 1 0.2713164918034761 -0.4429858903134217 
0.5 0.5 6 1 0.2384457190497876 -0.08673508634071141 
10.5 0.5 -0.5 1 0.5296881681502187 -0.7646366146004859 
10.5 0.5 6 1 0.4326728052620082 -0.0009504247345916862 
10.5 10.5 -0.5 1 -0.6297278419558612 -0.7965320788698139 
10.5 10.5 6 1 -0.5937041339485878 -0.06115211002314405 
0.5 10.5 -0.5 1 -0.269821393679529 -0.4651502782077958 
0.5 10.5 6 1 -0.2718349864278525 -0.1151103692824919 
0.5 5.5 9.5 1 -0.02782668389878274 0.07307258968644273 
10.5 5.5 9.5 1 -0.1038133052993028 0.3053018916869713 
0.5 6.5 -0.5 1 -0.05626692118655213 -0.4564033316496409 
0.5 8.5 -0.5 1 -0.1635190046681715 -0.4607962541275128 
0.5 8.5 4.5 1 -0.1697328339155254 -0.1870551497880776 
0.5 6.5 4.5 1 -0.06720676403011856 -0.1816855040490964 
0.5 2.5 2 1 0.1505833662903187 -0.3060269075132519 
0.5 4.5 2 1 0.04389610902540791 -0.3110190929941787 
0.5 4.5 4.5 1 0.03619888539109179 -0.1762697916803126 
0.5 2.5 4.5 1 0.1404954820876135 -0.1708074173137962 
