0 0 0 1 0.062290564286363 -0.3515208514200131 
0 0 6.5 1 0.08349420844648625 -0.08231304302065173 
10 0 0 1 0.5112551079072061 -0.4869050541896714 
10 0 6.5 1 0.5246511254132475 -0.1123503553890531 
10 10 0 1 0.2197727074107946 -0.7117443929256281 
10 10 6.5 1 0.2595456592299663 -0.0674883428392737 
0 10 0 1 -0.3080645512498462 -0.427215712625948 
0 10 6.5 1 -0.2645369213354187 -0.04216300508705111 
0 5 10 1 -0.04518071578653902 0.09716717796483555 
10 5 10 1 0.4367192523149532 0.1425710532196985 
0 6 0 1 -0.1269285068982911 -0.3901943048974986 
0 8 0 1 -0.2102336031605315 -0.407220578964721 
0 8 5 1 -0.1816403811204867 -0.1323797690195604 
0 6 5 1 -0.1024086328293552 -0.1356763946348565 
0 2 2.5 1 0.01676940198328714 -0.2507059951361121 
0 4 2.5 1 -0.04438982205533742 -0.2556820258260455 
0 4 5 1 -0.03388277574131551 -0.1385275761455369 
0 2 5 1 0.02596975835150229 -0.1410178833934063 
0.5 0.5 -0.5 1 0.06395416362123817 -0.3812113343660011 
0.5 0.5 6 1 0.08577785567412745 -0.1027945593747057 
10.5 0.5 -0.5 1 0.5338700923176318 -0.5347279010983593 
10.5 0.5 6 1 0.5470221372145384 -0.1421259517755211 
10.5 10.5 -0.5 1 0.2366526774384938 -0.8153088529321496 
10.5 10.5 6 1 0.2783590733027942 -0.1157996551236543 
0.5 10.5 -0.5 1 -0.3229834486562318 -0.473999371716543 
0.5 10.5 6 1 -0.276930054376825 -0.06982830814797437 
0.5 5.5 9.5 1 -0.04720564242257413 0.07991741352630782 
10.5 5.5 9.5 1 0.4596805843368468 0.119438757828633 
0.5 6.5 -0.5 1 -0.1323721650415497 -0.4282905898812144 
0.5 8.5 -0.5 1 -0.2197070151638167 -0.4492335767556407 
0.5 8.5 4.5 1 -0.1896643676794555 -0.1617843056312513 
0.5 6.5 4.5 1 -0.1067697680708772 -0.162995424171374 
0.5 2.5 2 1 0.01698042712518149 -0.2786140336092116 
0.5 4.5 2 1 -0.04638564744079987 -0.2857469502441991 
0.5 4.5 4.5 1 -0.03547817031347736 -0.1640370188736424 
0.5 2.5 4.5 1 0.02648723907971201 -0.1649423547642402 
