0 0 0 1 0.3107474498287344 -0.481506944822134 
0 0 6.5 1 0.32881673430409 -0.03517817818962442 
10 0 0 1 -0.3831555386501591 -0.4306832300187625 
10 0 6.5 1 -0.3290482293967418 0.0192023405858731 
10 10 0 1 -0.2385300516733134 -0.3024381809804385 
10 10 6.5 1 -0.2104275272766138 -0.0353962941667329 
0 10 0 1 0.1718499963973299 -0.3336804261200925 
0 10 6.5 1 0.187074876990315 -0.06788425589611305 
0 5 10 1 0.2491571411041711 0.1134761928755014 
10 5 10 1 -0.2361854492580059 0.1550440173314558 
0 6 0 1 0.2112120532364531 -0.3755728848205905 
0 8 0 1 0.1897878991620159 -0.3527714724496699 
0 8 5 1 0.2021356617559876 -0.1285881429759206 
0 6 5 1 0.2241176369452169 -0.1295755736809767 
0 2 2.5 1 0.2766227894111725 -0.2822394739013669 
0 4 2.5 1 0.2440727190045447 -0.2648567401488512 
0 4 5 1 0.250683374247943 -0.1307689070593173 
0 2 5 1 0.2834334913380907 -0.1322400428844928 
0.5 0.5 -0.5 1 0.2647342185943351 -0.5021083990444588 
0.5 0.5 6 1 0.2845892713523624 -0.066895952374666 
10.5 0.5 -0.5 1 -0.4096897589193427 -0.4530510964791252 
10.5 0.5 6 1 -0.3557426626238416 -0.0144408970210148 
10.5 10.5 -0.5 1 -0.2568694024268959 -0.3180074887520096 
10.5 10.5 6 1 -0.2286783250235418 -0.05497221315530831 
0.5 10.5 -0.5 1 0.1466188400375377 -0.3485827830661523 
0.5 10.5 6 1 0.162354769167058 -0.08676011147934781 
0.5 5.5 9.5 1 0.2178441173455188 0.08685456107287419 
10.5 5.5 9.5 1 -0.2578887249559284 0.1273067097101845 
0.5 6.5 -0.5 1 0.1803729679327756 -0.3924561832977321 
0.5 8.5 -0.5 1 0.1620290158644111 -0.3686128313550556 
0.5 8.5 4.5 1 0.1748589784633992 -0.1481030826083553 
0.5 6.5 4.5 1 0.1938799726799056 -0.1508768408896417 
0.5 2.5 2 1 0.2375709279181256 -0.3050458063659788 
0.5 4.5 2 1 0.2097890840252232 -0.2856876170646219 
0.5 4.5 4.5 1 0.2167804528579614 -0.1542163296574893 
0.5 2.5 4.5 1 0.2448820796111379 -0.1583142815856068 
