0.2558391967258797 -0.1711861279132762 0.2927901354496315 0.2017272991901621 
-0.3199503568636636 -0.274831810720078 -0.3218377001760011 0.2531092853376027 
-0.4338900240366621 -0.08320410330314695 -0.4412915181424866 0.2325119895857004 
-0.02126012814930207 -0.05029370237963962 -0.008953404328674306 0.2025958026891394 
0.2558391967258797 -0.1711861279132762 -0.3199503568636636 -0.274831810720078 
-0.3199503568636636 -0.274831810720078 -0.4338900240366621 -0.08320410330314695 
-0.4338900240366621 -0.08320410330314695 -0.02126012814930207 -0.05029370237963962 
-0.02126012814930207 -0.05029370237963962 0.2558391967258797 -0.1711861279132762 
0.2927901354496315 0.2017272991901621 0.1235365669958972 0.3781645779773656 
0.1235365669958972 0.3781645779773656 -0.008953404328674306 0.2025958026891394 
-0.3218377001760011 0.2531092853376027 -0.4013634869477996 0.4766970755361226 
-0.4013634869477996 0.4766970755361226 -0.4412915181424866 0.2325119895857004 
0.1235365669958972 0.3781645779773656 -0.4013634869477996 0.4766970755361226 
0.2927901354496315 0.2017272991901621 -0.3218377001760011 0.2531092853376027 
-0.008953404328674306 0.2025958026891394 -0.4412915181424866 0.2325119895857004 
0.06500355541543336 -0.08792867657636312 0.01890328942359433 -0.06781613037651348 
0.01890328942359433 -0.06781613037651348 0.03038801245184206 0.1378534749973739 
0.03038801245184206 0.1378534749973739 0.07915622032145236 0.132751377620646 
0.07915622032145236 0.132751377620646 0.06500355541543336 -0.08792867657636312 
0.1919660776376847 -0.01231536230603711 0.1270680550743781 0.005328280784437875 
0.1270680550743781 0.005328280784437875 0.1360352144032387 0.1268007352006602 
0.1360352144032387 0.1268007352006602 0.2032319074131936 0.119770662001179 
0.2032319074131936 0.119770662001179 0.1919660776376847 -0.01231536230603711 
