0.3664973808524963 -0.6832740095104203 0.3492330300771683 -0.1674976423680779 
-0.3599669885094065 -0.6052113910272694 -0.3185863755421229 -0.1495898185385774 
-0.1485705271047224 -0.4411107573061908 -0.1332327278725157 -0.167727533910213 
0.2799745957069921 -0.4735336959078303 0.2742406912749528 -0.1795649258292298 
0.3664973808524963 -0.6832740095104203 -0.3599669885094065 -0.6052113910272694 
-0.3599669885094065 -0.6052113910272694 -0.1485705271047224 -0.4411107573061908 
-0.1485705271047224 -0.4411107573061908 0.2799745957069921 -0.4735336959078303 
0.2799745957069921 -0.4735336959078303 0.3664973808524963 -0.6832740095104203 
0.3492330300771683 -0.1674976423680779 0.2975989378099863 0.007103056795722479 
0.2975989378099863 0.007103056795722479 0.2742406912749528 -0.1795649258292298 
-0.3185863755421229 -0.1495898185385774 -0.1923671220466968 0.006815816888844383 
-0.1923671220466968 0.006815816888844383 -0.1332327278725157 -0.167727533910213 
0.2975989378099863 0.007103056795722479 -0.1923671220466968 0.006815816888844383 
0.3492330300771683 -0.1674976423680779 -0.3185863755421229 -0.1495898185385774 
0.2742406912749528 -0.1795649258292298 -0.1332327278725157 -0.167727533910213 
0.3037596977890437 -0.5311912801079887 0.2907443940701404 -0.4996408176599178 
0.2907443940701404 -0.4996408176599178 0.2854054326004615 -0.2489800973955223 
0.2854054326004615 -0.2489800973955223 0.2972638111314386 -0.2541380283664531 
0.2972638111314386 -0.2541380283664531 0.3037596977890437 -0.5311912801079887 
0.3347728444100616 -0.4383175649372262 0.315658755310194 -0.4110039993647849 
0.315658755310194 -0.4110039993647849 0.3117347620708122 -0.260432326177409 
0.3117347620708122 -0.260432326177409 0.3297885481462584 -0.2682850171754109 
0.3297885481462584 -0.2682850171754109 0.3347728444100616 -0.4383175649372262 
