0.2797636639889172 -0.2418035600160968 0.2512501058465978 0.1070757577210484 
0.09622012281161847 -0.5624844504738897 0.03289882118389741 0.1119604831557326 
-0.5762151559625626 -0.4321448732902077 -0.6372367977462807 0.03061143580035346 
-0.1642678056399747 -0.2231223338278003 -0.1944225243287826 0.05900751703012101 
0.2797636639889172 -0.2418035600160968 0.09622012281161847 -0.5624844504738897 
0.09622012281161847 -0.5624844504738897 -0.5762151559625626 -0.4321448732902077 
-0.5762151559625626 -0.4321448732902077 -0.1642678056399747 -0.2231223338278003 
-0.1642678056399747 -0.2231223338278003 0.2797636639889172 -0.2418035600160968 
0.2512501058465978 0.1070757577210484 -0.01178187070416438 0.2531020701846337 
-0.01178187070416438 0.2531020701846337 -0.1944225243287826 0.05900751703012101 
0.03289882118389741 0.1119604831557326 -0.4018780734179681 0.3737764376720599 
-0.4018780734179681 0.3737764376720599 -0.6372367977462807 0.03061143580035346 
-0.01178187070416438 0.2531020701846337 -0.4018780734179681 0.3737764376720599 
0.2512501058465978 0.1070757577210484 0.03289882118389741 0.1119604831557326 
-0.1944225243287826 0.05900751703012101 -0.6372367977462807 0.03061143580035346 
-0.008462485027122968 -0.2296773521875156 -0.08942808475892911 -0.2262709794740566 
-0.08942808475892911 -0.2262709794740566 -0.1125022812063352 -0.00147848258345899 
-0.1125022812063352 -0.00147848258345899 -0.03141592906061089 0.004392264274151439 
-0.03141592906061089 0.004392264274151439 -0.008462485027122968 -0.2296773521875156 
0.1640212308839375 -0.1107562913036098 0.06812843160620859 -0.1121434296049996 
0.06812843160620859 -0.1121434296049996 0.05668693655133628 0.01077101492393124 
0.05668693655133628 0.01077101492393124 0.1527582233998603 0.01772668860325715 
0.1527582233998603 0.01772668860325715 0.1640212308839375 -0.1107562913036098 
