0 0 0 1 -0.2535285268489177 -0.03265496101645066 
0 0 6.5 1 -0.2819548045777419 0.2378444693442599 
10 0 0 1 0.1407160673070206 0.002088544410071316 
10 0 6.5 1 0.1292037854594767 0.259385034328562 
10 10 0 1 0.3164257719131882 -0.08293865432226727 
10 10 6.5 1 0.3087567128542364 0.3354153781159214 
0 10 0 1 -0.323383655389354 -0.1484565327494575 
0 10 6.5 1 -0.3769239989271336 0.3059737079624468 
0 5 10 1 -0.3387010417121121 0.46062765533246 
10 5 10 1 0.1906217241003815 0.4728316553494045 
0 6 0 1 -0.2866522402195101 -0.08756543287576217 
0 8 0 1 -0.3028666979509556 -0.1144447720070742 
0 8 5 1 -0.3374617807870787 0.1889347330450545 
0 6 5 1 -0.3167921022493241 0.1837983180117126 
0 2 2.5 1 -0.2744117032695738 0.06236543977861322 
0 4 2.5 1 -0.2866080174811095 0.05467722098495664 
0 4 5 1 -0.3001931618625304 0.1796734813924812 
0 2 5 1 -0.2865702090644464 0.176288177677052 
0.5 0.5 -0.5 1 -0.2324405350820592 -0.05459807795506549 
0.5 0.5 6 1 -0.2604095609318072 0.2190314504597722 
10.5 0.5 -0.5 1 0.1660631019873657 -0.01822953103092645 
10.5 0.5 6 1 0.1553909964111777 0.2419036913463017 
10.5 10.5 -0.5 1 0.3614051096821282 -0.1177618428720693 
10.5 10.5 6 1 0.3565147674554597 0.3081424419426323 
0.5 10.5 -0.5 1 -0.2896542392018617 -0.1881011136709146 
0.5 10.5 6 1 -0.3421392828481776 0.2752173527324313 
0.5 5.5 9.5 1 -0.3117083635203535 0.4404396799943375 
10.5 5.5 9.5 1 0.225333469889908 0.4542789367819011 
0.5 6.5 -0.5 1 -0.2594334086093538 -0.117583521985083 
0.5 8.5 -0.5 1 -0.2727362865958191 -0.1486245919922242 
0.5 8.5 4.5 1 -0.3066586720253878 0.1598705685786107 
0.5 6.5 4.5 1 -0.2890112701907783 0.157869943954894 
0.5 2.5 2 1 -0.2514069568777156 0.03959299456234992 
0.5 4.5 2 1 -0.2615539188454192 0.02953106175253774 
0.5 4.5 4.5 1 -0.2749012400073781 0.1562703388633991 
0.5 2.5 4.5 1 -0.2633618832594271 0.1549621620865475 
