0 0 0 1 -0.2578183819159728 -0.03790834114221863 
0 0 6.5 1 -0.2868491882129708 0.2331138744836408 
10 0 0 1 0.1366043891233018 -0.001528894955255337 
10 0 6.5 1 0.1241549760506728 0.255190783128068 
10 10 0 1 0.3158021678998596 -0.08506095228617017 
10 10 6.5 1 0.3064660698156119 0.3317942330999665 
0 10 0 1 -0.3236646156265031 -0.1538816995080296 
0 10 6.5 1 -0.3778752652937425 0.3020561549378297 
0 5 10 1 -0.3424594075256676 0.4562439258400207 
10 5 10 1 0.186022043246223 0.467943619491608 
0 6 0 1 -0.2890157596254203 -0.09285551824390148 
0 8 0 1 -0.304303952042383 -0.1197822370253032 
0 8 5 1 -0.3394267395554413 0.184595476116616 
0 6 5 1 -0.3196738708465585 0.1793031321202314 
0 2 2.5 1 -0.2784101585089382 0.05742458999578877 
0 4 2.5 1 -0.2899835557925716 0.04978946552061352 
0 4 5 1 -0.30381814598125 0.1750549415644208 
0 2 5 1 -0.2908097915553454 0.1715696408993168 
0.5 0.5 -0.5 1 -0.2364618519178875 -0.05981497830840072 
0.5 0.5 6 1 -0.2650546530877458 0.2143407634487827 
10.5 0.5 -0.5 1 0.1620652325321834 -0.02170822357768763 
10.5 0.5 6 1 0.150417185784005 0.2378274098994961 
10.5 10.5 -0.5 1 0.3609448709101748 -0.1195638644078397 
10.5 10.5 6 1 0.3542612400392409 0.3047663653437415 
0.5 10.5 -0.5 1 -0.2893247873803418 -0.193510862432215 
0.5 10.5 6 1 -0.3425105579377514 0.2713509668403659 
0.5 5.5 9.5 1 -0.3151248959228148 0.4360913257683105 
10.5 5.5 9.5 1 0.2207660347131287 0.4495144055195627 
0.5 6.5 -0.5 1 -0.2613820370760674 -0.1228407289237512 
0.5 8.5 -0.5 1 -0.2736765949693771 -0.1539349497247303 
0.5 8.5 4.5 1 -0.3081486476386006 0.1555798546321479 
0.5 6.5 4.5 1 -0.2914982781136692 0.1534215228507794 
0.5 2.5 2 1 -0.2551073908160126 0.03469325191163685 
0.5 4.5 2 1 -0.2645849127151492 0.02468540870572818 
0.5 4.5 4.5 1 -0.2781909826092482 0.1516965425872333 
0.5 2.5 4.5 1 -0.2673117790612318 0.1502863077730148 
