-0.5872015919291314 -0.4734417050856202 -0.5522640118053994 -0.06787011115465104 
-0.1103869427479629 -0.3810086038248263 -0.1104039837657435 -0.1001834762753854 
0.289201544268365 -0.4450074856074903 0.2608366652229613 -0.05471095721801267 
-0.2178265050316327 -0.6532641228071138 -0.2050296010181854 0.02906636983418764 
-0.5872015919291314 -0.4734417050856202 -0.1103869427479629 -0.3810086038248263 
-0.1103869427479629 -0.3810086038248263 0.289201544268365 -0.4450074856074903 
0.289201544268365 -0.4450074856074903 -0.2178265050316327 -0.6532641228071138 
-0.2178265050316327 -0.6532641228071138 -0.5872015919291314 -0.4734417050856202 
-0.5522640118053994 -0.06787011115465104 -0.4057688011171275 0.2063905099860728 
-0.4057688011171275 0.2063905099860728 -0.2050296010181854 0.02906636983418764 
-0.1104039837657435 -0.1001834762753854 0.04111063026871041 0.07918235848280467 
0.04111063026871041 0.07918235848280467 0.2608366652229613 -0.05471095721801267 
-0.4057688011171275 0.2063905099860728 0.04111063026871041 0.07918235848280467 
-0.5522640118053994 -0.06787011115465104 -0.1104039837657435 -0.1001834762753854 
-0.2050296010181854 0.02906636983418764 0.2608366652229613 -0.05471095721801267 
-0.4148553494971419 -0.5573448136023437 -0.3286633312909225 -0.5993055674591364 
-0.3286633312909225 -0.5993055674591364 -0.310426177900694 -0.1259334619469215 
-0.310426177900694 -0.1259334619469215 -0.3920228473179637 -0.1357995702529309 
-0.3920228473179637 -0.1357995702529309 -0.4148553494971419 -0.5573448136023437 
-0.5264019982255946 -0.3178458636345389 -0.4706540505016919 -0.3271092300507427 
-0.4706540505016919 -0.3271092300507427 -0.4584030829779228 -0.1438258119987855 
-0.4584030829779228 -0.1438258119987855 -0.5134602790527668 -0.1504829496415218 
-0.5134602790527668 -0.1504829496415218 -0.5264019982255946 -0.3178458636345389 
