0 0 0 1 -0.6124114450053978 -0.4962797576188867 
0 0 6.5 1 -0.5684148834651472 -0.07514137258832966 
10 0 0 1 -0.128601589782026 -0.3973428359392205 
10 0 6.5 1 -0.1240481340915336 -0.1121389752988302 
10 10 0 1 0.2838508934085527 -0.4681676526124886 
10 10 6.5 1 0.2602198538123641 -0.07649747143421504 
0 10 0 1 -0.1969745678497949 -0.6951310970916145 
0 10 6.5 1 -0.177799295252191 0.009050523365569911 
0 5 10 1 -0.4005736148461333 0.2012150944093735 
10 5 10 1 0.03646668411310825 0.06447654319136509 
0 6 0 1 -0.417710033635194 -0.5894747496313416 
0 8 0 1 -0.3209058975251588 -0.63581062684999 
0 8 5 1 -0.2965546237686864 -0.145817163661674 
0 6 5 1 -0.3881812829451197 -0.1525334845837722 
0 2 2.5 1 -0.5416639342751652 -0.3360839122515122 
0 4 2.5 1 -0.478618616398815 -0.3478283751768542 
0 4 5 1 -0.4630251529558468 -0.1580196111604916 
0 2 5 1 -0.5253104013625324 -0.1625851788759574 
0.5 0.5 -0.5 1 -0.567762471171992 -0.5299667626592031 
0.5 0.5 6 1 -0.5271169116460326 -0.1051791756981437 
10.5 0.5 -0.5 1 -0.09774244086744861 -0.419792173915714 
10.5 0.5 6 1 -0.09482921011079973 -0.1329044868830816 
10.5 10.5 -0.5 1 0.3275848826170216 -0.4994132659142334 
10.5 10.5 6 1 0.3007319727723073 -0.104576944558172 
0.5 10.5 -0.5 1 -0.1190104254143899 -0.7534317830399195 
0.5 10.5 6 1 -0.1095187859624135 -0.03914474729463429 
0.5 5.5 9.5 1 -0.3515693679616307 0.1667270431532153 
10.5 5.5 9.5 1 0.06932892104128931 0.04167256308645487 
0.5 6.5 -0.5 1 -0.3576569050903802 -0.6345930146181537 
0.5 8.5 -0.5 1 -0.2530564188099576 -0.6866809104159891 
0.5 8.5 4.5 1 -0.2345874430084838 -0.190425722528055 
0.5 6.5 4.5 1 -0.3327818206530218 -0.1926520808617312 
0.5 2.5 2 1 -0.4944505247661777 -0.3711043085996387 
0.5 4.5 2 1 -0.4267124008844402 -0.386221633139762 
0.5 4.5 4.5 1 -0.4129369512769819 -0.1944694358603806 
0.5 2.5 4.5 1 -0.4796056138490293 -0.1959810125521708 
