0.1689485064125676 -0.403386059029436 0.1650863125814015 -0.1078721857457197 
0.6588031145619998 -0.5354552646400078 0.6113117393566363 -0.06412918888867469 
0.06399829579222091 -0.7201649661990214 0.06838682104314668 0.02376464907650204 
-0.2819704551536972 -0.4563137159256607 -0.2554230900054779 -0.07285915135082473 
0.1689485064125676 -0.403386059029436 0.6588031145619998 -0.5354552646400078 
0.6588031145619998 -0.5354552646400078 0.06399829579222091 -0.7201649661990214 
0.06399829579222091 -0.7201649661990214 -0.2819704551536972 -0.4563137159256607 
-0.2819704551536972 -0.4563137159256607 0.1689485064125676 -0.403386059029436 
0.1650863125814015 -0.1078721857457197 -0.01521239666444097 0.07080725631690551 
-0.01521239666444097 0.07080725631690551 -0.2554230900054779 -0.07285915135082473 
0.6113117393566363 -0.06412918888867469 0.3809237152057738 0.2349575199185838 
0.3809237152057738 0.2349575199185838 0.06838682104314668 0.02376464907650204 
-0.01521239666444097 0.07080725631690551 0.3809237152057738 0.2349575199185838 
0.1650863125814015 -0.1078721857457197 0.6113117393566363 -0.06412918888867469 
-0.2554230900054779 -0.07285915135082473 0.06838682104314668 0.02376464907650204 
-0.07205683803372052 -0.43167461921041 -0.1709516457510219 -0.4432826261868703 
-0.1709516457510219 -0.4432826261868703 -0.157066094588483 -0.1605772082109738 
-0.157066094588483 -0.1605772082109738 -0.06373435675958872 -0.1642184137726915 
-0.06373435675958872 -0.1642184137726915 -0.07205683803372052 -0.43167461921041 
0.09655456849451369 -0.2884424617314316 0.01853492612079106 -0.291361172824971 
0.01853492612079106 -0.291361172824971 0.02038248874987035 -0.167500113362007 
0.02038248874987035 -0.167500113362007 0.09658495676451229 -0.1704730447228289 
0.09658495676451229 -0.1704730447228289 0.09655456849451369 -0.2884424617314316 
