0 0 0 1 -0.05648456345863524 -0.2408193245424652 
0 0 6.5 1 -0.0888354337908904 0.4614605967517493 
10 0 0 1 -0.2481621291970947 -0.04258538035756362 
10 0 6.5 1 -0.2773054283130609 0.3161832504116876 
10 10 0 1 0.1935860172469017 0.01146601207107453 
10 10 6.5 1 0.194717408194002 0.3070329508118008 
0 10 0 1 0.615629724546588 -0.09478199278766067 
0 10 6.5 1 0.6581981590739914 0.3999919787600317 
0 5 10 1 0.3665192330782929 0.7961240078050826 
10 5 10 1 -0.02388637160547449 0.502911534028303 
0 6 0 1 0.3992453627085844 -0.1417980961501927 
0 8 0 1 0.5140451316981431 -0.1168543443977038 
0 8 5 1 0.5403413870088475 0.2782585926388249 
0 6 5 1 0.4179043171468521 0.279077558659847 
0 2 2.5 1 0.1156016416209568 0.02801422156920332 
0 4 2.5 1 0.2725146162077385 0.04532139839662362 
0 4 5 1 0.2769164160155514 0.2800206088368227 
0 2 5 1 0.1128160676267565 0.2811182552401528 
0.5 0.5 -0.5 1 -0.02757007920744237 -0.2577490403287936 
0.5 0.5 6 1 -0.05362304362616717 0.3869472335182939 
10.5 0.5 -0.5 1 -0.2252258713434511 -0.0592711462772598 
10.5 0.5 6 1 -0.2516713352716546 0.2839060083467189 
10.5 10.5 -0.5 1 0.1987450992178072 -0.004094818802421317 
10.5 10.5 6 1 0.2001200480770637 0.2808215940048771 
0.5 10.5 -0.5 1 0.6025354819144573 -0.1144982048053818 
0.5 10.5 6 1 0.6415561392734657 0.3510889921064809 
0.5 5.5 9.5 1 0.3659045484939088 0.7078021702143253 
10.5 5.5 9.5 1 -0.009530986989075934 0.4658025266096737 
0.5 6.5 -0.5 1 0.396873439999213 -0.16125427419692 
0.5 8.5 -0.5 1 0.5056474899629781 -0.1365251264128074 
0.5 8.5 4.5 1 0.5298182292505639 0.2344018602868613 
0.5 6.5 4.5 1 0.4142027823575956 0.2322717000130038 
0.5 2.5 2 1 0.1319912353107696 -0.006611473465571983 
0.5 4.5 2 1 0.277886148934131 0.0119562181012228 
0.5 4.5 4.5 1 0.2822216848750342 0.2298400103183066 
0.5 2.5 4.5 1 0.1301353670813694 0.2270378913881152 
