0 0 0 1 0.2934539789861655 -0.3557327796943001 
0 0 6.5 1 0.3253011440932499 0.06303094611355931 
10 0 0 1 -0.3798258798759676 -0.3150253889757682 
10 0 6.5 1 -0.3269587188073157 0.1387565050311208 
10 10 0 1 -0.2775471602407524 -0.2050640652293804 
10 10 6.5 1 -0.2477781474200422 0.0628426146385376 
0 10 0 1 0.1267858853695824 -0.2352625992320351 
0 10 6.5 1 0.1488996876101385 0.02004305225131668 
0 5 10 1 0.2297127352708551 0.2022605227457727 
10 5 10 1 -0.2574046884107806 0.2669648494205385 
0 6 0 1 0.1748608301537765 -0.2700118853622812 
0 8 0 1 0.1487788747870691 -0.2511594595520699 
0 8 5 1 0.1670008996411011 -0.03732079309377601 
0 6 5 1 0.1943875033188532 -0.03630901553104469 
0 2 2.5 1 0.2563469139412262 -0.1758766971531525 
0 4 2.5 1 0.2168767071299551 -0.16290931199805 
0 4 5 1 0.2273010903944583 -0.03509304770590123 
0 2 5 1 0.2676025677370248 -0.03360413980772111 
0.5 0.5 -0.5 1 0.2475172719841981 -0.3764526676045467 
0.5 0.5 6 1 0.2796907579287685 0.03239084170463825 
10.5 0.5 -0.5 1 -0.4110620604691668 -0.3386597882903162 
10.5 0.5 6 1 -0.3587966043967781 0.1035012799453405 
10.5 10.5 -0.5 1 -0.2978002197363729 -0.2209249141314701 
10.5 10.5 6 1 -0.2681925159996055 0.04288957545318432 
0.5 10.5 -0.5 1 0.101183269101771 -0.2498769770312132 
0.5 10.5 6 1 0.123342479426102 0.001708633637986671 
0.5 5.5 9.5 1 0.1969503468149625 0.1764131693788651 
10.5 5.5 9.5 1 -0.2824464284019987 0.2382092827610691 
0.5 6.5 -0.5 1 0.1436954214091221 -0.2866490527625461 
0.5 8.5 -0.5 1 0.1206621344531568 -0.2667257666827721 
0.5 8.5 4.5 1 0.138933527239397 -0.05627632759737122 
0.5 6.5 4.5 1 0.1632940060314352 -0.05698871003137037 
0.5 2.5 2 1 0.2167161822505482 -0.1981710657826703 
0.5 4.5 2 1 0.1819932903005988 -0.1832448473414083 
0.5 4.5 4.5 1 0.1924720150088262 -0.05784197327106314 
0.5 2.5 4.5 1 0.2280534392695152 -0.05888249393719514 
