0 0 0 1 -0.01257671590459513 -0.08451786760811773 
0 0 6.5 1 0.01096999899882047 0.1670736038196334 
10 0 0 1 0.3972749757798159 -0.1560330673548821 
10 0 6.5 1 0.4348074409976763 0.1483206827689636 
10 10 0 1 0.3137830662037582 -0.2823145880048207 
10 10 6.5 1 0.3757632894478607 0.241046319556346 
0 10 0 1 -0.2872836330896801 -0.1400737309229389 
0 10 6.5 1 -0.2586749740118615 0.2445594927736049 
0 5 10 1 -0.0808458779082296 0.366957952259866 
10 5 10 1 0.4394893846678133 0.3983826311004506 
0 6 0 1 -0.1489942793916545 -0.1121065267816389 
0 8 0 1 -0.2116187295377855 -0.1247714987020226 
0 8 5 1 -0.190418179729078 0.1412797551176337 
0 6 5 1 -0.1285697939297182 0.1308410920656717 
0 2 2.5 1 -0.04202630055137445 0.01038104577542084 
0 4 2.5 1 -0.08657606535158002 0.009435909138073646 
0 4 5 1 -0.0766909453253128 0.1220850701726841 
0 2 5 1 -0.03255089216548546 0.1146351887234597 
0.5 0.5 -0.5 1 -0.006318031942803119 -0.1089074965024574 
0.5 0.5 6 1 0.01794530776190738 0.1486689553423369 
10.5 0.5 -0.5 1 0.417426251833969 -0.1879200567705558 
10.5 0.5 6 1 0.4565832181119306 0.1252323519565147 
10.5 10.5 -0.5 1 0.3445166082587233 -0.3447420703835111 
10.5 10.5 6 1 0.4111601291176126 0.2051880644029671 
0.5 10.5 -0.5 1 -0.2882661819983087 -0.1798001005554801 
0.5 10.5 6 1 -0.2585474309071321 0.2190019441739922 
0.5 5.5 9.5 1 -0.07514236998086685 0.3505739576669191 
10.5 5.5 9.5 1 0.4679794612517027 0.3785345998826124 
0.5 6.5 -0.5 1 -0.1454043729806093 -0.1438791496324239 
0.5 8.5 -0.5 1 -0.2098643538259301 -0.1600868668968682 
0.5 8.5 4.5 1 -0.1878748740676053 0.1147400773955509 
0.5 6.5 4.5 1 -0.124254722515217 0.1063653538124595 
0.5 2.5 2 1 -0.03604577835230248 -0.01346494926059045 
0.5 4.5 2 1 -0.08141485741529866 -0.01640080478097031 
0.5 4.5 4.5 1 -0.07119409942548124 0.09938064785561787 
0.5 2.5 4.5 1 -0.02626549149699735 0.09346641057084333 
