0 0 0 1 -0.3819311669881449 -0.3705426876976202 
0 0 6.5 1 -0.4067543976258825 -0.06089063142918994 
10 0 0 1 0.03511071077470727 -0.2780501179571416 
10 0 6.5 1 0.01013212231928469 -0.02396226363231559 
10 10 0 1 0.3245561217558816 -0.3777496746602629 
10 10 6.5 1 0.281568795785723 0.0123043621690536 
0 10 0 1 -0.2920350348699933 -0.5763169942543221 
0 10 6.5 1 -0.3368591240712512 -0.03797144491506099 
0 5 10 1 -0.3978639938784914 0.1538407583945974 
10 5 10 1 0.1007528818581665 0.1527522958381987 
0 6 0 1 -0.340316063467682 -0.4658006133440067 
0 8 0 1 -0.319288732347933 -0.513932656157791 
0 8 5 1 -0.3491310581912987 -0.1514571810275308 
0 6 5 1 -0.3665097217293965 -0.1448221708877324 
0 2 2.5 1 -0.381217801140224 -0.2650722451905093 
0 4 2.5 1 -0.368772138292093 -0.2826480868895289 
0 4 5 1 -0.3803686829381019 -0.1395309499635659 
0 2 5 1 -0.3916788874221218 -0.13521282036343 
0.5 0.5 -0.5 1 -0.3516953048973104 -0.3952485644267201 
0.5 0.5 6 1 -0.3772056138657735 -0.08172536313572699 
10.5 0.5 -0.5 1 0.06387453119963377 -0.2974338653581609 
10.5 0.5 6 1 0.03834573985548028 -0.04074420449945617 
10.5 10.5 -0.5 1 0.3732613301465521 -0.4091706841793756 
10.5 10.5 6 1 0.3288327818876176 -0.01295277067040902 
0.5 10.5 -0.5 1 -0.2371317570647146 -0.623871236052025 
0.5 10.5 6 1 -0.2841190146764103 -0.07372313695589607 
0.5 5.5 9.5 1 -0.3605628586306096 0.1307198470473054 
10.5 5.5 9.5 1 0.1357140348036754 0.134565274848553 
0.5 6.5 -0.5 1 -0.2989064593491799 -0.500593825895616 
0.5 8.5 -0.5 1 -0.2720727852791747 -0.5541430251956554 
0.5 8.5 4.5 1 -0.3031712359054429 -0.1847322674761381 
0.5 6.5 4.5 1 -0.3260760557843101 -0.1741879515568097 
0.5 2.5 2 1 -0.348312846091112 -0.2906214861248224 
0.5 4.5 2 1 -0.3322947223448902 -0.3110812865691262 
0.5 4.5 4.5 1 -0.3442778096154643 -0.1658087089477634 
0.5 2.5 4.5 1 -0.3590901567978502 -0.1589897918366993 
