0.2679784549155514 -0.4033536596112663 0.2349083802521393 -0.08477323170819204 
0.7189840068949059 -0.6231237448807848 0.6239416667608294 -0.02516365952900467 
-0.2332387246162667 -0.842045728545494 -0.2604686598076011 -0.07125706552797513 
-0.2354130950386504 -0.4767079220830955 -0.248704932824882 -0.1148867313113009 
0.2679784549155514 -0.4033536596112663 0.7189840068949059 -0.6231237448807848 
0.7189840068949059 -0.6231237448807848 -0.2332387246162667 -0.842045728545494 
-0.2332387246162667 -0.842045728545494 -0.2354130950386504 -0.4767079220830955 
-0.2354130950386504 -0.4767079220830955 0.2679784549155514 -0.4033536596112663 
0.2349083802521393 -0.08477323170819204 -0.004979345273077521 0.0712497328477404 
-0.004979345273077521 0.0712497328477404 -0.248704932824882 -0.1148867313113009 
0.6239416667608294 -0.02516365952900467 0.1985820180769736 0.2713446646902781 
0.1985820180769736 0.2713446646902781 -0.2604686598076011 -0.07125706552797513 
-0.004979345273077521 0.0712497328477404 0.1985820180769736 0.2713446646902781 
0.2349083802521393 -0.08477323170819204 0.6239416667608294 -0.02516365952900467 
-0.248704932824882 -0.1148867313113009 -0.2604686598076011 -0.07125706552797513 
-0.0190160217924637 -0.4451745208758631 -0.1244517845796318 -0.4605386298246746 
-0.1244517845796318 -0.4605386298246746 -0.1385325016307756 -0.1866399254075612 
-0.1385325016307756 -0.1866399254075612 -0.03646556470329067 -0.1783959119484213 
-0.03646556470329067 -0.1783959119484213 -0.0190160217924637 -0.4451745208758631 
0.1650431505745235 -0.2876740484656918 0.07087578962211112 -0.2982768986300981 
0.07087578962211112 -0.2982768986300981 0.06081248600871941 -0.1705386999707711 
0.06081248600871941 -0.1705386999707711 0.1536309602153652 -0.1630416909132732 
0.1536309602153652 -0.1630416909132732 0.1650431505745235 -0.2876740484656918 
