0 0 0 1 -0.0788418456255793 -0.2493480554073767 
0 0 6.5 1 -0.1099234061289929 0.4517161755723899 
10 0 0 1 -0.2481472800134218 -0.04260685866391355 
10 0 6.5 1 -0.2752474740175794 0.3146621535650388 
10 10 0 1 0.1975278161048218 0.00797618878966937 
10 10 6.5 1 0.2010170051340943 0.3049852413818858 
0 10 0 1 0.6141263572347553 -0.1079759661468648 
0 10 6.5 1 0.6617767170949946 0.3931656019023239 
0 5 10 1 0.3595590014244322 0.7928266876046292 
10 5 10 1 -0.0193686586598454 0.501676820646659 
0 6 0 1 0.3888707538830918 -0.1539302467791034 
0 8 0 1 0.508118808641249 -0.1296025120117257 
0 8 5 1 0.5377511261489841 0.2693926389099442 
0 6 5 1 0.4103379395661597 0.2700327788240829 
0 2 2.5 1 0.0975305535184125 0.01791108363483845 
0 4 2.5 1 0.2588335040147481 0.03473877876807209 
0 4 5 1 0.2643971723229351 0.2707660036394884 
0 2 5 1 0.09557072455572355 0.2716142089993614 
0.5 0.5 -0.5 1 -0.0473422142705896 -0.2657043702423753 
0.5 0.5 6 1 -0.07180581097398792 0.3780819164953209 
10.5 0.5 -0.5 1 -0.2247758725838156 -0.0591994553886665 
10.5 0.5 6 1 -0.249213373929063 0.2826449100726972 
10.5 10.5 -0.5 1 0.2031055911689368 -0.007519546850935134 
10.5 10.5 6 1 0.2067910995721257 0.2787639159911564 
0.5 10.5 -0.5 1 0.601898963825226 -0.1272522955598674 
0.5 10.5 6 1 0.6457298107051874 0.3440314152656693 
0.5 5.5 9.5 1 0.3606303906982237 0.7040218599568719 
10.5 5.5 9.5 1 -0.00456805803647902 0.4646448664140886 
0.5 6.5 -0.5 1 0.3880766386739741 -0.1728503653210242 
0.5 8.5 -0.5 1 0.5009328617702248 -0.1487835335246561 
0.5 8.5 4.5 1 0.5283046839849997 0.2256129460728975 
0.5 6.5 4.5 1 0.4081552139635586 0.223429398320521 
0.5 2.5 2 1 0.1162908431972352 -0.01609443976267635 
0.5 4.5 2 1 0.2661753065614135 0.001884298123218204 
0.5 4.5 4.5 1 0.2716860462725124 0.2209492629996802 
0.5 2.5 4.5 1 0.1153298967849229 0.2181077097350428 
