0.3419640667133159 -0.6320268515731309 0.3397239942334741 -0.1419627224701666 
-0.376009584889323 -0.5649622396130556 -0.3270831273584824 -0.1091879062167123 
-0.1877305137570137 -0.4065199917864176 -0.1660239831145648 -0.1350592452010198 
0.2338913365631362 -0.4388621517772206 0.2374268692599479 -0.1555754045014703 
0.3419640667133159 -0.6320268515731309 -0.376009584889323 -0.5649622396130556 
-0.376009584889323 -0.5649622396130556 -0.1877305137570137 -0.4065199917864176 
-0.1877305137570137 -0.4065199917864176 0.2338913365631362 -0.4388621517772206 
0.2338913365631362 -0.4388621517772206 0.3419640667133159 -0.6320268515731309 
0.3397239942334741 -0.1419627224701666 0.2767048569410431 0.02652691191344194 
0.2767048569410431 0.02652691191344194 0.2374268692599479 -0.1555754045014703 
-0.3270831273584824 -0.1091879062167123 -0.2118755205977081 0.04319914552883351 
-0.2118755205977081 0.04319914552883351 -0.1660239831145648 -0.1350592452010198 
0.2767048569410431 0.02652691191344194 -0.2118755205977081 0.04319914552883351 
0.3397239942334741 -0.1419627224701666 -0.3270831273584824 -0.1091879062167123 
0.2374268692599479 -0.1555754045014703 -0.1660239831145648 -0.1350592452010198 
0.2639050241882758 -0.492507367844418 0.2475103721874952 -0.4632042492169117 
0.2475103721874952 -0.4632042492169117 0.249983551166516 -0.2224856349007851 
0.249983551166516 -0.2224856349007851 0.2659332409047492 -0.2270591653435767 
0.2659332409047492 -0.2270591653435767 0.2639050241882758 -0.492507367844418 
0.3093658648740289 -0.4021142460839596 0.2846928709946528 -0.3770281158575498 
0.2846928709946528 -0.3770281158575498 0.2853344323756484 -0.2326224045836408 
0.2853344323756484 -0.2326224045836408 0.3094434088406099 -0.2395355884522106 
0.3094434088406099 -0.2395355884522106 0.3093658648740289 -0.4021142460839596 
