0 0 0 1 -0.4812638239801247 -0.344980003766913 
0 0 6.5 1 -0.4665933984066425 0.2890517167785511 
10 0 0 1 -0.2529341507067719 -0.1182296090531943 
10 0 6.5 1 -0.2366518377867798 0.2044733151518331 
10 10 0 1 0.2326895677984073 -0.1545960852102784 
10 10 6.5 1 0.2677905935325432 0.1633047689744705 
0 10 0 1 0.4589721038339344 -0.410654044122663 
0 10 6.5 1 0.5468481645533984 0.2049644389369459 
0 5 10 1 0.07705961788754989 0.6256478314232105 
10 5 10 1 0.03164187185667076 0.3668972841022835 
0 6 0 1 0.0872952607462628 -0.384692985551984 
0 8 0 1 0.2738584514017972 -0.3977241388503847 
0 8 5 1 0.3295506061757608 0.07012449381214135 
0 6 5 1 0.1321054463284489 0.08587273723797396 
0 2 2.5 1 -0.2793226092511344 -0.12721945590816 
0 4 2.5 1 -0.08434967986472307 -0.1417758669789582 
0 4 5 1 -0.06698473489212296 0.1017521877141431 
0 2 5 1 -0.2677405818165802 0.1177644918342868 
0.5 0.5 -0.5 1 -0.4156938581388157 -0.3700836768062344 
0.5 0.5 6 1 -0.3968829869680092 0.2271509339343966 
10.5 0.5 -0.5 1 -0.2245297444879878 -0.1375815043458443 
10.5 0.5 6 1 -0.2076126538321303 0.1753361752668608 
10.5 10.5 -0.5 1 0.2478402708806878 -0.1727864752375365 
10.5 10.5 6 1 0.2825438065745801 0.1356061234192824 
0.5 10.5 -0.5 1 0.476093110621471 -0.4319950036503621 
0.5 10.5 6 1 0.5604939229911654 0.148827287427799 
0.5 5.5 9.5 1 0.1180952179054691 0.5426852369749479 
10.5 5.5 9.5 1 0.05350330099185963 0.3326774170985373 
0.5 6.5 -0.5 1 0.1233561487515666 -0.4075066290706227 
0.5 8.5 -0.5 1 0.300377779833003 -0.4197961605891186 
0.5 8.5 4.5 1 0.3545931266259366 0.02189519037608274 
0.5 6.5 4.5 1 0.1678035505055073 0.03661200606598522 
0.5 2.5 2 1 -0.2227757741430776 -0.1643315290329077 
0.5 4.5 2 1 -0.0381977224769244 -0.1779857827107746 
0.5 4.5 4.5 1 -0.02045873034012023 0.05144485351984657 
0.5 2.5 4.5 1 -0.2102112017074602 0.06639511041221291 
