0.2313817275250083 -0.3951743600407834 0.2084233735872817 -0.08647729014857709 
0.7137987426544566 -0.5429349994422568 0.6303889070136455 -0.005055039936092664 
-0.1013662785019613 -0.738922929937782 -0.1129121227124154 0.02945579477613575 
-0.2559972455914052 -0.457513712762731 -0.2518588523597765 -0.0847500552301981 
0.2313817275250083 -0.3951743600407834 0.7137987426544566 -0.5429349994422568 
0.7137987426544566 -0.5429349994422568 -0.1013662785019613 -0.738922929937782 
-0.1013662785019613 -0.738922929937782 -0.2559972455914052 -0.457513712762731 
-0.2559972455914052 -0.457513712762731 0.2313817275250083 -0.3951743600407834 
0.2084233735872817 -0.08647729014857709 -0.007199581654593957 0.08015531326187016 
-0.007199581654593957 0.08015531326187016 -0.2518588523597765 -0.0847500552301981 
0.6303889070136455 -0.005055039936092664 0.2905909363062872 0.2971891552454591 
0.2905909363062872 0.2971891552454591 -0.1129121227124154 0.02945579477613575 
-0.007199581654593957 0.08015531326187016 0.2905909363062872 0.2971891552454591 
0.2084233735872817 -0.08647729014857709 0.6303889070136455 -0.005055039936092664 
-0.2518588523597765 -0.0847500552301981 -0.1129121227124154 0.02945579477613575 
-0.03859183456434913 -0.4297059628407038 -0.142954591515922 -0.4430547264835805 
-0.142954591515922 -0.4430547264835805 -0.1453449796235167 -0.1637232229940594 
-0.1453449796235167 -0.1637232229940594 -0.0457860214500905 -0.1612216025958342 
-0.0457860214500905 -0.1612216025958342 -0.03859183456434913 -0.4297059628407038 
0.1402200317374084 -0.278516369122869 0.0522680307649783 -0.2851315412304702 
0.0522680307649783 -0.2851315412304702 0.04674387320982887 -0.1588966016499257 
0.04674387320982887 -0.1588966016499257 0.1329637214465289 -0.1567301533961674 
0.1329637214465289 -0.1567301533961674 0.1402200317374084 -0.278516369122869 
