0.3960212931639408 -0.4859259092606035 0.3301949299142554 0.07212991792681901 
-0.2598627815497288 -0.4228616939413757 -0.2705432934305462 -0.02389347221625199 
0.02824332595704593 -0.3140570107485255 0.01043064773317406 -0.0533714640179872 
0.4689298854792844 -0.3239701905615702 0.4269462699757732 -0.003675549272141988 
0.3960212931639408 -0.4859259092606035 -0.2598627815497288 -0.4228616939413757 
-0.2598627815497288 -0.4228616939413757 0.02824332595704593 -0.3140570107485255 
0.02824332595704593 -0.3140570107485255 0.4689298854792844 -0.3239701905615702 
0.4689298854792844 -0.3239701905615702 0.3960212931639408 -0.4859259092606035 
0.3301949299142554 0.07212991792681901 0.3658602812285753 0.2246869874025402 
0.3658602812285753 0.2246869874025402 0.4269462699757732 -0.003675549272141988 
-0.2705432934305462 -0.02389347221625199 -0.1098465882255193 0.116762213246657 
-0.1098465882255193 0.116762213246657 0.01043064773317406 -0.0533714640179872 
0.3658602812285753 0.2246869874025402 -0.1098465882255193 0.116762213246657 
0.3301949299142554 0.07212991792681901 -0.2705432934305462 -0.02389347221625199 
0.4269462699757732 -0.003675549272141988 0.01043064773317406 -0.0533714640179872 
0.4489188775933683 -0.3684217025320394 0.4598719401943428 -0.3440910842995021 
0.4598719401943428 -0.3440910842995021 0.4246124473127555 -0.07163828608758054 
0.4246124473127555 -0.07163828608758054 0.4105949209394492 -0.06764517925682928 
0.4105949209394492 -0.06764517925682928 0.4489188775933683 -0.3684217025320394 
0.3945391468593836 -0.2413283125164036 0.4139229995866985 -0.2265290564429994 
0.4139229995866985 -0.2265290564429994 0.3934571264267009 -0.06276321631198445 
0.3934571264267009 -0.06276321631198445 0.3720267389783479 -0.05665844260036704 
0.3720267389783479 -0.05665844260036704 0.3945391468593836 -0.2413283125164036 
