0 0 0 1 0.1353505244016595 -0.4184263236148381 
0 0 6.5 1 0.1407823522796826 -0.1282776982395828 
10 0 0 1 0.6197869117186946 -0.5649092797762352 
10 0 6.5 1 0.5924363996705141 -0.1188741382959454 
10 10 0 1 0.1251526067226368 -0.7811480437618252 
10 10 6.5 1 0.1393084699702102 -0.04621612617009063 
0 10 0 1 -0.295362314250711 -0.4806079577237377 
0 10 6.5 1 -0.2601795861396382 -0.0909177668816095 
0 5 10 1 -0.02326702283945818 0.05195540776521049 
10 5 10 1 0.4096584642762095 0.1685881036912255 
0 6 0 1 -0.09118061005459738 -0.4511304244749515 
0 8 0 1 -0.1865567729287761 -0.4648997973153549 
0 8 5 1 -0.1659735728356729 -0.1803897385598225 
0 6 5 1 -0.07607627909455651 -0.1840088328123589 
0 2 2.5 1 0.0717778399042808 -0.3066867662873714 
0 4 2.5 1 -0.001424729282593698 -0.3103781634924508 
0 4 5 1 0.003811694225594275 -0.1872249708411891 
0 2 5 1 0.07527387345565968 -0.190101902407895 
0.5 0.5 -0.5 1 0.1346900692145659 -0.4500381986435582 
0.5 0.5 6 1 0.1403395276147101 -0.1484497404658136 
10.5 0.5 -0.5 1 0.6459266062366396 -0.6227610733409397 
10.5 0.5 6 1 0.6151452950635833 -0.1491732304827201 
10.5 10.5 -0.5 1 0.1223619507672009 -0.902519743936215 
10.5 10.5 6 1 0.1380739033209812 -0.0897745467799291 
0.5 10.5 -0.5 1 -0.3173380667167059 -0.5269340142590259 
0.5 10.5 6 1 -0.2790591803194854 -0.1163287093938766 
0.5 5.5 9.5 1 -0.02994900592891735 0.03632146538526587 
10.5 5.5 9.5 1 0.4253128295101984 0.1503689770002207 
0.5 6.5 -0.5 1 -0.101624804163224 -0.4902384062988046 
0.5 8.5 -0.5 1 -0.2020643369223291 -0.5073244661646051 
0.5 8.5 4.5 1 -0.1798210126823912 -0.2083918916082418 
0.5 6.5 4.5 1 -0.08542052046725419 -0.2104401766247105 
0.5 2.5 2 1 0.06874440576106608 -0.3352628270470032 
0.5 4.5 2 1 -0.007503454269408969 -0.3407875495821696 
0.5 4.5 4.5 1 -0.001933234636851369 -0.2122516688385684 
0.5 2.5 4.5 1 0.07242987251550816 -0.2138651862534047 
