0 0 0 1 -0.6892619561062554 -0.5859345539608023 
0 0 6.5 1 -0.6182569016561831 -0.1082537434384167 
10 0 0 1 -0.186804814308308 -0.4445761975728925 
10 0 6.5 1 -0.1676377512143234 -0.1455018927697867 
10 10 0 1 0.262569075292056 -0.5420698771807795 
10 10 6.5 1 0.2568255833590479 -0.1483290570948905 
0 10 0 1 -0.1105862332947694 -0.8689063522174629 
0 10 6.5 1 -0.07397870305563445 -0.09307610916774894 
0 5 10 1 -0.3750968461264496 0.1698246270624606 
10 5 10 1 0.02233517725355149 0.02013712161765237 
0 6 0 1 -0.4118327210255548 -0.7215971477850984 
0 8 0 1 -0.2780351800936809 -0.7870239995905706 
0 8 5 1 -0.2368580564111698 -0.2421084975061161 
0 6 5 1 -0.3634897295959972 -0.2323107357219117 
0 2 2.5 1 -0.5839409066935128 -0.4131618923122333 
0 4 2.5 1 -0.4939416919959703 -0.4374915449593558 
0 4 5 1 -0.4687314787567108 -0.2241679578362822 
0 2 5 1 -0.557580828762773 -0.2172934947249071 
0.5 0.5 -0.5 1 -0.6372628106305072 -0.6231166128814237 
0.5 0.5 6 1 -0.5707743175447294 -0.1442623722956683 
10.5 0.5 -0.5 1 -0.1557468465588469 -0.4681050612748472 
10.5 0.5 6 1 -0.1382550115462154 -0.1685456347639901 
10.5 10.5 -0.5 1 0.3018437145032817 -0.5726662001334771 
10.5 10.5 6 1 0.2934571640274728 -0.1781250675486148 
0.5 10.5 -0.5 1 -0.03009860599867362 -0.9273593392343921 
0.5 10.5 6 1 -0.003856526917985367 -0.1488272790543557 
0.5 5.5 9.5 1 -0.3214450206940448 0.1270629438859175 
10.5 5.5 9.5 1 0.05393578389473334 -0.005505855431392495 
0.5 6.5 -0.5 1 -0.3457724768213872 -0.7691789353752189 
0.5 8.5 -0.5 1 -0.2054592021194538 -0.8394882403592221 
0.5 8.5 4.5 1 -0.1710267089476405 -0.2928972239277425 
0.5 6.5 4.5 1 -0.303060074109499 -0.2784875352048268 
0.5 2.5 2 1 -0.530086578559369 -0.4527683760373807 
0.5 4.5 2 1 -0.4358175069756656 -0.4804396626401526 
0.5 4.5 4.5 1 -0.4128944006504895 -0.2665005767977109 
0.5 2.5 4.5 1 -0.505694092098575 -0.256372722632135 
