0.2926242927704292 -0.3106288628941945 0.254278375512092 0.0323050538731728 
0.4174793263123004 -0.5402076146175724 0.3305061368783831 0.1686128367434052 
-0.5774695286849865 -0.5497149210008442 -0.5856486455828112 0.05590027428944979 
-0.2133235648554603 -0.3342467813336177 -0.2306606247351195 -0.01739224870912457 
0.2926242927704292 -0.3106288628941945 0.4174793263123004 -0.5402076146175724 
0.4174793263123004 -0.5402076146175724 -0.5774695286849865 -0.5497149210008442 
-0.5774695286849865 -0.5497149210008442 -0.2133235648554603 -0.3342467813336177 
-0.2133235648554603 -0.3342467813336177 0.2926242927704292 -0.3106288628941945 
0.254278375512092 0.0323050538731728 -0.01183064368154337 0.1738939347786143 
-0.01183064368154337 0.1738939347786143 -0.2306606247351195 -0.01739224870912457 
0.3305061368783831 0.1686128367434052 -0.1837158437036579 0.4221870877089635 
-0.1837158437036579 0.4221870877089635 -0.5856486455828112 0.05590027428944979 
-0.01183064368154337 0.1738939347786143 -0.1837158437036579 0.4221870877089635 
0.254278375512092 0.0323050538731728 0.3305061368783831 0.1686128367434052 
-0.2306606247351195 -0.01739224870912457 -0.5856486455828112 0.05590027428944979 
-0.02116042056593279 -0.3252765022811683 -0.1188319558948151 -0.3298358621449993 
-0.1188319558948151 -0.3298358621449993 -0.1351439138371242 -0.08025507232564537 
-0.1351439138371242 -0.08025507232564537 -0.0405220350330415 -0.0717457135935812 
-0.0405220350330415 -0.0717457135935812 -0.02116042056593279 -0.3252765022811683 
0.17115664764005 -0.1828159260613719 0.06838343277589787 -0.189864355108591 
0.06838343277589787 -0.189864355108591 0.05724483327667203 -0.06295352551749817 
0.05724483327667203 -0.06295352551749817 0.1583161380205165 -0.05386416901292156 
0.1583161380205165 -0.05386416901292156 0.17115664764005 -0.1828159260613719 
