0 0 0 1 0.1396675553201369 -0.4172025536665661 
0 0 6.5 1 0.1439721023788058 -0.1262877403663404 
10 0 0 1 0.625210590906869 -0.5620881170568505 
10 0 6.5 1 0.5953075380371351 -0.1127374062446383 
10 10 0 1 0.118289409908232 -0.7741152919963898 
10 10 6.5 1 0.1311022124250542 -0.03731508655440179 
0 10 0 1 -0.2937417244516349 -0.4779210317750676 
0 10 6.5 1 -0.2595173540510528 -0.08885083950204814 
0 5 10 1 -0.0220962563193525 0.0539179776971432 
10 5 10 1 0.4067110926818559 0.1765310536182268 
0 6 0 1 -0.08872553547235117 -0.4491992863870081 
0 8 0 1 -0.1845907587377686 -0.4626295259593426 
0 8 5 1 -0.164772513433481 -0.1782102380188234 
0 6 5 1 -0.0744144983069825 -0.1819133397393238 
0 2 2.5 1 0.07500629809951936 -0.3049588376747919 
0 4 2.5 1 0.001189338494412426 -0.3084940323426731 
0 4 5 1 0.006021386214119834 -0.1852098072629084 
0 2 5 1 0.07808438937731009 -0.1881631327717129 
0.5 0.5 -0.5 1 0.138876449930518 -0.4487773832990989 
0.5 0.5 6 1 0.1433680120381384 -0.1463490159695774 
10.5 0.5 -0.5 1 0.6514455707430274 -0.6201596376215656 
10.5 0.5 6 1 0.6179144906441338 -0.142799567843608 
10.5 10.5 -0.5 1 0.1140415180127957 -0.8951359040107566 
10.5 10.5 6 1 0.128492726063219 -0.07999513293700904 
0.5 10.5 -0.5 1 -0.3159981209478418 -0.5239370252315944 
0.5 10.5 6 1 -0.278684964593806 -0.1139972812659039 
0.5 5.5 9.5 1 -0.02903077116916488 0.03845654839560512 
10.5 5.5 9.5 1 0.4217636759931082 0.1588788250832383 
0.5 6.5 -0.5 1 -0.09941094020111102 -0.4881499841563831 
0.5 8.5 -0.5 1 -0.2003670614255808 -0.504831123107441 
0.5 8.5 4.5 1 -0.1788975057995624 -0.2059839738891361 
0.5 6.5 4.5 1 -0.08401298221115254 -0.2081585149489994 
0.5 2.5 2 1 0.07179348668869169 -0.3334352975020046 
0.5 4.5 2 1 -0.005104550204422392 -0.3387695073147253 
0.5 4.5 4.5 1 5.301666346511855e-05 -0.2100851196193695 
0.5 2.5 4.5 1 0.07505095536025035 -0.2118039046322837 
