0.03190225130335652 -0.2488181533357455 -0.00523804171919256 0.4413362158228958 
-0.2458817803870598 -0.07084759529890414 -0.2815809684791975 0.2899047627471503 
0.1768539510189263 -0.001377355455560238 0.1689620214008498 0.2857732832735609 
0.6133253109225899 -0.08101918502420394 0.6344956176623548 0.3818420095988518 
0.03190225130335652 -0.2488181533357455 -0.2458817803870598 -0.07084759529890414 
-0.2458817803870598 -0.07084759529890414 0.1768539510189263 -0.001377355455560238 
0.1768539510189263 -0.001377355455560238 0.6133253109225899 -0.08101918502420394 
0.6133253109225899 -0.08101918502420394 0.03190225130335652 -0.2488181533357455 
-0.00523804171919256 0.4413362158228958 0.3842289890755924 0.7493598214674778 
0.3842289890755924 0.7493598214674778 0.6344956176623548 0.3818420095988518 
-0.2815809684791975 0.2899047627471503 -0.04044033869998252 0.4743616761870224 
-0.04044033869998252 0.4743616761870224 0.1689620214008498 0.2857732832735609 
0.3842289890755924 0.7493598214674778 -0.04044033869998252 0.4743616761870224 
-0.00523804171919256 0.4413362158228958 -0.2815809684791975 0.2899047627471503 
0.6344956176623548 0.3818420095988518 0.1689620214008498 0.2857732832735609 
0.4325330218523954 -0.1331959246336164 0.5291740381837375 -0.1053052818930311 
0.5291740381837375 -0.1053052818930311 0.541019055994344 0.268597028819362 
0.541019055994344 0.268597028819362 0.4387147097638691 0.2684439106460384 
0.4387147097638691 0.2684439106460384 0.4325330218523954 -0.1331959246336164 
0.1827391099871592 0.02304604947901525 0.3196242337926415 0.04359356949096602 
0.3196242337926415 0.04359356949096602 0.3187922160923737 0.2682644235191666 
0.3187922160923737 0.2682644235191666 0.1762716581735755 0.2680511140333661 
0.1762716581735755 0.2680511140333661 0.1827391099871592 0.02304604947901525 
