-0.4567750627649307 -0.4383598946482536 -0.4646240160396562 -0.09415174180652197 
-0.01600698444802538 -0.3386558785801427 -0.03574965838913669 -0.07445616154752527 
0.3178164995791759 -0.4189601438029916 0.2734824343841112 -0.02588626152063288 
-0.2812494730685254 -0.6365914720496484 -0.3065902799126611 -0.03564489906280652 
-0.4567750627649307 -0.4383598946482536 -0.01600698444802538 -0.3386558785801427 
-0.01600698444802538 -0.3386558785801427 0.3178164995791759 -0.4189601438029916 
0.3178164995791759 -0.4189601438029916 -0.2812494730685254 -0.6365914720496484 
-0.2812494730685254 -0.6365914720496484 -0.4567750627649307 -0.4383598946482536 
-0.4646240160396562 -0.09415174180652197 -0.4127592694558484 0.145391847966492 
-0.4127592694558484 0.145391847966492 -0.3065902799126611 -0.03564489906280652 
-0.03574965838913669 -0.07445616154752527 0.07477649128945826 0.1058594460356679 
0.07477649128945826 0.1058594460356679 0.2734824343841112 -0.02588626152063288 
-0.4127592694558484 0.145391847966492 0.07477649128945826 0.1058594460356679 
-0.4646240160396562 -0.09415174180652197 -0.03574965838913669 -0.07445616154752527 
-0.3065902799126611 -0.03564489906280652 0.2734824343841112 -0.02588626152063288 
-0.3759694513491855 -0.5296185187698588 -0.3348461649496715 -0.5760615128939909 
-0.3348461649496715 -0.5760615128939909 -0.3496709001064413 -0.1682040247658931 
-0.3496709001064413 -0.1682040247658931 -0.3874412733619599 -0.1691787760366516 
-0.3874412733619599 -0.1691787760366516 -0.3759694513491855 -0.5296185187698588 
-0.4386822492413757 -0.3143035101513384 -0.4131613612757942 -0.3283501884694492 
-0.4131613612757942 -0.3283501884694492 -0.4176303810576967 -0.1699578753293806 
-0.4176303810576967 -0.1699578753293806 -0.442312604674178 -0.1705948568247062 
-0.442312604674178 -0.1705948568247062 -0.4386822492413757 -0.3143035101513384 
