0 0 0 1 0.2785303064383605 -0.2367133889781775 
0 0 6.5 1 0.2509259094340257 0.1123538629727244 
10 0 0 1 0.08420589637471382 -0.5557892233176454 
10 0 6.5 1 0.0215781214944251 0.1154075465821806 
10 10 0 1 -0.575199494603339 -0.4219233810402271 
10 10 6.5 1 -0.6369851614729394 0.03620021353489078 
0 10 0 1 -0.162715327842283 -0.2161032964269729 
0 10 6.5 1 -0.1927789763485324 0.06498684309100222 
0 5 10 1 -0.01133630042395913 0.2589349906213692 
10 5 10 1 -0.4077193520980948 0.3775301046632426 
0 6 0 1 -0.008286260766733753 -0.2233165062986402 
0 8 0 1 -0.0885903036145174 -0.2195655938209974 
0 8 5 1 -0.1115029654398692 0.004461258687984938 
0 6 5 1 -0.03097889938395916 0.01013044524906048 
0 2 2.5 1 0.1633994162746285 -0.1054230881245817 
0 4 2.5 1 0.06791614978397208 -0.1064814352270974 
0 4 5 1 0.05665784926638378 0.01630039048456204 
0 2 5 1 0.1523932181983089 0.02304050798672143 
0.5 0.5 -0.5 1 0.2479177274514282 -0.2703556059478349 
0.5 0.5 6 1 0.2193305886227492 0.08171414716703553 
10.5 0.5 -0.5 1 0.02080699319720095 -0.6276184546465174 
10.5 0.5 6 1 -0.04597345867940573 0.05471028188655108 
10.5 10.5 -0.5 1 -0.6275911017933886 -0.4690143390075276 
10.5 10.5 6 1 -0.6918268613318592 -0.00572672192214933 
0.5 10.5 -0.5 1 -0.1911322410797602 -0.2430442578126691 
0.5 10.5 6 1 -0.2219663242977691 0.03998889862513764 
0.5 5.5 9.5 1 -0.0423156250180436 0.2327756433009466 
10.5 5.5 9.5 1 -0.4705940702811244 0.3323661232595811 
0.5 6.5 -0.5 1 -0.03767357163727056 -0.252590239923827 
0.5 8.5 -0.5 1 -0.1175000962957444 -0.2476245864410091 
0.5 8.5 4.5 1 -0.1410322730800463 -0.0219945069567235 
0.5 6.5 4.5 1 -0.06101725686513957 -0.017401846307392 
0.5 2.5 2 1 0.1327906378284003 -0.1364513688836276 
0.5 4.5 2 1 0.03773804505730347 -0.1361469497357791 
0.5 4.5 4.5 1 0.02613438922264233 -0.0123995610558738 
0.5 2.5 4.5 1 0.1214220180348413 -0.006930290862407736 
