-0.1709739642333749 -0.01921821774818471 -0.1830104358191273 0.238818827943013 
0.219260745233375 -0.01892660943715926 0.2277400481359066 0.2446229840652927 
0.3249956574435099 -0.1576664188193004 0.3487650902974218 0.2739375833644252 
-0.3060533304519863 -0.153711232174679 -0.3377425101151509 0.2632803294108319 
-0.1709739642333749 -0.01921821774818471 0.219260745233375 -0.01892660943715926 
0.219260745233375 -0.01892660943715926 0.3249956574435099 -0.1576664188193004 
0.3249956574435099 -0.1576664188193004 -0.3060533304519863 -0.153711232174679 
-0.3060533304519863 -0.153711232174679 -0.1709739642333749 -0.01921821774818471 
-0.1830104358191273 0.238818827943013 -0.2520888505772608 0.4374743757891158 
-0.2520888505772608 0.4374743757891158 -0.3377425101151509 0.2632803294108319 
0.2277400481359066 0.2446229840652927 0.2807594977151195 0.4505406568423395 
0.2807594977151195 0.4505406568423395 0.3487650902974218 0.2739375833644252 
-0.2520888505772608 0.4374743757891158 0.2807594977151195 0.4505406568423395 
-0.1830104358191273 0.238818827943013 0.2277400481359066 0.2446229840652927 
-0.3377425101151509 0.2632803294108319 0.3487650902974218 0.2739375833644252 
-0.2361570438105761 -0.08411835096136505 -0.2673136698531707 -0.1151397324878812 
-0.2673136698531707 -0.1151397324878812 -0.2862306495345786 0.165479441847265 
-0.2862306495345786 0.165479441847265 -0.251511104177537 0.1692205580380348 
-0.251511104177537 0.1692205580380348 -0.2361570438105761 -0.08411835096136505 
-0.1943876727516129 0.06650623489257586 -0.2167681099941774 0.05416643254858022 
-0.2167681099941774 0.05416643254858022 -0.2232728394441032 0.1722633003408821 
-0.2232728394441032 0.1722633003408821 -0.1998559451764973 0.174786528147617 
-0.1998559451764973 0.174786528147617 -0.1943876727516129 0.06650623489257586 
