0.259697541579648 -0.1083306160369131 0.2498726498917661 0.2529524796841797 
-0.09571501128991911 -0.3443665920309341 -0.1503901448359344 0.2981668202699284 
-0.5620257185073279 -0.2000030347155441 -0.6255916367093566 0.207199553276016 
-0.1379471938762903 -0.06818545123620282 -0.1619377534893605 0.2045477621763276 
0.259697541579648 -0.1083306160369131 -0.09571501128991911 -0.3443665920309341 
-0.09571501128991911 -0.3443665920309341 -0.5620257185073279 -0.2000030347155441 
-0.5620257185073279 -0.2000030347155441 -0.1379471938762903 -0.06818545123620282 
-0.1379471938762903 -0.06818545123620282 0.259697541579648 -0.1083306160369131 
0.2498726498917661 0.2529524796841797 0.003462268565856479 0.4052835214322987 
0.003462268565856479 0.4052835214322987 -0.1619377534893605 0.2045477621763276 
-0.1503901448359344 0.2981668202699284 -0.4827398630681722 0.5443069590371317 
-0.4827398630681722 0.5443069590371317 -0.6255916367093566 0.207199553276016 
0.003462268565856479 0.4052835214322987 -0.4827398630681722 0.5443069590371317 
0.2498726498917661 0.2529524796841797 -0.1503901448359344 0.2981668202699284 
-0.1619377534893605 0.2045477621763276 -0.6255916367093566 0.207199553276016 
-0.0041936514235599 -0.08168885647627708 -0.07443827801118617 -0.07459714405239391 
-0.07443827801118617 -0.07459714405239391 -0.09154003002970754 0.1437934303411003 
-0.09154003002970754 0.1437934303411003 -0.01975197510875424 0.148441546151857 
-0.01975197510875424 0.148441546151857 -0.0041936514235599 -0.08168885647627708 
0.1559498392885304 0.0280214354823981 0.06727183415255032 0.02979568907725017 
0.06727183415255032 0.02979568907725017 0.06037687432868107 0.153629709731132 
0.06037687432868107 0.153629709731132 0.150389802734565 0.1594578452915201 
0.150389802734565 0.1594578452915201 0.1559498392885304 0.0280214354823981 
