0.2794269903645072 -0.5195987316983336 0.2220030238257678 0.09596597009717565 
-0.2233745468203908 -0.3362082592610822 -0.2621536558273243 0.02842767651876305 
0.1297379034561932 -0.2055323847712193 0.1043986966989807 0.05701354409181703 
0.5791720366453047 -0.2621758175328582 0.5477346919868692 0.1094420451248847 
0.2794269903645072 -0.5195987316983336 -0.2233745468203908 -0.3362082592610822 
-0.2233745468203908 -0.3362082592610822 0.1297379034561932 -0.2055323847712193 
0.1297379034561932 -0.2055323847712193 0.5791720366453047 -0.2621758175328582 
0.5791720366453047 -0.2621758175328582 0.2794269903645072 -0.5195987316983336 
0.2220030238257678 0.09596597009717565 0.4032978768272669 0.3587621251246673 
0.4032978768272669 0.3587621251246673 0.5477346919868692 0.1094420451248847 
-0.2621536558273243 0.02842767651876305 -0.06548144830643125 0.2115358060965421 
-0.06548144830643125 0.2115358060965421 0.1043986966989807 0.05701354409181703 
0.4032978768272669 0.3587621251246673 -0.06548144830643125 0.2115358060965421 
0.2220030238257678 0.09596597009717565 -0.2621536558273243 0.02842767651876305 
0.5477346919868692 0.1094420451248847 0.1043986966989807 0.05701354409181703 
0.4931757584966557 -0.336029957252892 0.5398774730720426 -0.2959222336668342 
0.5398774730720426 -0.2959222336668342 0.5133280485096107 0.0137702558004326 
0.5133280485096107 0.0137702558004326 0.4636756569931354 0.002752052782165077 
0.4636756569931354 0.002752052782165077 0.4931757584966557 -0.336029957252892 
0.3484095466513036 -0.2367891233625048 0.4202531621994097 -0.1984701601537262 
0.4202531621994097 -0.1984701601537262 0.4035856156613644 -0.01058233564401679 
0.4035856156613644 -0.01058233564401679 0.3293801463620562 -0.02704903343709894 
0.3293801463620562 -0.02704903343709894 0.3484095466513036 -0.2367891233625048 
