0 0 0 1 -0.5589246659506206 -0.289084131766039 
0 0 6.5 1 -0.523283781692429 0.3262855772410351 
10 0 0 1 -0.2515979701051169 -0.1210945394105752 
10 0 6.5 1 -0.2268670096657315 0.1953280391407842 
10 10 0 1 0.2368108039554155 -0.1750241711816211 
10 10 6.5 1 0.2733725990429602 0.1520462796915415 
0 10 0 1 0.3933772752513687 -0.4090016815640428 
0 10 6.5 1 0.4751424033898812 0.247951266491258 
0 5 10 1 -0.009569439005332882 0.6544142596380926 
10 5 10 1 0.03560543064823017 0.3531957376852051 
0 6 0 1 -0.003780971312399531 -0.3589899765055768 
0 8 0 1 0.1919358781842207 -0.3836354004308876 
0 8 5 1 0.24636564261837 0.1098660258742384 
0 6 5 1 0.04325912392421638 0.1280930583413517 
0 2 2.5 1 -0.3625470176050088 -0.07819752387933281 
0 4 2.5 1 -0.1743175158548101 -0.09854528940375561 
0 4 5 1 -0.1539675357698413 0.145792424923658 
0 2 5 1 -0.3455660229803433 0.1629867122832598 
0.5 0.5 -0.5 1 -0.490704614505764 -0.3223566895214482 
0.5 0.5 6 1 -0.4539426184787405 0.2634461357670609 
10.5 0.5 -0.5 1 -0.2226256777065845 -0.1426508640657439 
10.5 0.5 6 1 -0.197875953488437 0.1657718035700707 
10.5 10.5 -0.5 1 0.2550015194002486 -0.1960463040206494 
10.5 10.5 6 1 0.2910555106180308 0.122480388390861 
0.5 10.5 -0.5 1 0.4214457028819992 -0.4389379062138092 
0.5 10.5 6 1 0.5004044463512939 0.1843976135897369 
0.5 5.5 9.5 1 0.03890815231143711 0.571937183279982 
10.5 5.5 9.5 1 0.05901345479040662 0.3188813462459049 
0.5 6.5 -0.5 1 0.0417462156794909 -0.3904088125417229 
0.5 8.5 -0.5 1 0.2289867699618434 -0.4143398809372286 
0.5 8.5 4.5 1 0.2820082605011425 0.05446522147174575 
0.5 6.5 4.5 1 0.08801952334074291 0.07260442632722877 
0.5 2.5 2 1 -0.3012704755737273 -0.121990985901939 
0.5 4.5 2 1 -0.1208608632734498 -0.1419983266470022 
0.5 4.5 4.5 1 -0.1006155385422837 0.09024302782806595 
0.5 2.5 4.5 1 -0.2841155336080468 0.1074014672828566 
