0.2774905746916062 -0.3840367590606873 0.2422670039344675 -0.06386553341307791 
0.6970155879214984 -0.6284126983957042 0.6047395078865444 -0.01234028629825412 
-0.2903256551329385 -0.8290463462166152 -0.3267391563594896 -0.08274908330966253 
-0.2273095463504071 -0.4552296787141665 -0.2474405879545103 -0.1030954841885713 
0.2774905746916062 -0.3840367590606873 0.6970155879214984 -0.6284126983957042 
0.6970155879214984 -0.6284126983957042 -0.2903256551329385 -0.8290463462166152 
-0.2903256551329385 -0.8290463462166152 -0.2273095463504071 -0.4552296787141665 
-0.2273095463504071 -0.4552296787141665 0.2774905746916062 -0.3840367590606873 
0.2422670039344675 -0.06386553341307791 -0.006339813251072421 0.08851099532831606 
-0.006339813251072421 0.08851099532831606 -0.2474405879545103 -0.1030954841885713 
0.6047395078865444 -0.01234028629825412 0.1450637619077761 0.2823802890937911 
0.1450637619077761 0.2823802890937911 -0.3267391563594896 -0.08274908330966253 
-0.006339813251072421 0.08851099532831606 0.1450637619077761 0.2823802890937911 
0.2422670039344675 -0.06386553341307791 0.6047395078865444 -0.01234028629825412 
-0.2474405879545103 -0.1030954841885713 -0.3267391563594896 -0.08274908330966253 
-0.01427717749692756 -0.4251853192000096 -0.1188028695285887 -0.4399267760347933 
-0.1188028695285887 -0.4399267760347933 -0.1371353259121185 -0.1721526046729986 
-0.1371353259121185 -0.1721526046729986 -0.03512080465062453 -0.1625902195711487 
-0.03512080465062453 -0.1625902195711487 -0.01427717749692756 -0.4251853192000096 
0.1708507563505377 -0.2691816848486366 0.07474293504143127 -0.2804276692309739 
0.07474293504143127 -0.2804276692309739 0.06331639692671628 -0.1533631564217943 
0.06331639692671628 -0.1533631564217943 0.1583612040214236 -0.1444540811633714 
0.1583612040214236 -0.1444540811633714 0.1708507563505377 -0.2691816848486366 
