0 0 0 1 0.3654111109972725 -0.5256848183327758 
0 0 6.5 1 0.2967464816283179 0.06825642779834282 
10 0 0 1 -0.2338136083142143 -0.4071930643298377 
10 0 6.5 1 -0.2624250915568219 -0.0233417912425216 
10 10 0 1 0.08609191583513723 -0.2769002216530699 
10 10 6.5 1 0.06057719556289175 -0.0162041301169359 
0 10 0 1 0.5343709509622664 -0.3033261831682508 
0 10 6.5 1 0.4899856294371936 0.03978023374734426 
0 5 10 1 0.3907678649853488 0.2736812405313669 
10 5 10 1 -0.08506518707243625 0.1425225316888577 
0 6 0 1 0.4874633374006462 -0.3650586808585178 
0 8 0 1 0.5130875891932332 -0.3313360302162568 
0 8 5 1 0.4760758815856372 -0.04129097548449089 
0 6 5 1 0.4473384761696624 -0.04534205567777979 
0 2 2.5 1 0.3921144341005194 -0.254584299325864 
0 4 2.5 1 0.433851440006251 -0.2261127521892107 
0 4 5 1 0.4122373417571739 -0.05029022369511082 
0 2 5 1 0.368395476417076 -0.0564705628644005 
0.5 0.5 -0.5 1 0.3404379266434966 -0.5437221611399509 
0.5 0.5 6 1 0.2765589556860613 0.01795738088652382 
10.5 0.5 -0.5 1 -0.2274964038046046 -0.4235042448211407 
10.5 0.5 6 1 -0.2552164615883901 -0.05338708006116561 
10.5 10.5 -0.5 1 0.08210541277059018 -0.2915133940976419 
10.5 10.5 6 1 0.057314952583627 -0.03722216127573214 
0.5 10.5 -0.5 1 0.5138464988660977 -0.3215745162229876 
0.5 10.5 6 1 0.4714215829798194 0.01052341994436243 
0.5 5.5 9.5 1 0.3719988518525021 0.2280990084389944 
10.5 5.5 9.5 1 -0.08452485395134618 0.1132404659459711 
0.5 6.5 -0.5 1 0.4648378226046704 -0.3843578139137055 
0.5 8.5 -0.5 1 0.4915255294024994 -0.3501691279832216 
0.5 8.5 4.5 1 0.4562874590894656 -0.07032201592207639 
0.5 6.5 4.5 1 0.4268036073331439 -0.07698975407619003 
0.5 2.5 2 1 0.3691386409702622 -0.2837814378080953 
0.5 4.5 2 1 0.411471571778411 -0.2534548012962077 
0.5 4.5 4.5 1 0.3910790037258892 -0.0850688308698659 
0.5 2.5 4.5 1 0.3468976857037279 -0.09506038361236772 
