-0.01579181114259246 -0.07806562685412474 0.007360068191847199 0.1735104143762285 
0.3931775639616077 -0.1481253088828662 0.430829123322477 0.1547499547255877 
0.3156628350941217 -0.2742526316904171 0.3778603550180855 0.2464016860338427 
-0.2872283037138847 -0.1347510266887841 -0.2597197339100816 0.2507492185197558 
-0.01579181114259246 -0.07806562685412474 0.3931775639616077 -0.1481253088828662 
0.3931775639616077 -0.1481253088828662 0.3156628350941217 -0.2742526316904171 
0.3156628350941217 -0.2742526316904171 -0.2872283037138847 -0.1347510266887841 
-0.2872283037138847 -0.1347510266887841 -0.01579181114259246 -0.07806562685412474 
0.007360068191847199 0.1735104143762285 -0.083574639141319 0.3738927606030289 
-0.083574639141319 0.3738927606030289 -0.2597197339100816 0.2507492185197558 
0.430829123322477 0.1547499547255877 0.4379172619313491 0.4040905497166439 
0.4379172619313491 0.4040905497166439 0.3778603550180855 0.2464016860338427 
-0.083574639141319 0.3738927606030289 0.4379172619313491 0.4040905497166439 
0.007360068191847199 0.1735104143762285 0.430829123322477 0.1547499547255877 
-0.2597197339100816 0.2507492185197558 0.3778603550180855 0.2464016860338427 
-0.1504588133347422 -0.106188790366459 -0.2123631775861652 -0.1191165791315628 
-0.2123631775861652 -0.1191165791315628 -0.1918342625031562 0.1472261477664307 
-0.1918342625031562 0.1472261477664307 -0.1305745629933193 0.1369083973805552 
-0.1305745629933193 0.1369083973805552 -0.1504588133347422 -0.106188790366459 
-0.04490654974360139 0.01660689593811892 -0.08891320767911785 0.01551208159703977 
-0.08891320767911785 0.01551208159703977 -0.07924427328613617 0.1282630216984832 
-0.07924427328613617 0.1282630216984832 -0.03561023221000358 0.1209138974332184 
-0.03561023221000358 0.1209138974332184 -0.04490654974360139 0.01660689593811892 
