0 0 0 1 0.005312592066827349 -0.1336944984169489 
0 0 6.5 1 0.03045547359273936 0.1185888707628928 
10 0 0 1 0.420952421613104 -0.2155264848541702 
10 0 6.5 1 0.4565282681327936 0.09876466851811404 
10 10 0 1 0.2987029167820683 -0.3503809661603183 
10 10 6.5 1 0.3580383816221651 0.190197542516677 
0 10 0 1 -0.2894763122144468 -0.1873477949045565 
0 10 6.5 1 -0.2551185546367207 0.1926019153152176 
0 5 10 1 -0.06747694883503784 0.3138083664240613 
10 5 10 1 0.444846339644581 0.3505328355195291 
0 6 0 1 -0.141957669248485 -0.1604985432076531 
0 8 0 1 -0.2089807690047491 -0.1726971374916164 
0 8 5 1 -0.1843731798954109 0.09203794976576291 
0 6 5 1 -0.1189071773495465 0.08200538808522885 
0 2 2.5 1 -0.02656308070353519 -0.0378743099445347 
0 4 2.5 1 -0.07449346976724099 -0.03872260078188841 
0 4 5 1 -0.06362410061274697 0.07353334373116775 
0 2 5 1 -0.01631953423362792 0.06628399351099902 
0.5 0.5 -0.5 1 0.0103875128525927 -0.158663122555663 
0.5 0.5 6 1 0.03624895789687069 0.1002041200488454 
10.5 0.5 -0.5 1 0.4412427132702075 -0.2495987829861635 
10.5 0.5 6 1 0.4782330858469194 0.07497548176078413 
10.5 10.5 -0.5 1 0.3271602692758399 -0.4181870479343222 
10.5 10.5 6 1 0.3905750698931091 0.1535463910344506 
0.5 10.5 -0.5 1 -0.2937315042202463 -0.2275551664045705 
0.5 10.5 6 1 -0.2580130719171403 0.1675281831057091 
0.5 5.5 9.5 1 -0.06363749347563222 0.2978430400571221 
10.5 5.5 9.5 1 0.4722810229260037 0.3308754924352584 
0.5 6.5 -0.5 1 -0.1405171093521876 -0.1928475282202539 
0.5 8.5 -0.5 1 -0.2098705064878118 -0.2085581448154462 
0.5 8.5 4.5 1 -0.1843571264698822 0.06569151512729898 
0.5 6.5 4.5 1 -0.1166739463964369 0.05761608440055794 
0.5 2.5 2 1 -0.02201216731589288 -0.06201935797117501 
0.5 4.5 2 1 -0.07106750049304036 -0.06482326092866679 
0.5 4.5 4.5 1 -0.05984672769834366 0.05083590256672799 
0.5 2.5 4.5 1 -0.01145753795277721 0.04506248073150364 
