0.005312592066827349 -0.1336944984169489 0.03045547359273936 0.1185888707628928 
0.420952421613104 -0.2155264848541702 0.4565282681327936 0.09876466851811404 
0.2987029167820683 -0.3503809661603183 0.3580383816221651 0.190197542516677 
-0.2894763122144468 -0.1873477949045565 -0.2551185546367207 0.1926019153152176 
0.005312592066827349 -0.1336944984169489 0.420952421613104 -0.2155264848541702 
0.420952421613104 -0.2155264848541702 0.2987029167820683 -0.3503809661603183 
0.2987029167820683 -0.3503809661603183 -0.2894763122144468 -0.1873477949045565 
-0.2894763122144468 -0.1873477949045565 0.005312592066827349 -0.1336944984169489 
0.03045547359273936 0.1185888707628928 -0.06747694883503784 0.3138083664240613 
-0.06747694883503784 0.3138083664240613 -0.2551185546367207 0.1926019153152176 
0.4565282681327936 0.09876466851811404 0.444846339644581 0.3505328355195291 
0.444846339644581 0.3505328355195291 0.3580383816221651 0.190197542516677 
-0.06747694883503784 0.3138083664240613 0.444846339644581 0.3505328355195291 
0.03045547359273936 0.1185888707628928 0.4565282681327936 0.09876466851811404 
-0.2551185546367207 0.1926019153152176 0.3580383816221651 0.190197542516677 
-0.141957669248485 -0.1604985432076531 -0.2089807690047491 -0.1726971374916164 
-0.2089807690047491 -0.1726971374916164 -0.1843731798954109 0.09203794976576291 
-0.1843731798954109 0.09203794976576291 -0.1189071773495465 0.08200538808522885 
-0.1189071773495465 0.08200538808522885 -0.141957669248485 -0.1604985432076531 
-0.02656308070353519 -0.0378743099445347 -0.07449346976724099 -0.03872260078188841 
-0.07449346976724099 -0.03872260078188841 -0.06362410061274697 0.07353334373116775 
-0.06362410061274697 0.07353334373116775 -0.01631953423362792 0.06628399351099902 
-0.01631953423362792 0.06628399351099902 -0.02656308070353519 -0.0378743099445347 
