0.256030898285567 -0.1625426956890779 0.2922090189454695 0.2105695969197201 
-0.3165438188254485 -0.2690713967029827 -0.3203345244231489 0.2625972545260053 
-0.4378560263363276 -0.07899056037223232 -0.4469460028324006 0.2390250525487109 
-0.02451614773432918 -0.04430390101722373 -0.01308881167900978 0.2092961865322051 
0.256030898285567 -0.1625426956890779 -0.3165438188254485 -0.2690713967029827 
-0.3165438188254485 -0.2690713967029827 -0.4378560263363276 -0.07899056037223232 
-0.4378560263363276 -0.07899056037223232 -0.02451614773432918 -0.04430390101722373 
-0.02451614773432918 -0.04430390101722373 0.256030898285567 -0.1625426956890779 
0.2922090189454695 0.2105695969197201 0.1205079737384478 0.3863463099118074 
0.1205079737384478 0.3863463099118074 -0.01308881167900978 0.2092961865322051 
-0.3203345244231489 0.2625972545260053 -0.4055288340678542 0.4866754414231702 
-0.4055288340678542 0.4866754414231702 -0.4469460028324006 0.2390250525487109 
0.1205079737384478 0.3863463099118074 -0.4055288340678542 0.4866754414231702 
0.2922090189454695 0.2105695969197201 -0.3203345244231489 0.2625972545260053 
-0.01308881167900978 0.2092961865322051 -0.4469460028324006 0.2390250525487109 
0.06297937951733544 -0.0811795902400627 0.01623867367935062 -0.06148034621379311 
0.01623867367935062 -0.06148034621379311 0.02705324489387073 0.1446510495856567 
0.02705324489387073 0.1446510495856567 0.07646843542524676 0.1399091994542546 
0.07646843542524676 0.1399091994542546 0.06297937951733544 -0.0811795902400627 
0.1910629217868447 -0.004394627682352188 0.1254133519002259 0.01269227889628234 
0.1254133519002259 0.01269227889628234 0.134052209789293 0.1343834972339747 
0.134052209789293 0.1343834972339747 0.20201252427642 0.1278620688489866 
0.20201252427642 0.1278620688489866 0.1910629217868447 -0.004394627682352188 
