0 0 0 1 -0.353760725683452 -0.3076760284914752 
0 0 6.5 1 -0.3830790151126148 -0.01159805932528631 
10 0 0 1 0.0544320320368995 -0.2253738316106137 
10 0 6.5 1 0.02927489407124181 0.0251258115464958 
10 10 0 1 0.3217665775007911 -0.3240136814160163 
10 10 6.5 1 0.2824009460667536 0.06460353061939078 
0 10 0 1 -0.298349213539573 -0.4968698510145063 
0 10 6.5 1 -0.3489676051099074 0.01367458924337359 
0 5 10 1 -0.3905075405582509 0.1991051012436147 
10 5 10 1 0.1120035655832285 0.2043766026850164 
0 6 0 1 -0.3279839755908904 -0.3956866546871608 
0 8 0 1 -0.3150419132150242 -0.4398752746595559 
0 8 5 1 -0.3490510644435139 -0.09672510848854088 
0 6 5 1 -0.3581630402910527 -0.0910930218491689 
0 2 2.5 1 -0.3590656048377837 -0.2072261556459696 
0 4 2.5 1 -0.3518802494758359 -0.2234474256619762 
0 4 5 1 -0.3654361480770216 -0.08659753438591676 
0 2 5 1 -0.3713760149947378 -0.08292611935292439 
0.5 0.5 -0.5 1 -0.3254367650032349 -0.3313805299975939 
0.5 0.5 6 1 -0.3551392244829303 -0.03168826152828865 
10.5 0.5 -0.5 1 0.08253891885504108 -0.2445505910462562 
10.5 0.5 6 1 0.05710007406809032 0.00853138279667962 
10.5 10.5 -0.5 1 0.3699011735026916 -0.3555150517702189 
10.5 10.5 6 1 0.3298424942980073 0.03935268851198519 
0.5 10.5 -0.5 1 -0.2479007970295221 -0.5421066172086579 
0.5 10.5 6 1 -0.2996750142916548 -0.0207195416522751 
0.5 5.5 9.5 1 -0.3551719072890799 0.1768565433188359 
10.5 5.5 9.5 1 0.1469256693435137 0.1864015602434146 
0.5 6.5 -0.5 1 -0.2895383337005424 -0.4289447464912381 
0.5 8.5 -0.5 1 -0.2714029050352126 -0.4782329416658437 
0.5 8.5 4.5 1 -0.3060884248535353 -0.1287321556133578 
0.5 6.5 4.5 1 -0.3202488481539305 -0.1193578135317273 
0.5 2.5 2 1 -0.3281924646989505 -0.2317908729271423 
0.5 4.5 2 1 -0.3177398385524198 -0.2507653650302294 
0.5 4.5 4.5 1 -0.3315098289065547 -0.1119029314628549 
0.5 2.5 4.5 1 -0.3406791847822651 -0.1058327260160503 
