0.2733150504127462 -0.2118088652375863 0.2496121109411225 0.1385353317941557 
0.03664157565259281 -0.5188313215085717 -0.02352332182174122 0.1405310866610091 
-0.5715789157889047 -0.3747415552449976 -0.6355910778715241 0.0665214113626043 
-0.1567624664459584 -0.1842924707334197 -0.186101370766039 0.09320049560764908 
0.2733150504127462 -0.2118088652375863 0.03664157565259281 -0.5188313215085717 
0.03664157565259281 -0.5188313215085717 -0.5715789157889047 -0.3747415552449976 
-0.5715789157889047 -0.3747415552449976 -0.1567624664459584 -0.1842924707334197 
-0.1567624664459584 -0.1842924707334197 0.2733150504127462 -0.2118088652375863 
0.2496121109411225 0.1385353317941557 -0.009247478537651064 0.2871452257681504 
-0.009247478537651064 0.2871452257681504 -0.186101370766039 0.09320049560764908 
-0.02352332182174122 0.1405310866610091 -0.4299767091164151 0.4022526784068994 
-0.4299767091164151 0.4022526784068994 -0.6355910778715241 0.0665214113626043 
-0.009247478537651064 0.2871452257681504 -0.4299767091164151 0.4022526784068994 
0.2496121109411225 0.1385353317941557 -0.02352332182174122 0.1405310866610091 
-0.186101370766039 0.09320049560764908 -0.6355910778715241 0.0665214113626043 
-0.00776008169714325 -0.193825655427092 -0.08544359817610939 -0.1888554577252474 
-0.08544359817610939 -0.1888554577252474 -0.1074571893453601 0.03254710295489921 
-0.1074571893453601 0.03254710295489921 -0.02917670206081642 0.03755719839256252 
-0.02917670206081642 0.03755719839256252 -0.00776008169714325 -0.193825655427092 
0.1607891784852875 -0.07949586173283023 0.06698673584363371 -0.07940017099010642 
0.06698673584363371 -0.07940017099010642 0.05657371903800147 0.04304538335956803 
0.05657371903800147 0.04304538335956803 0.1509168760505452 0.04908351925932534 
0.1509168760505452 0.04908351925932534 0.1607891784852875 -0.07949586173283023 
