0 0 0 1 -0.5375750602492432 -0.4489536867129279 
0 0 6.5 1 -0.5202794159278123 -0.06955394276677672 
10 0 0 1 -0.0742221999560196 -0.3584199134712003 
10 0 6.5 1 -0.08285791168972065 -0.0848629040053332 
10 10 0 1 0.2998887690557021 -0.4183801799225245 
10 10 6.5 1 0.2634335735574586 -0.02840731430031983 
0 10 0 1 -0.2516163709460951 -0.6165139664071534 
0 10 6.5 1 -0.2527117575385595 0.03137552070137298 
0 5 10 1 -0.4133655711865336 0.1962057473122131 
10 5 10 1 0.05166127866866576 0.0977615750941577 
0 6 0 1 -0.4051318624428266 -0.5265600686771235 
0 8 0 1 -0.3382540621352595 -0.565747767264561 
0 8 5 1 -0.3327405408913497 -0.1197242206865508 
0 6 5 1 -0.395880037991434 -0.1306446200936456 
0 2 2.5 1 -0.4950664468501361 -0.3039445567244129 
0 4 2.5 1 -0.4524106460778235 -0.3120693632600253 
0 4 5 1 -0.4468487199557265 -0.1394599954112694 
0 2 5 1 -0.4888563147379188 -0.1467254906119323 
0.5 0.5 -0.5 1 -0.4982830688464137 -0.4788220494828926 
0.5 0.5 6 1 -0.4833585158886814 -0.09507882665708252 
10.5 0.5 -0.5 1 -0.04372492684663863 -0.3794071300439027 
10.5 0.5 6 1 -0.0538097920463737 -0.103586999031442 
10.5 10.5 -0.5 1 0.3465743738494252 -0.4490943841773837 
10.5 10.5 6 1 0.3068267500461277 -0.05450737330777711 
0.5 10.5 -0.5 1 -0.1794974851224467 -0.6707346063134677 
0.5 10.5 6 1 -0.188210054799188 -0.0101286178634683 
0.5 5.5 9.5 1 -0.368247421805352 0.1676513140813895 
10.5 5.5 9.5 1 0.08545318301494408 0.07742997160966113 
0.5 6.5 -0.5 1 -0.3510414560768398 -0.5674631795125813 
0.5 8.5 -0.5 1 -0.2764256696677186 -0.6123827338488207 
0.5 8.5 4.5 1 -0.2753793332059764 -0.1586063880846781 
0.5 6.5 4.5 1 -0.3452387955878179 -0.1654384574680742 
0.5 2.5 2 1 -0.4529714193276168 -0.3346407298095132 
0.5 4.5 2 1 -0.4057577477118998 -0.3459034296219715 
0.5 4.5 4.5 1 -0.4015264520804738 -0.1709432403775767 
0.5 2.5 4.5 1 -0.4478470982441696 -0.1754732762193121 
