0 0 0 1 0.1808382567943381 -0.3973477964995604 
0 0 6.5 1 0.1734285332734295 -0.09996389449854448 
10 0 0 1 0.6709331649911481 -0.5251484864346248 
10 0 6.5 1 0.6162348302597285 -0.04426343769265344 
10 10 0 1 0.03759616192544341 -0.7025804260668251 
10 10 6.5 1 0.03889443377068217 0.04338775424266991 
0 10 0 1 -0.2770712267450565 -0.4490008166971828 
0 10 6.5 1 -0.2542015157210256 -0.06807133046055641 
0 5 10 1 -0.01303976827589482 0.07731000367428226 
10 5 10 1 0.3673895429325199 0.2573155650911459 
0 6 0 1 -0.0654320849820292 -0.4251275376823081 
0 8 0 1 -0.1654682462210004 -0.4364117980934045 
0 8 5 1 -0.1543431069945979 -0.1546315219815438 
0 6 5 1 -0.05982449879369355 -0.1577846450453882 
0 2 2.5 1 0.10509191415477 -0.281685317793984 
0 4 2.5 1 0.02529725337016521 -0.2847152430092595 
0 4 5 1 0.02582156421376961 -0.1606417816636325 
0 2 5 1 0.103788384332465 -0.163242740177625 
0.5 0.5 -0.5 1 0.1785884019162143 -0.4285785105370518 
0.5 0.5 6 1 0.1710534651084111 -0.1191868540345432 
10.5 0.5 -0.5 1 0.6970578251806215 -0.5852167635021246 
10.5 0.5 6 1 0.6369136065150703 -0.07215695009142055 
10.5 10.5 -0.5 1 0.01713408149155254 -0.8186058573982261 
10.5 10.5 6 1 0.02147149051180049 0.007773158781010607 
0.5 10.5 -0.5 1 -0.3017395007351593 -0.492139812377318 
0.5 10.5 6 1 -0.2760491182032294 -0.09128397454603626 
0.5 5.5 9.5 1 -0.02256775316921546 0.06305500458859867 
10.5 5.5 9.5 1 0.3752982113402297 0.2444875586915337 
0.5 6.5 -0.5 1 -0.07847415134603382 -0.4625953362295422 
0.5 8.5 -0.5 1 -0.1837326243527561 -0.4765240826902318 
0.5 8.5 4.5 1 -0.1711419041435415 -0.18063360338787 
0.5 6.5 4.5 1 -0.07196746634112525 -0.1825813983694045 
0.5 2.5 2 1 0.09996390533302434 -0.3093386354194324 
0.5 4.5 2 1 0.01678830586278066 -0.3138686638420882 
0.5 4.5 4.5 1 0.01754177546514831 -0.1843393680222153 
0.5 2.5 4.5 1 0.09873307648149979 -0.1859339725611286 
