0 0 0 1 0.2595054784594158 -0.2552503831980185 
0 0 6.5 1 0.3036215065391744 0.1254811546761863 
10 0 0 1 -0.3590769522428615 -0.3012776996858917 
10 0 6.5 1 -0.3352401300727742 0.1933803587881657 
10 10 0 1 -0.3807787046512703 -0.1203819684843358 
10 10 6.5 1 -0.3676659569828185 0.1716814101491598 
0 10 0 1 0.02545224654267439 -0.1168888678163993 
0 10 6.5 1 0.04750003416260761 0.1313390199784429 
0 5 10 1 0.1645687118200078 0.299154930934501 
10 5 10 1 -0.3460855815264907 0.3898466922952788 
0 6 0 1 0.09633197324119759 -0.1587897051410097 
0 8 0 1 0.05823748689767022 -0.1362699953510171 
0 8 5 1 0.07710783465307754 0.06759914787348591 
0 6 5 1 0.1176784329636049 0.06144285637860481 
0 2 2.5 1 0.2086077058138327 -0.08756716380571768 
0 4 2.5 1 0.1532042970034805 -0.06709396917200022 
0 4 5 1 0.1655844221985114 0.05417347297382044 
0 2 5 1 0.2230129457473539 0.04545911465005926 
0.5 0.5 -0.5 1 0.2151359825630706 -0.2741769120440287 
0.5 0.5 6 1 0.256594324768999 0.09854705334153932 
10.5 0.5 -0.5 1 -0.4015300091453009 -0.3244867957338207 
10.5 0.5 6 1 -0.3805415262095999 0.1567377998038133 
10.5 10.5 -0.5 1 -0.4058403715380572 -0.136779599604507 
10.5 10.5 6 1 -0.393697377585471 0.1505602663087819 
0.5 10.5 -0.5 1 -0.0008425095713954409 -0.1309551475904965 
0.5 10.5 6 1 0.02023715834149002 0.1138511489519306 
0.5 5.5 9.5 1 0.1290931879114022 0.2749914833443565 
10.5 5.5 9.5 1 -0.3800453088659247 0.3585615775340437 
0.5 6.5 -0.5 1 0.06485469843634313 -0.1745209210040868 
0.5 8.5 -0.5 1 0.02957718404243811 -0.1511273515467896 
0.5 8.5 4.5 1 0.04757475919500766 0.0497412207389618 
0.5 6.5 4.5 1 0.08515543450017539 0.0422128267678319 
0.5 2.5 2 1 0.1687480135585588 -0.1077405853045508 
0.5 4.5 2 1 0.1176933043641318 -0.0858072538311485 
0.5 4.5 4.5 1 0.1294258185474608 0.03334430884858737 
0.5 2.5 4.5 1 0.182346673566306 0.02274287492980596 
