0 0 0 1 -0.1709739642333749 -0.01921821774818471 
0 0 6.5 1 -0.1830104358191273 0.238818827943013 
10 0 0 1 0.219260745233375 -0.01892660943715926 
10 0 6.5 1 0.2277400481359066 0.2446229840652927 
10 10 0 1 0.3249956574435099 -0.1576664188193004 
10 10 6.5 1 0.3487650902974218 0.2739375833644252 
0 10 0 1 -0.3060533304519863 -0.153711232174679 
0 10 6.5 1 -0.3377425101151509 0.2632803294108319 
0 5 10 1 -0.2520888505772608 0.4374743757891158 
10 5 10 1 0.2807594977151195 0.4505406568423395 
0 6 0 1 -0.2361570438105761 -0.08411835096136505 
0 8 0 1 -0.2673136698531707 -0.1151397324878812 
0 8 5 1 -0.2862306495345786 0.165479441847265 
0 6 5 1 -0.251511104177537 0.1692205580380348 
0 2 2.5 1 -0.1943876727516129 0.06650623489257586 
0 4 2.5 1 -0.2167681099941774 0.05416643254858022 
0 4 5 1 -0.2232728394441032 0.1722633003408821 
0 2 5 1 -0.1998559451764973 0.174786528147617 
0.5 0.5 -0.5 1 -0.1549095112282406 -0.04262722226996801 
0.5 0.5 6 1 -0.1663016219817252 0.218613587575464 
10.5 0.5 -0.5 1 0.2421704217715639 -0.04281213445071536 
10.5 0.5 6 1 0.2520398959497181 0.2240818789235188 
10.5 10.5 -0.5 1 0.3656048957891905 -0.2007885147824528 
10.5 10.5 6 1 0.393839120007842 0.2397860880030589 
0.5 10.5 -0.5 1 -0.2835444232244998 -0.195316562695057 
0.5 10.5 6 1 -0.3141456254003049 0.2300379557081886 
0.5 5.5 9.5 1 -0.2319088177426888 0.4156502046608245 
10.5 5.5 9.5 1 0.3137862528474968 0.4283982279694383 
0.5 6.5 -0.5 1 -0.2166615516424824 -0.1159267501697361 
0.5 8.5 -0.5 1 -0.2463892200669728 -0.1512134232328248 
0.5 8.5 4.5 1 -0.2645398740500076 0.1342908747358396 
0.5 6.5 4.5 1 -0.2313259178028661 0.1413983995102623 
0.5 2.5 2 1 -0.177035956183967 0.04215554813574316 
0.5 4.5 2 1 -0.1982454896622883 0.02730704264623074 
0.5 4.5 4.5 1 -0.204437793239377 0.1471522461779327 
0.5 2.5 4.5 1 -0.1822254349116905 0.1519055157353938 
