0.2658340840832463 -0.404578209370978 0.2332954622728392 -0.08646867280422356 
0.7208703251413754 -0.6189383002690787 0.6258993861335078 -0.02480928391224793 
-0.2234682649762634 -0.8388863412711867 -0.2492682199130395 -0.06569900765070212 
-0.2369508913528966 -0.4777945517195124 -0.2489980626128125 -0.1146450631735019 
0.2658340840832463 -0.404578209370978 0.7208703251413754 -0.6189383002690787 
0.7208703251413754 -0.6189383002690787 -0.2234682649762634 -0.8388863412711867 
-0.2234682649762634 -0.8388863412711867 -0.2369508913528966 -0.4777945517195124 
-0.2369508913528966 -0.4777945517195124 0.2658340840832463 -0.404578209370978 
0.2332954622728392 -0.08646867280422356 -0.0049638993573939 0.07026166366619208 
-0.0049638993573939 0.07026166366619208 -0.2489980626128125 -0.1146450631735019 
0.6258993861335078 -0.02480928391224793 0.206716356520689 0.2720970936961096 
0.206716356520689 0.2720970936961096 -0.2492682199130395 -0.06569900765070212 
-0.0049638993573939 0.07026166366619208 0.206716356520689 0.2720970936961096 
0.2332954622728392 -0.08646867280422356 0.6258993861335078 -0.02480928391224793 
-0.2489980626128125 -0.1146450631735019 -0.2492682199130395 -0.06569900765070212 
-0.02016373140406133 -0.4462256630393925 -0.1256664466954697 -0.4615891350977511 
-0.1256664466954697 -0.4615891350977511 -0.1389487315215279 -0.1868951860086376 
-0.1389487315215279 -0.1868951860086376 -0.03694896370018096 -0.1789666180332759 
-0.03694896370018096 -0.1789666180332759 -0.02016373140406133 -0.4462256630393925 
0.1636350082050715 -0.2887762952406017 0.06985274528551576 -0.2991838875088966 
0.06985274528551576 -0.2991838875088966 0.06006882131801861 -0.1714253057365351 
0.06006882131801861 -0.1714253057365351 0.1524609251740309 -0.1642435533516462 
0.1524609251740309 -0.1642435533516462 0.1636350082050715 -0.2887762952406017 
