0 0 0 1 0.2369123227316818 -0.4742970559038488 
0 0 6.5 1 0.1844675055029169 0.1490221297995289 
10 0 0 1 -0.2260001085753804 -0.2852240609054997 
10 0 6.5 1 -0.2660340168167911 0.07499664743944039 
10 10 0 1 0.1397307000157 -0.1643110322859876 
10 10 6.5 1 0.1163180067831617 0.1005345245040304 
0 10 0 1 0.5875728713259472 -0.2269184253847981 
0 10 6.5 1 0.5638489813267534 0.1570903489789838 
0 5 10 1 0.4017857768989012 0.4214441332515457 
10 5 10 1 -0.06157398193521689 0.2588179890069785 
0 6 0 1 0.4855162484694157 -0.2989157678256776 
0 8 0 1 0.540792202718095 -0.2599205346365182 
0 8 5 1 0.5202023780843636 0.05819792519866565 
0 6 5 1 0.4618589088388538 0.04787561334904625 
0 2 2.5 1 0.3219598129335023 -0.1940281279258467 
0 4 2.5 1 0.4055540635068086 -0.1573043522406415 
0 4 5 1 0.3915930197428116 0.03544394911961863 
0 2 5 1 0.3053343223592848 0.02018278646252762 
0.5 0.5 -0.5 1 0.2298880691932399 -0.4834683721819971 
0.5 0.5 6 1 0.1807543582827136 0.09720840277118162 
10.5 0.5 -0.5 1 -0.212078304570893 -0.298096628056312 
10.5 0.5 6 1 -0.2502221179428386 0.04746493556912751 
10.5 10.5 -0.5 1 0.1394416533657362 -0.177370422696988 
10.5 10.5 6 1 0.1167146283867634 0.07946714564183428 
0.5 10.5 -0.5 1 0.5686130902060682 -0.242957061063956 
0.5 10.5 6 1 0.5454738098005157 0.1244409448147069 
0.5 5.5 9.5 1 0.3873896506474475 0.3666339583793101 
10.5 5.5 9.5 1 -0.05502037153357243 0.2289178534415763 
0.5 6.5 -0.5 1 0.4682375935237918 -0.3142285668977827 
0.5 8.5 -0.5 1 0.5224162385790398 -0.275759082364654 
0.5 8.5 4.5 1 0.5024273126641149 0.02758635811184509 
0.5 6.5 4.5 1 0.4454079218466618 0.01507820473210468 
0.5 2.5 2 1 0.3105406871718184 -0.2189925359713043 
0.5 4.5 2 1 0.3907341914774155 -0.1818561324329931 
0.5 4.5 4.5 1 0.3773696718147806 0.0001528809977199279 
0.5 2.5 4.5 1 0.2947768796966144 -0.01796522403750297 
