-0.6988315448682019 -0.4598488821366084 -0.6202719085609855 0.07760864119117966 
-0.2446651253084122 -0.30899026691832 -0.2118152791060085 -0.006850516966604213 
0.2332241915615224 -0.3942530856107879 0.2570075499873339 -0.03831494712454547 
0.1302312218463519 -0.6920778615980071 0.1844755657787045 0.04306137267417576 
-0.6988315448682019 -0.4598488821366084 -0.2446651253084122 -0.30899026691832 
-0.2446651253084122 -0.30899026691832 0.2332241915615224 -0.3942530856107879 
0.2332241915615224 -0.3942530856107879 0.1302312218463519 -0.6920778615980071 
0.1302312218463519 -0.6920778615980071 -0.6988315448682019 -0.4598488821366084 
-0.6202719085609855 0.07760864119117966 -0.241051978921688 0.3708649270054854 
-0.241051978921688 0.3708649270054854 0.1844755657787045 0.04306137267417576 
-0.2118152791060085 -0.006850516966604213 0.01934711593775565 0.1471093699390039 
0.01934711593775565 0.1471093699390039 0.2570075499873339 -0.03831494712454547 
-0.241051978921688 0.3708649270054854 0.01934711593775565 0.1471093699390039 
-0.6202719085609855 0.07760864119117966 -0.2118152791060085 -0.006850516966604213 
0.1844755657787045 0.04306137267417576 0.2570075499873339 -0.03831494712454547 
-0.2645528337625468 -0.5814948007942982 -0.08054156579893285 -0.6330382432020802 
-0.08054156579893285 -0.6330382432020802 -0.03146874137952959 -0.09917784964650016 
-0.03146874137952959 -0.09917784964650016 -0.2106869809491747 -0.08227215235080572 
-0.2106869809491747 -0.08227215235080572 -0.2645528337625468 -0.5814948007942982 
-0.5400346794087306 -0.2706519363382959 -0.3973963997450569 -0.2969406042822889 
-0.3973963997450569 -0.2969406042822889 -0.3693609357193551 -0.06730440211234323 
-0.3693609357193551 -0.06730440211234323 -0.5108316800512203 -0.05395943462681184 
-0.5108316800512203 -0.05395943462681184 -0.5400346794087306 -0.2706519363382959 
