0 0 0 1 0.008092625865986663 -0.1434692496529231 
0 0 6.5 1 0.03337464056489722 0.1090759733274189 
10 0 0 1 0.4248171892483092 -0.2273376485016758 
10 0 6.5 1 0.4598618569374958 0.08886125983091746 
10 10 0 1 0.2956011149804951 -0.3649116298204974 
10 10 6.5 1 0.3543023400179268 0.1788870899364931 
0 10 0 1 -0.2901549332609552 -0.1975502427229302 
0 10 6.5 1 -0.2549778171798177 0.1818050842342018 
0 5 10 1 -0.06572328450201972 0.3033206074517985 
10 5 10 1 0.4451408484804746 0.3405726723839594 
0 6 0 1 -0.1410609335037462 -0.1705151461365491 
0 8 0 1 -0.2088383146719537 -0.1828051648444674 
0 8 5 1 -0.183764590064528 0.08184511385523982 
0 6 5 1 -0.117673301953653 0.07204344919593546 
0 2 2.5 1 -0.02426094069693543 -0.04754046629436134 
0 4 2.5 1 -0.07278029180634764 -0.04849325470786194 
0 4 5 1 -0.06179779382886161 0.06375683519639198 
0 2 5 1 -0.01393939928339249 0.05665919876236728 
0.5 0.5 -0.5 1 0.01297608264765351 -0.1685834060272883 
0.5 0.5 6 1 0.03897605697520258 0.09065116821549864 
10.5 0.5 -0.5 1 0.4451473545883746 -0.2618654508497528 
10.5 0.5 6 1 0.4815612443975036 0.06488974157803798 
10.5 10.5 -0.5 1 0.3236288496634315 -0.4338652990262953 
10.5 10.5 6 1 0.3863012079819196 0.1419243609306178 
0.5 10.5 -0.5 1 -0.2949540310715752 -0.2379364469108001 
0.5 10.5 6 1 -0.2583688921937063 0.1567163950288186 
0.5 5.5 9.5 1 -0.062190540085212 0.2873641813231881 
10.5 5.5 9.5 1 0.4723808385675015 0.3208554324639489 
0.5 6.5 -0.5 1 -0.1399761761588553 -0.2030318207344819 
0.5 8.5 -0.5 1 -0.2101671388747139 -0.218840462013797 
0.5 8.5 4.5 1 -0.1841654874922153 0.05545174451587331 
0.5 6.5 4.5 1 -0.1157833036446287 0.04760161901742335 
0.5 2.5 2 1 -0.019943653586536 -0.0717875055215621 
0.5 4.5 2 1 -0.06963972238712754 -0.07469735091937815 
0.5 4.5 4.5 1 -0.05830306876437159 0.04100301347279617 
0.5 2.5 4.5 1 -0.009310166695792906 0.03537873521592119 
