0 0 0 1 -0.3534317645540057 -0.3986180732864654 
0 0 6.5 1 -0.3611875573620995 0.2444297948197866 
10 0 0 1 -0.2504711473266532 -0.1174365449666324 
10 0 6.5 1 -0.2481959597729123 0.2122769341785981 
10 10 0 1 0.2252205271080508 -0.1211127471582597 
10 10 6.5 1 0.2533297103584215 0.1851818834230827 
0 10 0 1 0.5273874026491209 -0.3710594794908303 
0 10 6.5 1 0.6126799635219519 0.1883101282841522 
0 5 10 1 0.1897637913773532 0.5955683710781488 
10 5 10 1 0.02118361767463504 0.3846052308558189 
0 6 0 1 0.2021438052191336 -0.3812355252899529 
0 8 0 1 0.3688285076161847 -0.376020384457025 
0 8 5 1 0.4218474936893099 0.05507939967066765 
0 6 5 1 0.2428304925630939 0.06139363373409609 
0 2 2.5 1 -0.152737526360255 -0.1685078471517221 
0 4 2.5 1 0.0395946467681938 -0.1686169637168221 
0 4 5 1 0.05359602700906528 0.06806825514356479 
0 2 5 1 -0.1467563481901298 0.07513502413317376 
0.5 0.5 -0.5 1 -0.2963134428078789 -0.4130186749047886 
0.5 0.5 6 1 -0.2971188993151462 0.1864905766810437 
10.5 0.5 -0.5 1 -0.2233656173867867 -0.1338150127697962 
10.5 0.5 6 1 -0.2196240962556193 0.1841385995483606 
10.5 10.5 -0.5 1 0.2367446054878322 -0.1363225713986379 
10.5 10.5 6 1 0.2646040905678721 0.1597935055893682 
0.5 10.5 -0.5 1 0.5322763809039534 -0.385223546566409 
0.5 10.5 6 1 0.6131969243529856 0.140919489605623 
0.5 5.5 9.5 1 0.2175891520107668 0.5156960776465095 
10.5 5.5 9.5 1 0.04079031424904718 0.3510093760965258 
0.5 6.5 -0.5 1 0.2249347392226423 -0.3955333526125321 
0.5 8.5 -0.5 1 0.3822412448980431 -0.3902564901788095 
0.5 8.5 4.5 1 0.4332541922779287 0.01516432666034878 
0.5 6.5 4.5 1 0.2650161639779506 0.02006623859180843 
0.5 2.5 2 1 -0.1067828754208316 -0.1967495924513235 
0.5 4.5 2 1 0.07324652478628689 -0.196124053251001 
0.5 4.5 4.5 1 0.08775315293625863 0.0252311093265177 
0.5 2.5 4.5 1 -0.09928106206910169 0.03068068133702193 
