0.2631056499723757 -0.5039011108532434 0.207686830642867 0.1143520014564932 
-0.2240898288943286 -0.3171820908644384 -0.2634840230892787 0.04543350715973266 
0.1339326508903202 -0.1899448290973507 0.1092625646608386 0.07335049597905481 
0.5827931466189954 -0.2493199900502425 0.5542571688189285 0.1269351221771078 
0.2631056499723757 -0.5039011108532434 -0.2240898288943286 -0.3171820908644384 
-0.2240898288943286 -0.3171820908644384 0.1339326508903202 -0.1899448290973507 
0.1339326508903202 -0.1899448290973507 0.5827931466189954 -0.2493199900502425 
0.5827931466189954 -0.2493199900502425 0.2631056499723757 -0.5039011108532434 
0.207686830642867 0.1143520014564932 0.4029667999615243 0.3815095505986816 
0.4029667999615243 0.3815095505986816 0.5542571688189285 0.1269351221771078 
-0.2634840230892787 0.04543350715973266 -0.06380436569804894 0.2290387910162457 
-0.06380436569804894 0.2290387910162457 0.1092625646608386 0.07335049597905481 
0.4029667999615243 0.3815095505986816 -0.06380436569804894 0.2290387910162457 
0.207686830642867 0.1143520014564932 -0.2634840230892787 0.04543350715973266 
0.5542571688189285 0.1269351221771078 0.1092625646608386 0.07335049597905481 
0.4905577062106778 -0.3227711010358688 0.5405956604508899 -0.2829236919041825 
0.5405956604508899 -0.2829236919041825 0.5163061241263386 0.02989696866410915 
0.5163061241263386 0.02989696866410915 0.4632896794877362 0.01896234781834462 
0.4632896794877362 0.01896234781834462 0.4905577062106778 -0.3227711010358688 
0.3384354970536326 -0.221900854441774 0.4148765430349712 -0.1839372106506537 
0.4148765430349712 -0.1839372106506537 0.3992481768405878 0.005753813096464839 
0.3992481768405878 0.005753813096464839 0.3203434513998848 -0.01052025547819437 
0.3203434513998848 -0.01052025547819437 0.3384354970536326 -0.221900854441774 
