-0.42632281330619 -0.4236306302372149 -0.4418661547378177 -0.09291945595855261 
0.005069458902636963 -0.3237928236780959 -0.01748093858556674 -0.06345471033222488 
0.3225728273132985 -0.4142719773263472 0.2775937386341474 -0.02152582391399584 
-0.2860157048233491 -0.6319248586313299 -0.3198750585275549 -0.05347666797860256 
-0.42632281330619 -0.4236306302372149 0.005069458902636963 -0.3237928236780959 
0.005069458902636963 -0.3237928236780959 0.3225728273132985 -0.4142719773263472 
0.3225728273132985 -0.4142719773263472 -0.2860157048233491 -0.6319248586313299 
-0.2860157048233491 -0.6319248586313299 -0.42632281330619 -0.4236306302372149 
-0.4418661547378177 -0.09291945595855261 -0.4079163153036354 0.1353348195883823 
-0.4079163153036354 0.1353348195883823 -0.3198750585275549 -0.05347666797860256 
-0.01748093858556674 -0.06345471033222488 0.08494764564293175 0.1146989920377046 
0.08494764564293175 0.1146989920377046 0.2775937386341474 -0.02152582391399584 
-0.4079163153036354 0.1353348195883823 0.08494764564293175 0.1146989920377046 
-0.4418661547378177 -0.09291945595855261 -0.01748093858556674 -0.06345471033222488 
-0.3198750585275549 -0.05347666797860256 0.2775937386341474 -0.02152582391399584 
-0.3616756784351954 -0.5196031381268699 -0.3288116422189635 -0.5683917500482213 
-0.3288116422189635 -0.5683917500482213 -0.3503413784574959 -0.1773806131985997 
-0.3503413784574959 -0.1773806131985997 -0.3797705386307845 -0.1740694910101428 
-0.3797705386307845 -0.1740694910101428 -0.3616756784351954 -0.5196031381268699 
-0.4157118204790392 -0.3076462153993202 -0.3955869874150307 -0.3240181701084237 
-0.3955869874150307 -0.3240181701084237 -0.403249693668891 -0.1714278134782282 
-0.403249693668891 -0.1714278134782282 -0.4224176404784872 -0.1692711969246229 
-0.4224176404784872 -0.1692711969246229 -0.4157118204790392 -0.3076462153993202 
