-0.5180307780364756 -0.3165509069903149 -0.4942048347293439 0.3114123066611929 
-0.2526174349423232 -0.1168105161315081 -0.2322765840447358 0.203415176770607 
0.2348930055906856 -0.1619307693430355 0.2711004520586217 0.1602358510459989 
0.4320370955922083 -0.4089900795168931 0.5180488837881024 0.2264124719591473 
-0.5180307780364756 -0.3165509069903149 -0.2526174349423232 -0.1168105161315081 
-0.2526174349423232 -0.1168105161315081 0.2348930055906856 -0.1619307693430355 
0.2348930055906856 -0.1619307693430355 0.4320370955922083 -0.4089900795168931 
0.4320370955922083 -0.4089900795168931 -0.5180307780364756 -0.3165509069903149 
-0.4942048347293439 0.3114123066611929 0.03878599496174417 0.6443083269001769 
0.03878599496174417 0.6443083269001769 0.5180488837881024 0.2264124719591473 
-0.2322765840447358 0.203415176770607 0.03402649216223181 0.3635362081253992 
0.03402649216223181 0.3635362081253992 0.2711004520586217 0.1602358510459989 
0.03878599496174417 0.6443083269001769 0.03402649216223181 0.3635362081253992 
-0.4942048347293439 0.3114123066611929 -0.2322765840447358 0.203415176770607 
0.5180488837881024 0.2264124719591473 0.2711004520586217 0.1602358510459989 
0.04746377797967655 -0.3715720799795281 0.2389806082290415 -0.3902061773999021 
0.2389806082290415 -0.3902061773999021 0.2944348376206425 0.09024872854835489 
0.2944348376206425 0.09024872854835489 0.09334239368721818 0.1077826200936351 
0.09334239368721818 0.1077826200936351 0.04746377797967655 -0.3715720799795281 
-0.3177522579356156 -0.101801359518097 -0.1247357108150332 -0.1196289857156054 
-0.1247357108150332 -0.1196289857156054 -0.1060750667552575 0.1251704644861932 
-0.1060750667552575 0.1251704644861932 -0.303838384373763 0.1424140788902514 
-0.303838384373763 0.1424140788902514 -0.3177522579356156 -0.101801359518097 
