0 0 0 1 0.255680125137789 -0.1795984079180366 
0 0 6.5 1 0.2933708971724114 0.1932112879329655 
10 0 0 1 -0.323297649347574 -0.2801764044331828 
10 0 6.5 1 -0.3232866281641846 0.2442423191432036 
10 10 0 1 -0.4299684734897489 -0.08727615829214934 
10 10 6.5 1 -0.4357078112396029 0.2262289974456308 
0 10 0 1 -0.01801242656863068 -0.0561974667791414 
0 10 6.5 1 -0.004847875968883994 0.1960295819851237 
0 5 10 1 0.1265337616170754 0.3702216079466943 
10 5 10 1 -0.3972432820622123 0.4671629780329614 
0 6 0 1 0.06703459947315518 -0.09454298619202621 
0 8 0 1 0.02156701207648108 -0.07404281897489641 
0 8 5 1 0.03370505330681593 0.1312076235083975 
0 6 5 1 0.08183299457837626 0.1257764631629553 
0 2 2.5 1 0.1928828582879241 -0.02000649025031781 
0 4 2.5 1 0.1287287364311517 -0.001843054659135345 
0 4 5 1 0.1380139076439489 0.1194365379729124 
0 2 5 1 0.2044535140890593 0.1119389358241852 
0.5 0.5 -0.5 1 0.2125937897616975 -0.2006990488457734 
0.5 0.5 6 1 0.2469503758497112 0.1650955714624917 
10.5 0.5 -0.5 1 -0.3716018822854868 -0.3074552064760408 
10.5 0.5 6 1 -0.3759953085626757 0.2031457707319439 
10.5 10.5 -0.5 1 -0.4578852166541626 -0.1060708150352919 
10.5 10.5 6 1 -0.4650369740686041 0.2024835841922983 
0.5 10.5 -0.5 1 -0.04463046025565817 -0.07172959909509158 
0.5 10.5 6 1 -0.03273480133206544 0.1772843456847583 
0.5 5.5 9.5 1 0.0904598797723398 0.3449010003952201 
10.5 5.5 9.5 1 -0.4363167851768629 0.4320631365634062 
0.5 6.5 -0.5 1 0.03555462922292208 -0.1119335334736112 
0.5 8.5 -0.5 1 -0.007284921643944933 -0.0904542471991118 
0.5 8.5 4.5 1 0.003718712420989566 0.1120241269104738 
0.5 6.5 4.5 1 0.04900288992144566 0.1051917133844927 
0.5 2.5 2 1 0.1534977610745753 -0.04183089391880675 
0.5 4.5 2 1 0.09331847210838022 -0.02212266433514956 
0.5 4.5 4.5 1 0.1017695366267351 0.09723035534356865 
0.5 2.5 4.5 1 0.1640401996936888 0.08783504457290969 
