0.2458543676319226 -0.4848972414866326 0.1924280601704449 0.1365694431969635 
-0.2252611207239863 -0.2962769209020383 -0.2651184231881086 0.0646506141901254 
0.1378537644064298 -0.1731188966456772 0.1139888524945538 0.09114903125761512 
0.5860513510312751 -0.2347609285538378 0.5606632275404477 0.1465458475625338 
0.2458543676319226 -0.4848972414866326 -0.2252611207239863 -0.2962769209020383 
-0.2252611207239863 -0.2962769209020383 0.1378537644064298 -0.1731188966456772 
0.1378537644064298 -0.1731188966456772 0.5860513510312751 -0.2347609285538378 
0.5860513510312751 -0.2347609285538378 0.2458543676319226 -0.4848972414866326 
0.1924280601704449 0.1365694431969635 0.4022592039698052 0.4073838635703689 
0.4022592039698052 0.4073838635703689 0.5606632275404477 0.1465458475625338 
-0.2651184231881086 0.0646506141901254 -0.06228811745998527 0.2484579819569561 
-0.06228811745998527 0.2484579819569561 0.1139888524945538 0.09114903125761512 
0.4022592039698052 0.4073838635703689 -0.06228811745998527 0.2484579819569561 
0.1924280601704449 0.1365694431969635 -0.2651184231881086 0.0646506141901254 
0.5606632275404477 0.1465458475625338 0.1139888524945538 0.09114903125761512 
0.4873299993921484 -0.3073476830276874 0.5408289475126411 -0.2680115622457641 
0.5408289475126411 -0.2680115622457641 0.5189660933722812 0.04825065454588295 
0.5189660933722812 0.04825065454588295 0.4624362027643265 0.03766250589633911 
0.4624362027643265 0.03766250589633911 0.4873299993921484 -0.3073476830276874 
0.3276391075744198 -0.2040021438448744 0.4088150070768902 -0.1667779010567208 
0.4088150070768902 -0.1667779010567208 0.3942850258692016 0.02489766973892756 
0.3942850258692016 0.02489766973892756 0.3105183898121043 0.009208030418805161 
0.3105183898121043 0.009208030418805161 0.3276391075744198 -0.2040021438448744 
