-0.3296835444092794 -0.232999661499272 -0.3615947693593675 0.0527562765945969 
0.07212150889484503 -0.1625533773735069 0.04808033807605245 0.08637588153010076 
0.3173620011828582 -0.2548735006237646 0.2830849178236357 0.1353436424382745 
-0.3067039190886438 -0.3988246796328837 -0.3612316705779016 0.0901819690204904 
-0.3296835444092794 -0.232999661499272 0.07212150889484503 -0.1625533773735069 
0.07212150889484503 -0.1625533773735069 0.3173620011828582 -0.2548735006237646 
0.3173620011828582 -0.2548735006237646 -0.3067039190886438 -0.3988246796328837 
-0.3067039190886438 -0.3988246796328837 -0.3296835444092794 -0.232999661499272 
-0.3615947693593675 0.0527562765945969 -0.3835888862720022 0.2647604127510376 
-0.3835888862720022 0.2647604127510376 -0.3612316705779016 0.0901819690204904 
0.04808033807605245 0.08637588153010076 0.1239023970499524 0.2719175191103057 
0.1239023970499524 0.2719175191103057 0.2830849178236357 0.1353436424382745 
-0.3835888862720022 0.2647604127510376 0.1239023970499524 0.2719175191103057 
-0.3615947693593675 0.0527562765945969 0.04808033807605245 0.08637588153010076 
-0.3612316705779016 0.0901819690204904 0.2830849178236357 0.1353436424382745 
-0.3189418404342813 -0.3105136867101357 -0.3135827324211374 -0.3491859527310067 
-0.3135827324211374 -0.3491859527310067 -0.3501856494209722 -0.0210764977168426 
-0.3501856494209722 -0.0210764977168426 -0.3515157279526619 -0.01862184498064051 
-0.3515157279526619 -0.01862184498064051 -0.3189418404342813 -0.3105136867101357 
-0.3400404359271975 -0.1351356516355619 -0.3378356696728816 -0.1487339640780588 
-0.3378356696728816 -0.1487339640780588 -0.3525786144889896 -0.01666029362671058 
-0.3525786144889896 -0.01666029362671058 -0.3534474723879487 -0.01505682107359643 
-0.3534474723879487 -0.01505682107359643 -0.3400404359271975 -0.1351356516355619 
