0.3231811329624019 -0.5546314713351471 0.3326734728862 -0.08934642589791776 
-0.3822521978770991 -0.497404743691512 -0.3295465677003739 -0.04513639687005571 
-0.2170037999777628 -0.3542001522704615 -0.1912225939064674 -0.08542914345910255 
0.1981757457780611 -0.3858423847638341 0.2086023461444972 -0.112510550435766 
0.3231811329624019 -0.5546314713351471 -0.3822521978770991 -0.497404743691512 
-0.3822521978770991 -0.497404743691512 -0.2170037999777628 -0.3542001522704615 
-0.2170037999777628 -0.3542001522704615 0.1981757457780611 -0.3858423847638341 
0.1981757457780611 -0.3858423847638341 0.3231811329624019 -0.5546314713351471 
0.3326734728862 -0.08934642589791776 0.2606117855992454 0.06848882102753494 
0.2606117855992454 0.06848882102753494 0.2086023461444972 -0.112510550435766 
-0.3295465677003739 -0.04513639687005571 -0.2259116800249646 0.09866984987053734 
-0.2259116800249646 0.09866984987053734 -0.1912225939064674 -0.08542914345910255 
0.2606117855992454 0.06848882102753494 -0.2259116800249646 0.09866984987053734 
0.3326734728862 -0.08934642589791776 -0.3295465677003739 -0.04513639687005571 
0.2086023461444972 -0.112510550435766 -0.1912225939064674 -0.08542914345910255 
0.2332706146589154 -0.4332293893975148 0.2141369897239374 -0.407394126227532 
0.2141369897239374 -0.407394126227532 0.2224274011801206 -0.1760418138876806 
0.2224274011801206 -0.1760418138876806 0.2416879395262783 -0.1787865134480728 
0.2416879395262783 -0.1787865134480728 0.2332706146589154 -0.4332293893975148 
0.2899396836517387 -0.3416680300165813 0.2609135972383272 -0.3206565643727326 
0.2609135972383272 -0.3206565643727326 0.2650348330528254 -0.1821135340768406 
0.2650348330528254 -0.1821135340768406 0.2939228603605861 -0.1862301872267785 
0.2939228603605861 -0.1862301872267785 0.2899396836517387 -0.3416680300165813 
