0 0 0 1 0.3155539063468525 -0.5425916875080278 
0 0 6.5 1 0.2533201182884318 0.06731205547334891 
10 0 0 1 -0.2238098982953338 -0.3740035279454079 
10 0 6.5 1 -0.2603339218298448 -0.003249796054363604 
10 10 0 1 0.1177272631160557 -0.2381377541561344 
10 10 6.5 1 0.09134515960836306 0.02329989189148368 
0 10 0 1 0.567991706912563 -0.2860373608470256 
0 10 6.5 1 0.5304398016330126 0.0753126715465354 
0 5 10 1 0.4021218996800198 0.3155490891522817 
10 5 10 1 -0.07061290625306797 0.1769051388069918 
0 6 0 1 0.4965126698845251 -0.3586820130108824 
0 8 0 1 0.5354233911923821 -0.3191367710437126 
0 8 5 1 0.5040283538535917 -0.01632358146998547 
0 6 5 1 0.4621548556438032 -0.02636108584100998 
0 2 2.5 1 0.3692573558172645 -0.2597927678426589 
0 4 2.5 1 0.4302147086552419 -0.22242986151047 
0 4 5 1 0.4112696367793736 -0.03855879151664542 
0 2 5 1 0.3481127463873291 -0.05369814195243663 
0.5 0.5 -0.5 1 0.2984159786780763 -0.5534567564683004 
0.5 0.5 6 1 0.240106275668292 0.01868015063369356 
10.5 0.5 -0.5 1 -0.2135787426076393 -0.3873045503458707 
10.5 0.5 6 1 -0.2487151896491098 -0.03085398041040939 
10.5 10.5 -0.5 1 0.1155825432651074 -0.2513839263513973 
10.5 10.5 6 1 0.08993236812770049 0.002859835172696457 
0.5 10.5 -0.5 1 0.5480230835653557 -0.3023483292989596 
0.5 10.5 6 1 0.5119354047669052 0.04540165119175713 
0.5 5.5 9.5 1 0.385165749160747 0.2671701085270766 
10.5 5.5 9.5 1 -0.06704850359964316 0.1481365750534469 
0.5 6.5 -0.5 1 0.4760369664584679 -0.3747674243119069 
0.5 8.5 -0.5 1 0.5150926209180474 -0.3354768601757492 
0.5 8.5 4.5 1 0.4850237269543506 -0.04503793894753117 
0.5 6.5 4.5 1 0.4432613262654367 -0.05729080594221708 
0.5 2.5 2 1 0.3511411975942493 -0.2849714875792209 
0.5 4.5 2 1 0.4109420012663881 -0.2468759854492725 
0.5 4.5 4.5 1 0.3929546844454466 -0.07205050799481655 
0.5 2.5 4.5 1 0.3311828821414547 -0.09017402736073656 
