0 0 0 1 0.2313817275250083 -0.3951743600407834 
0 0 6.5 1 0.2084233735872817 -0.08647729014857709 
10 0 0 1 0.7137987426544566 -0.5429349994422568 
10 0 6.5 1 0.6303889070136455 -0.005055039936092664 
10 10 0 1 -0.1013662785019613 -0.738922929937782 
10 10 6.5 1 -0.1129121227124154 0.02945579477613575 
0 10 0 1 -0.2559972455914052 -0.457513712762731 
0 10 6.5 1 -0.2518588523597765 -0.0847500552301981 
0 5 10 1 -0.007199581654593957 0.08015531326187016 
10 5 10 1 0.2905909363062872 0.2971891552454591 
0 6 0 1 -0.03859183456434913 -0.4297059628407038 
0 8 0 1 -0.142954591515922 -0.4430547264835805 
0 8 5 1 -0.1453449796235167 -0.1637232229940594 
0 6 5 1 -0.0457860214500905 -0.1612216025958342 
0 2 2.5 1 0.1402200317374084 -0.278516369122869 
0 4 2.5 1 0.0522680307649783 -0.2851315412304702 
0 4 5 1 0.04674387320982887 -0.1588966016499257 
0 2 5 1 0.1329637214465289 -0.1567301533961674 
0.5 0.5 -0.5 1 0.2265405328536286 -0.4281851427091216 
0.5 0.5 6 1 0.2030732707669238 -0.1071458173903527 
10.5 0.5 -0.5 1 0.7365951648858183 -0.6126805631711846 
10.5 0.5 6 1 0.6460305948428836 -0.03619665551335228 
10.5 10.5 -0.5 1 -0.1466779677690663 -0.8611790434576242 
10.5 10.5 6 1 -0.1529405437661011 -0.01169653421627327 
0.5 10.5 -0.5 1 -0.2832462046002167 -0.5004207953896979 
0.5 10.5 6 1 -0.2771020135291051 -0.1095314796237948 
0.5 5.5 9.5 1 -0.02060160280555992 0.06429392064909452 
10.5 5.5 9.5 1 0.2856807751713061 0.2825423834494091 
0.5 6.5 -0.5 1 -0.05489839155527639 -0.4680644155515957 
0.5 8.5 -0.5 1 -0.1643224726953992 -0.4835695657240142 
0.5 8.5 4.5 1 -0.1657272165028702 -0.1910508139862066 
0.5 6.5 4.5 1 -0.06157496035993956 -0.1874148876942236 
0.5 2.5 2 1 0.1319909592291448 -0.3077011227586763 
0.5 4.5 2 1 0.04040234110251571 -0.3156605846158114 
0.5 4.5 4.5 1 0.03495220349390882 -0.1840451512531318 
0.5 2.5 4.5 1 0.1246620665497696 -0.1809134048866644 
