0 0 0 1 -0.4444460904314103 -0.4339333750488686 
0 0 6.5 1 -0.4555361717656199 -0.09510087712631386 
10 0 0 1 -0.007410234682357677 -0.3337508252631509 
10 0 6.5 1 -0.02839056291231989 -0.07106171520546391 
10 10 0 1 0.319991816235548 -0.4183276877584477 
10 10 6.5 1 0.2752218086437577 -0.02521488238424321 
0 10 0 1 -0.2834191024607997 -0.6370322905119706 
0 10 6.5 1 -0.3122885377796695 -0.04468604131958555 
0 5 10 1 -0.4110570816367461 0.1398136068584842 
10 5 10 1 0.07882780050750948 0.1083706970628516 
0 6 0 1 -0.370306940546153 -0.5274430477119398 
0 8 0 1 -0.3325816761393171 -0.5750248871486034 
0 8 5 1 -0.3502082276131654 -0.1737127871557944 
0 6 5 1 -0.3845564071087446 -0.1728455907044328 
0 2 2.5 1 -0.429473537311845 -0.3131852886182155 
0 4 2.5 1 -0.4061784731956206 -0.3282643630767888 
0 4 5 1 -0.4119857876029385 -0.1721530747755849 
0 2 5 1 -0.4343955827280042 -0.1715872894823439 
0.5 0.5 -0.5 1 -0.4105273855192116 -0.4605692201421762 
0.5 0.5 6 1 -0.4229557515747528 -0.1174401769770867 
10.5 0.5 -0.5 1 0.02235375056926438 -0.3536161272005059 
10.5 0.5 6 1 0.0003686844004222052 -0.08834464468483127 
10.5 10.5 -0.5 1 0.3688504666109414 -0.4493370283877288 
10.5 10.5 6 1 0.3215070871920482 -0.05041750209004305 
0.5 10.5 -0.5 1 -0.2204174230598409 -0.6878917768714867 
0.5 10.5 6 1 -0.2537110627900162 -0.08233218297764795 
0.5 5.5 9.5 1 -0.3702759641202895 0.1150743096018039 
10.5 5.5 9.5 1 0.1135850379926598 0.08968584928055152 
0.5 6.5 -0.5 1 -0.3233644906430759 -0.564793595650145 
0.5 8.5 -0.5 1 -0.2787726568535469 -0.618113945279116 
0.5 8.5 4.5 1 -0.2989507600784493 -0.2089541348876497 
0.5 6.5 4.5 1 -0.3395723087896184 -0.2040760937131313 
0.5 2.5 2 1 -0.3927330167535971 -0.3405794535903931 
0.5 4.5 2 1 -0.3653461680565488 -0.3586816084774302 
0.5 4.5 4.5 1 -0.3719137452334837 -0.2001923703293189 
0.5 2.5 4.5 1 -0.3982725828503086 -0.1970270676934802 
