-0.3977455971410574 -0.3949526266825802 -0.4195398699568002 -0.07763740777360985 
0.02444795339540542 -0.2986792045950941 7.866032204705502e-05 -0.04233083219975321 
0.3246773558780285 -0.3962956814668379 0.2805277003370685 -0.005090003649572407 
-0.2896489111843834 -0.6046009971601806 -0.3307960649541353 -0.05110942198925167 
-0.3977455971410574 -0.3949526266825802 0.02444795339540542 -0.2986792045950941 
0.02444795339540542 -0.2986792045950941 0.3246773558780285 -0.3962956814668379 
0.3246773558780285 -0.3962956814668379 -0.2896489111843834 -0.6046009971601806 
-0.2896489111843834 -0.6046009971601806 -0.3977455971410574 -0.3949526266825802 
-0.4195398699568002 -0.07763740777360985 -0.4017360703783441 0.1412110265680921 
-0.4017360703783441 0.1412110265680921 -0.3307960649541353 -0.05110942198925167 
7.866032204705502e-05 -0.04233083219975321 0.09496351049782369 0.1344166148896208 
0.09496351049782369 0.1344166148896208 0.2805277003370685 -0.005090003649572407 
-0.4017360703783441 0.1412110265680921 0.09496351049782369 0.1344166148896208 
-0.4195398699568002 -0.07763740777360985 7.866032204705502e-05 -0.04233083219975321 
-0.3307960649541353 -0.05110942198925167 0.2805277003370685 -0.005090003649572407 
-0.3478115899369795 -0.4917972537782487 -0.3225110886411949 -0.5408663702084566 
-0.3225110886411949 -0.5408663702084566 -0.3496123385192155 -0.1677574341939687 
-0.3496123385192155 -0.1677574341939687 -0.3713496777686647 -0.1617382644076913 
-0.3713496777686647 -0.1617382644076913 -0.3478115899369795 -0.4917972537782487 
-0.3935968311794976 -0.2860021639525333 -0.3783812080443959 -0.3035502110928744 
-0.3783812080443959 -0.3035502110928744 -0.3886821789874276 -0.1569388146471029 
-0.3886821789874276 -0.1569388146471029 -0.4028255560851001 -0.1530224481072378 
-0.4028255560851001 -0.1530224481072378 -0.3935968311794976 -0.2860021639525333 
