-0.2032704988804452 -0.01089577152844035 -0.2226149562562114 0.2524260755570766 
0.1885420651561485 0.004259010440974767 0.1888309268501875 0.266112937389839 
0.3232431694027492 -0.1106917368667732 0.3349328957527812 0.3181269737242863 
-0.3138633582589067 -0.1369212828664371 -0.3557678740568287 0.2958260015164463 
-0.2032704988804452 -0.01089577152844035 0.1885420651561485 0.004259010440974767 
0.1885420651561485 0.004259010440974767 0.3232431694027492 -0.1106917368667732 
0.3232431694027492 -0.1106917368667732 -0.3138633582589067 -0.1369212828664371 
-0.3138633582589067 -0.1369212828664371 -0.2032704988804452 -0.01089577152844035 
-0.2226149562562114 0.2524260755570766 -0.2881735540241783 0.4625428819214801 
-0.2881735540241783 0.4625428819214801 -0.3557678740568287 0.2958260015164463 
0.1888309268501875 0.266112937389839 0.2455713288000613 0.4779782864959047 
0.2455713288000613 0.4779782864959047 0.3349328957527812 0.3181269737242863 
-0.2881735540241783 0.4625428819214801 0.2455713288000613 0.4779782864959047 
-0.2226149562562114 0.2524260755570766 0.1888309268501875 0.266112937389839 
-0.3557678740568287 0.2958260015164463 0.3349328957527812 0.3181269737242863 
-0.2562602808329165 -0.07127999889881736 -0.2818362311159174 -0.1004249385493978 
-0.2818362311159174 -0.1004249385493978 -0.3079168893347715 0.1895264366357788 
-0.3079168893347715 0.1895264366357788 -0.2782984162445657 0.1894662614097332 
-0.2782984162445657 0.1894662614097332 -0.2562602808329165 -0.07127999889881736 
-0.2261057023266322 0.07866153192253098 -0.2446447508308046 0.06834555634758441 
-0.2446447508308046 0.06834555634758441 -0.254346138404824 0.1894175980728718 
-0.254346138404824 0.1894175980728718 -0.2345760397305663 0.1893774315810665 
-0.2345760397305663 0.1893774315810665 -0.2261057023266322 0.07866153192253098 
