0 0 0 1 0.2589807199535316 -0.09946040602126766 
0 0 6.5 1 0.2504478098360531 0.2631624053388522 
10 0 0 1 -0.1056432504685994 -0.328738593123539 
10 0 6.5 1 -0.1598447655923335 0.3134598264354622 
10 10 0 1 -0.5608981800392752 -0.1855331046742301 
10 10 6.5 1 -0.623959749809175 0.2196840511111871 
0 10 0 1 -0.1360352584041706 -0.05861852028548032 
0 10 6.5 1 -0.1593741503405262 0.2140447873119137 
0 5 10 1 0.005225925591716916 0.4156768539972608 
10 5 10 1 -0.4857134888454489 0.5576567971626057 
0 6 0 1 -0.003488675271779981 -0.07232290871419357 
0 8 0 1 -0.0731400975557078 -0.06512143944178031 
0 8 5 1 -0.08968842599481386 0.153288099997023 
0 6 5 1 -0.01842614677249035 0.157982171459447 
0 2 2.5 1 0.1560218016083218 0.03731407359905809 
0 4 2.5 1 0.06777443610073672 0.0391440651419556 
0 4 5 1 0.06123710016381802 0.1632296176277225 
0 2 5 1 0.1508799243222582 0.1691344220668347 
0.5 0.5 -0.5 1 0.2231066445847585 -0.1297056374610692 
0.5 0.5 6 1 0.2124962218330364 0.2317005732266484 
10.5 0.5 -0.5 1 -0.1696430845620249 -0.3825084526599263 
10.5 0.5 6 1 -0.2307679821981908 0.2557036969673094 
10.5 10.5 -0.5 1 -0.6025175256866981 -0.2196909733280148 
10.5 10.5 6 1 -0.6683973533889911 0.1839621942607806 
0.5 10.5 -0.5 1 -0.1636098951850745 -0.0814793055864417 
0.5 10.5 6 1 -0.1881594808269687 0.190495723525092 
0.5 5.5 9.5 1 -0.02841986709906824 0.388236573436939 
10.5 5.5 9.5 1 -0.5429229419273012 0.512149217794785 
0.5 6.5 -0.5 1 -0.03387675880579709 -0.09765796009624658 
0.5 8.5 -0.5 1 -0.1020533524921002 -0.08915584887246962 
0.5 8.5 4.5 1 -0.1196170790850114 0.1286710751250086 
0.5 6.5 4.5 1 -0.04993797776116039 0.1319988406767996 
0.5 2.5 2 1 0.1214976193891588 0.008500073215562126 
0.5 4.5 2 1 0.03514027921258715 0.01200072310710354 
0.5 4.5 4.5 1 0.02796579569174114 0.1357194037828905 
0.5 2.5 4.5 1 0.1156417912716877 0.1399066730252689 
