-0.1578924847170443 -0.300825957668505 -0.1840073096096018 0.3849241889039857 
-0.2475207186088201 -0.05921423322099423 -0.2665894240967506 0.2902121117780653 
0.2094221037848238 -0.02113178778686367 0.2210676775745258 0.2789434594957106 
0.6007397245336832 -0.1783421119880359 0.6641275566142673 0.3398359341042524 
-0.1578924847170443 -0.300825957668505 -0.2475207186088201 -0.05921423322099423 
-0.2475207186088201 -0.05921423322099423 0.2094221037848238 -0.02113178778686367 
0.2094221037848238 -0.02113178778686367 0.6007397245336832 -0.1783421119880359 
0.6007397245336832 -0.1783421119880359 -0.1578924847170443 -0.300825957668505 
-0.1840073096096018 0.3849241889039857 0.3252038341136379 0.7425756971471807 
0.3252038341136379 0.7425756971471807 0.6641275566142673 0.3398359341042524 
-0.2665894240967506 0.2902121117780653 -0.004099217022483654 0.4762638344577302 
-0.004099217022483654 0.4762638344577302 0.2210676775745258 0.2789434594957106 
0.3252038341136379 0.7425756971471807 -0.004099217022483654 0.4762638344577302 
-0.1840073096096018 0.3849241889039857 -0.2665894240967506 0.2902121117780653 
0.6641275566142673 0.3398359341042524 0.2210676775745258 0.2789434594957106 
0.3451584332610927 -0.2196066128322135 0.4793332874373379 -0.1979436094259198 
0.4793332874373379 -0.1979436094259198 0.5190199026066327 0.210293548724193 
0.5190199026066327 0.210293548724193 0.3749000153843511 0.2100800432364065 
0.3749000153843511 0.2100800432364065 0.3451584332610927 -0.2196066128322135 
0.03003003434215612 -0.04224748802720723 0.2042671911694291 -0.02736830163964317 
0.2042671911694291 -0.02736830163964317 0.2132356142434433 0.2098405465403672 
0.2132356142434433 0.2098405465403672 0.03061537271986845 0.2095700049482407 
0.03061537271986845 0.2095700049482407 0.03003003434215612 -0.04224748802720723 
