0 0 0 1 0.2872080456477767 -0.5260982617337173 
0 0 6.5 1 0.2287882891098606 0.0882628163901141 
10 0 0 1 -0.2232016521195885 -0.3449296143485999 
10 0 6.5 1 -0.261613824035927 0.02082460146390707 
10 10 0 1 0.127520726725195 -0.2128064842711798 
10 10 6.5 1 0.1018995589764128 0.04943911396821195 
0 10 0 1 0.5771979344353216 -0.2679107242210922 
0 10 6.5 1 0.5444049676556838 0.1015211302302866 
0 5 10 1 0.4033028703542302 0.3485795227276921 
10 5 10 1 -0.0663936922021181 0.2035515947882374 
0 6 0 1 0.494228557326209 -0.3417810900270266 
0 8 0 1 0.5393091655036236 -0.3016443415922374 
0 8 5 1 0.5116956577020042 0.006581627446400187 
0 6 5 1 0.4636702380929813 -0.004376182048593747 
0 2 2.5 1 0.3530626864615385 -0.2430318957943666 
0 4 2.5 1 0.4226595136865269 -0.2046895553738469 
0 4 5 1 0.4054973490011088 -0.01764930785637723 
0 2 5 1 0.3335809334653113 -0.03405825102479955 
0.5 0.5 -0.5 1 0.2738635860084009 -0.5354710673596144 
0.5 0.5 6 1 0.2190509671322642 0.03921696154873825 
10.5 0.5 -0.5 1 -0.2114855636863363 -0.3577213814401488 
10.5 0.5 6 1 -0.2483080271053978 -0.006405175985637154 
10.5 10.5 -0.5 1 0.1261113502779657 -0.2258042695171189 
10.5 10.5 6 1 0.1012097974146694 0.02893536466456312 
0.5 10.5 -0.5 1 0.5575796872851385 -0.2838303617139506 
0.5 10.5 6 1 0.5259436238912634 0.0708779856592 
0.5 5.5 9.5 1 0.3872656714079625 0.2982642001905178 
10.5 5.5 9.5 1 -0.06163791570214588 0.1745871479199909 
0.5 6.5 -0.5 1 0.4749068502501962 -0.3571566585141091 
0.5 8.5 -0.5 1 0.5196739633416879 -0.317450671164896 
0.5 8.5 4.5 1 0.4931251539618241 -0.02250390666130508 
0.5 6.5 4.5 1 0.4456496948375428 -0.03559972484067669 
0.5 2.5 2 1 0.3374024137320104 -0.2674934722483056 
0.5 4.5 2 1 0.4050018574245119 -0.2286702569161876 
0.5 4.5 4.5 1 0.3886581038752213 -0.05132051041627007 
0.5 2.5 4.5 1 0.3189705253405519 -0.07054340735470008 
