0.3219044562203748 -0.5443363585286177 0.2587878818034784 0.06441832294649957 
-0.2242897265955776 -0.3797642205748695 -0.2602316326063985 -0.007675137973153095 
0.1150285413298048 -0.2435078430318746 0.08855141403792428 0.01780306959026838 
0.5653262940586362 -0.2893848986180501 0.5267573866316879 0.07006447438341031 
0.3219044562203748 -0.5443363585286177 -0.2242897265955776 -0.3797642205748695 
-0.2242897265955776 -0.3797642205748695 0.1150285413298048 -0.2435078430318746 
0.1150285413298048 -0.2435078430318746 0.5653262940586362 -0.2893848986180501 
0.5653262940586362 -0.2893848986180501 0.3219044562203748 -0.5443363585286177 
0.2587878818034784 0.06441832294649957 0.4015107464568853 0.3090918502560273 
0.4015107464568853 0.3090918502560273 0.5267573866316879 0.07006447438341031 
-0.2602316326063985 -0.007675137973153095 -0.07181802939100716 0.1715507142486707 
-0.07181802939100716 0.1715507142486707 0.08855141403792428 0.01780306959026838 
0.4015107464568853 0.3090918502560273 -0.07181802939100716 0.1715507142486707 
0.2587878818034784 0.06441832294649957 -0.2602316326063985 -0.007675137973153095 
0.5267573866316879 0.07006447438341031 0.08855141403792428 0.01780306959026838 
0.4965663675461173 -0.361401624000585 0.5340131338712494 -0.3221811997843084 
0.5340131338712494 -0.3221811997843084 0.5017995042006488 -0.02064893278196017 
0.5017995042006488 -0.02064893278196017 0.4613778343982162 -0.03029438870024722 
0.4613778343982162 -0.03029438870024722 0.4965663675461173 -0.361401624000585 
0.3726729352155672 -0.2619806913990166 0.4315572622847167 -0.2251291520021247 
0.4315572622847167 -0.2251291520021247 0.4122218673301945 -0.04202403064212565 
0.4122218673301945 -0.04202403064212565 0.3511577452008552 -0.05659520746550357 
0.3511577452008552 -0.05659520746550357 0.3726729352155672 -0.2619806913990166 
