-0.270273160634503 -0.05733285578313019 -0.3008552016721288 0.215201108234665 
0.1246831115095873 -0.01605670893058699 0.1096028390605045 0.2388532548772842 
0.3142097229507766 -0.09659790748487458 0.3000524494417143 0.3153978280734349 
-0.3236922311330798 -0.1754196363304154 -0.3794824242887898 0.284679064686454 
-0.270273160634503 -0.05733285578313019 0.1246831115095873 -0.01605670893058699 
0.1246831115095873 -0.01605670893058699 0.3142097229507766 -0.09659790748487458 
0.3142097229507766 -0.09659790748487458 -0.3236922311330798 -0.1754196363304154 
-0.3236922311330798 -0.1754196363304154 -0.270273160634503 -0.05733285578313019 
-0.3008552016721288 0.215201108234665 -0.3526569985469512 0.4384676422772042 
-0.3526569985469512 0.4384676422772042 -0.3794824242887898 0.284679064686454 
0.1096028390605045 0.2388532548772842 0.1729320152731317 0.4487105923886349 
0.1729320152731317 0.4487105923886349 0.3000524494417143 0.3153978280734349 
-0.3526569985469512 0.4384676422772042 0.1729320152731317 0.4487105923886349 
-0.3008552016721288 0.215201108234665 0.1096028390605045 0.2388532548772842 
-0.3794824242887898 0.284679064686454 0.3000524494417143 0.3153978280734349 
-0.295524437802562 -0.1131526594160427 -0.3079369858145037 -0.1405915088650957 
-0.3079369858145037 -0.1405915088650957 -0.344360997458828 0.166629022813594 
-0.344360997458828 0.166629022813594 -0.3274836847356645 0.1612871184032185 
-0.3274836847356645 0.1612871184032185 -0.295524437802562 -0.1131526594160427 
-0.2898470662241345 0.03871981163122064 -0.299489357034451 0.03098547704521964 
-0.299489357034451 0.03098547704521964 -0.3139513692285932 0.1570039521743552 
-0.3139513692285932 0.1570039521743552 -0.3028592703302092 0.1534931484701448 
-0.3028592703302092 0.1534931484701448 -0.2898470662241345 0.03871981163122064 
