0 0 0 1 0.4041644616763404 -0.5596125803610577 
0 0 6.5 1 0.3502024142386964 -0.01821270023203655 
10 0 0 1 -0.2907321965000233 -0.4931986894327896 
10 0 6.5 1 -0.2821238468724349 -0.07414037732504038 
10 10 0 1 -0.03064194350536946 -0.3759111528235852 
10 10 6.5 1 -0.03737807226467112 -0.1107644025344996 
0 10 0 1 0.4063395980567189 -0.3931546084657543 
0 10 6.5 1 0.3744775268849595 -0.08383604841307278 
0 5 10 1 0.3461272197057457 0.1306756761687406 
10 5 10 1 -0.1346193020506808 0.06349777120935123 
0 6 0 1 0.4057450162203565 -0.4386565307817421 
0 8 0 1 0.4060706875462005 -0.4137336850726356 
0 8 5 1 0.3789999256167616 -0.1498455291681192 
0 6 5 1 0.3759808945481454 -0.1470685460657791 
0 2 2.5 1 0.3856367867007091 -0.317838681306472 
0 4 2.5 1 0.3883302879896163 -0.3017766065793756 
0 4 5 1 0.3722901335050099 -0.1436736883055837 
0 2 5 1 0.3676753913342473 -0.139428928732527 
0.5 0.5 -0.5 1 0.3653534553821388 -0.5852874910049444 
0.5 0.5 6 1 0.3170326240751672 -0.06323918711054172 
10.5 0.5 -0.5 1 -0.297136063467806 -0.5153250640910848 
10.5 0.5 6 1 -0.2883457804872151 -0.1079380983804937 
10.5 10.5 -0.5 1 -0.04034614927354596 -0.3925311665715185 
10.5 10.5 6 1 -0.0464939185515819 -0.1320872226686973 
0.5 10.5 -0.5 1 0.3839568978035053 -0.4121332381208472 
0.5 10.5 6 1 0.3540583542474413 -0.1091959207770186 
0.5 5.5 9.5 1 0.3222838619967729 0.09384749916570509 
10.5 5.5 9.5 1 -0.1429673525284283 0.03423460034874787 
0.5 6.5 -0.5 1 0.3787998261506796 -0.4601334344763977 
0.5 8.5 -0.5 1 0.3816177174177254 -0.4339055006347808 
0.5 8.5 4.5 1 0.3563735612255441 -0.1760579265584744 
0.5 6.5 4.5 1 0.3512422484058044 -0.175909537343607 
0.5 2.5 2 1 0.3535872231084783 -0.348456181487139 
0.5 4.5 2 1 0.3597413225254791 -0.3295327299246082 
0.5 4.5 4.5 1 0.3450058159141494 -0.1757291898665538 
0.5 2.5 4.5 1 0.3372641691745295 -0.1755053140433815 
