0 0 0 1 0.08845729912723008 -0.400642358549758 
0 0 6.5 1 0.1047894642522069 -0.1220155148989769 
10 0 0 1 0.5533899597809508 -0.5498488523871481 
10 0 6.5 1 0.5528078001185511 -0.1458059061676217 
10 10 0 1 0.1877337082165588 -0.7908981245245256 
10 10 6.5 1 0.2178294781092149 -0.1004437517783618 
0 10 0 1 -0.3079701105502515 -0.4763671423006603 
0 10 6.5 1 -0.2655196136400133 -0.08613994165300291 
0 5 10 1 -0.03729524002313503 0.05705336154383765 
10 5 10 1 0.4306239967349135 0.1196499880900706 
0 6 0 1 -0.1160761148270773 -0.4397119288252451 
0 8 0 1 -0.2047959016771108 -0.4566590079364264 
0 8 5 1 -0.1778783080491788 -0.1757445505826488 
0 6 5 1 -0.09396194782745981 -0.1783833858107655 
0 2 2.5 1 0.03636823329551512 -0.2956687102845312 
0 4 2.5 1 -0.02968317935767102 -0.3008827547734548 
0 4 5 1 -0.02068664290692617 -0.1806876022408443 
0 2 5 1 0.04385094613778799 -0.182717052315406 
0.5 0.5 -0.5 1 0.08917486849979804 -0.4317460084421688 
0.5 0.5 6 1 0.1060128577290309 -0.142878126380631 
10.5 0.5 -0.5 1 0.5775504156337379 -0.602913859758943 
10.5 0.5 6 1 0.5756449584724949 -0.177020652139371 
10.5 10.5 -0.5 1 0.1984090750336413 -0.906875550066483 
10.5 10.5 6 1 0.2299472420287111 -0.1502062268071492 
0.5 10.5 -0.5 1 -0.326102801787493 -0.5244109373881762 
0.5 10.5 6 1 -0.2807610421476812 -0.1138022930349615 
0.5 5.5 9.5 1 -0.0411871793996965 0.0399019900223468 
10.5 5.5 9.5 1 0.4514383728384314 0.09683964295385603 
0.5 6.5 -0.5 1 -0.1236434106692944 -0.4792342124286066 
0.5 8.5 -0.5 1 -0.2169084956527797 -0.5000453542055271 
0.5 8.5 4.5 1 -0.1883822637018631 -0.2054635585968468 
0.5 6.5 4.5 1 -0.1003839870140381 -0.2061155471033221 
0.5 2.5 2 1 0.03527257342756664 -0.3245154102684452 
0.5 4.5 2 1 -0.03335079447375541 -0.3318551968941023 
0.5 4.5 4.5 1 -0.02395961436748113 -0.206681783334935 
0.5 2.5 4.5 1 0.04303333322838898 -0.2071781411443311 
