0 0 0 1 0.2923382465549929 -0.3439490191709612 
0 0 6.5 1 0.2555628036939584 -0.001336622091240161 
10 0 0 1 0.4753698696190072 -0.5763614882755825 
10 0 6.5 1 0.3847104537137536 0.1310539372230503 
10 10 0 1 -0.5640433779243044 -0.5971217538663227 
10 10 6.5 1 -0.5585152915287506 0.03856878874229347 
0 10 0 1 -0.2223188313627984 -0.3677410385846204 
0 10 6.5 1 -0.2344396529644541 -0.04283054379909652 
0 5 10 1 -0.008254463966546553 0.1447246168980057 
10 5 10 1 -0.1301619565762585 0.3962205673873279 
0 6 0 1 -0.02369193398455445 -0.358558739921562 
0 8 0 1 -0.1241555066247769 -0.3632030581932394 
0 8 5 1 -0.1370738040749223 -0.1080423239010209 
0 6 5 1 -0.04026873499623482 -0.1006753306742865 
0 2 2.5 1 0.1720416662845144 -0.2147834930132101 
0 4 2.5 1 0.06876846649058657 -0.2211261782659295 
0 4 5 1 0.05875047984902773 -0.09313983803919884 
0 2 5 1 0.1600606828453021 -0.0854299981891186 
0.5 0.5 -0.5 1 0.2718050324913282 -0.3793278224757803 
0.5 0.5 6 1 0.235040186740633 -0.02598609304357811 
10.5 0.5 -0.5 1 0.4418035746369393 -0.667144595367976 
10.5 0.5 6 1 0.3495231495168794 0.08755812211312768 
10.5 10.5 -0.5 1 -0.6486663251300852 -0.6781741485915284 
10.5 10.5 6 1 -0.6354649600071219 -0.004662568529417128 
0.5 10.5 -0.5 1 -0.2550681508821887 -0.4016624034616367 
0.5 10.5 6 1 -0.2660141492026322 -0.06713089472937638 
0.5 5.5 9.5 1 -0.03429409564433077 0.1250209419986228 
10.5 5.5 9.5 1 -0.1868201033006836 0.3700861775914152 
0.5 6.5 -0.5 1 -0.05192440445110534 -0.3930509755134832 
0.5 8.5 -0.5 1 -0.1547035974682042 -0.3974078687518206 
0.5 8.5 4.5 1 -0.1668677461287874 -0.1345396312798617 
0.5 6.5 4.5 1 -0.06791555827156716 -0.1272902570174328 
0.5 2.5 2 1 0.1489103722726356 -0.2456041981805955 
0.5 4.5 2 1 0.04317347962078575 -0.2517468395537464 
0.5 4.5 4.5 1 0.03335884586770518 -0.1198707539755253 
0.5 2.5 4.5 1 0.1370381837793611 -0.112275062156291 
