-0.5432298771766847 -0.2982794566784852 -0.5123154417707616 0.3227962134720713 
-0.2520617791599717 -0.1182512031498942 -0.2289857677921265 0.1997862825523214 
0.2361881351759358 -0.1689326475819813 0.2727487127582511 0.1562446588289796 
0.4095881779339916 -0.4080055518644529 0.4932847938678955 0.2408653737957336 
-0.5432298771766847 -0.2982794566784852 -0.2520617791599717 -0.1182512031498942 
-0.2520617791599717 -0.1182512031498942 0.2361881351759358 -0.1689326475819813 
0.2361881351759358 -0.1689326475819813 0.4095881779339916 -0.4080055518644529 
0.4095881779339916 -0.4080055518644529 -0.5432298771766847 -0.2982794566784852 
-0.5123154417707616 0.3227962134720713 0.009848832380512552 0.6529123332384241 
0.009848832380512552 0.6529123332384241 0.4932847938678955 0.2408653737957336 
-0.2289857677921265 0.1997862825523214 0.03519500742576778 0.3584819672256194 
0.03519500742576778 0.3584819672256194 0.2727487127582511 0.1562446588289796 
0.009848832380512552 0.6529123332384241 0.03519500742576778 0.3584819672256194 
-0.5123154417707616 0.3227962134720713 -0.2289857677921265 0.1997862825523214 
0.4932847938678955 0.2408653737957336 0.2727487127582511 0.1562446588289796 
0.01692867875787725 -0.362787061984695 0.2112580481686094 -0.3851659440503945 
0.2112580481686094 -0.3851659440503945 0.2661816872590474 0.1035579872233978 
0.2661816872590474 0.1035579872233978 0.06352262291722577 0.1217037712247966 
0.06352262291722577 0.1217037712247966 0.01692867875787725 -0.362787061984695 
-0.3450492805354802 -0.08580356200494772 -0.1545981372551026 -0.1053407937646448 
-0.1545981372551026 -0.1053407937646448 -0.134929370725083 0.1394728605225073 
-0.134929370725083 0.1394728605225073 -0.3293039519445664 0.156876864521174 
-0.3293039519445664 0.156876864521174 -0.3450492805354802 -0.08580356200494772 
