0 0 0 1 0.02413789408933575 -0.2087914064910013 
0 0 6.5 1 0.04951557229031758 0.0465792606837628 
10 0 0 1 0.4484791382124685 -0.3069533056852226 
10 0 6.5 1 0.4791126825826846 0.02288691964740808 
10 10 0 1 0.2742528418823391 -0.4676130446355563 
10 10 6.5 1 0.3282594958180431 0.09936058480144985 
0 10 0 1 -0.2957318426860579 -0.2686783967113244 
0 10 6.5 1 -0.2564244623813167 0.1089849504745852 
0 5 10 1 -0.05746942744821113 0.2346888036670698 
10 5 10 1 0.4443977021510013 0.2734753224609617 
0 6 0 1 -0.1368555574182969 -0.2389330927698244 
0 8 0 1 -0.2093319901311423 -0.2525023521215643 
0 8 5 1 -0.1820425169523764 0.01293222300172015 
0 6 5 1 -0.1120221299640731 0.00514257423714628 
0 2 2.5 1 -0.01154419875872086 -0.1121579549394754 
0 4 2.5 1 -0.06377901063786821 -0.1142467544971812 
0 4 5 1 -0.05240881619944501 -0.001489305360953601 
0 2 5 1 -0.00104288028700391 -0.007203678223365295 
0.5 0.5 -0.5 1 0.02791137400275416 -0.2350652369011021 
0.5 0.5 6 1 0.05399681790814922 0.02768064779428822 
10.5 0.5 -0.5 1 0.4691865512555752 -0.3448152471122423 
10.5 0.5 6 1 0.500848372004841 -0.002566977734931982 
10.5 10.5 -0.5 1 0.2994035087916893 -0.5451414757969523 
10.5 10.5 6 1 0.3567058440829741 0.05951336893735391 
0.5 10.5 -0.5 1 -0.3037928805042861 -0.310681849479472 
0.5 10.5 6 1 -0.262761328669349 0.08333806829464796 
0.5 5.5 9.5 1 -0.05575294426254539 0.2184884114388816 
10.5 5.5 9.5 1 0.4703952857043273 0.2529132029836803 
0.5 6.5 -0.5 1 -0.1378920588762314 -0.2728624426282535 
0.5 8.5 -0.5 1 -0.2132894451106666 -0.2900503287251139 
0.5 8.5 4.5 1 -0.1849237256882162 -0.01415141091924909 
0.5 6.5 4.5 1 -0.1121703926245909 -0.01996673004326761 
0.5 2.5 2 1 -0.008598670800011438 -0.1373097464279106 
0.5 4.5 2 1 -0.06232729472577338 -0.1414013177953111 
0.5 4.5 4.5 1 -0.05058582933703491 -0.02488930710674389 
0.5 2.5 4.5 1 0.002218495936146838 -0.02911006222078769 
