0 0 0 1 -0.1921661060378047 -0.3272480205591048 
0 0 6.5 1 -0.2158180600465872 0.3489845037487847 
10 0 0 1 -0.247404492018417 -0.07111151523953683 
10 0 6.5 1 -0.2627655264875302 0.2742693049929474 
10 10 0 1 0.2134202500613478 -0.03904860542076907 
10 10 6.5 1 0.2283955107205853 0.2617346634139978 
0 10 0 1 0.5912372011708632 -0.2157306439556991 
0 10 6.5 1 0.6601642540152426 0.3081373888075703 
0 5 10 1 0.3057817587160993 0.7098222804583616 
10 5 10 1 0.001715167795681476 0.4588489005581884 
0 6 0 1 0.3230698077467632 -0.2539042435946695 
0 8 0 1 0.4633038191491976 -0.2339419471398678 
0 8 5 1 0.5064164765953487 0.1769915417100573 
0 6 5 1 0.3555653237519197 0.1767656008754326 
0 2 2.5 1 -0.0007563106671780417 -0.07360899236617646 
0 4 2.5 1 0.1778892895855619 -0.06014063004682893 
0 4 5 1 0.1880005660345101 0.1765146268490581 
0 2 5 1 0.0007816175137117872 0.1762342152997327 
0.5 0.5 -0.5 1 -0.1487912694971475 -0.3398675184509957 
0.5 0.5 6 1 -0.1647967544993672 0.2841568379388543 
10.5 0.5 -0.5 1 -0.2222549845092976 -0.08687456496499306 
10.5 0.5 6 1 -0.2353227600386837 0.2444503926308103 
10.5 10.5 -0.5 1 0.221256724853212 -0.05386024760302857 
10.5 10.5 6 1 0.2362075250994587 0.2362141956442791 
0.5 10.5 -0.5 1 0.5847880670267883 -0.2315359890287537 
0.5 10.5 6 1 0.6490760865838572 0.2605425332992952 
0.5 5.5 9.5 1 0.3170002900217413 0.6245308652333502 
10.5 5.5 9.5 1 0.01857326124495022 0.4234469966050536 
0.5 6.5 -0.5 1 0.3312715922926955 -0.2689741038641807 
0.5 8.5 -0.5 1 0.4635281240015569 -0.2494430843237541 
0.5 8.5 4.5 1 0.5041235774091835 0.1360485953874034 
0.5 6.5 4.5 1 0.3624686147259863 0.1338201298137415 
0.5 2.5 2 1 0.02983068266312562 -0.1027165946513173 
0.5 4.5 2 1 0.195867843073011 -0.08864206963391105 
0.5 4.5 4.5 1 0.2061376440988472 0.1313607864943066 
0.5 2.5 4.5 1 0.0327253265679216 0.1286327254906774 
