0 0 0 1 -0.4879444525098959 -0.4435148767510484 
0 0 6.5 1 -0.4868527150724561 -0.08603055398891304 
10 0 0 1 -0.03813502749154407 -0.3469079539423932 
10 0 6.5 1 -0.05417282606373305 -0.07912732731957391 
10 10 0 1 0.3112959850782466 -0.4167915934179692 
10 10 6.5 1 0.269036708922214 -0.02465886892377986 
0 10 0 1 -0.2734477218504404 -0.6272357667348771 
0 10 6.5 1 -0.289523292384065 -0.007111055521064012 
0 5 10 1 -0.4152354013362701 0.1649089531221087 
10 5 10 1 0.06505060222777845 0.1030315818975208 
0 6 0 1 -0.3890925240668433 -0.5281835997396932 
0 8 0 1 -0.3388542758599826 -0.57121369928208 
0 8 5 1 -0.3461477461884621 -0.1481666448776592 
0 6 5 1 -0.3930155460086318 -0.1538826350598517 
0 2 2.5 1 -0.4612961563852009 -0.3110688385382154 
0 4 2.5 1 -0.4297614855702763 -0.3223256273208804 
0 4 5 1 -0.430592183363832 -0.1584654763928408 
0 2 5 1 -0.4613913459072441 -0.1622217378643284 
0.5 0.5 -0.5 1 -0.4516061806954145 -0.4714818777678598 
0.5 0.5 6 1 -0.4523151495157787 -0.1095815396438348 
10.5 0.5 -0.5 1 -0.007953337782828494 -0.3671883932045256 
10.5 0.5 6 1 -0.02523287550485428 -0.09692673928312934 
10.5 10.5 -0.5 1 0.359433380975289 -0.4475113043636669 
10.5 10.5 6 1 0.3141383001364967 -0.05003849644309542 
0.5 10.5 -0.5 1 -0.2058768623540692 -0.6795333272976658 
0.5 10.5 6 1 -0.2279109715420342 -0.04605217174478948 
0.5 5.5 9.5 1 -0.3724114297966855 0.1387965759021739 
10.5 5.5 9.5 1 0.09942571915977329 0.08378364271493542 
0.5 6.5 -0.5 1 -0.3387719776066384 -0.5670151241367386 
0.5 8.5 -0.5 1 -0.2811586873300782 -0.6157945234983125 
0.5 8.5 4.5 1 -0.2919021109382706 -0.1847223573018347 
0.5 6.5 4.5 1 -0.3453412913649836 -0.1864355628972952 
0.5 2.5 2 1 -0.4221096224712804 -0.3397695120788615 
0.5 4.5 2 1 -0.3862258983242359 -0.35408713354373 
0.5 4.5 4.5 1 -0.3880778075892738 -0.1878056519993606 
0.5 2.5 4.5 1 -0.4230342490589388 -0.1889263198435343 
