0 0 0 1 0.3153494689583869 -0.5108393150543681 
0 0 6.5 1 0.3301253649255457 -0.05726744668208854 
10 0 0 1 -0.3831562396209585 -0.4576751647887208 
10 0 6.5 1 -0.3294340921564823 -0.007059374640171734 
10 10 0 1 -0.2301820571609575 -0.3235275439435902 
10 10 6.5 1 -0.2028898198508814 -0.05591514906239885 
0 10 0 1 0.1820102190695013 -0.354901654940167 
0 10 6.5 1 0.1954232028901176 -0.0862357638514909 
0 5 10 1 0.2535307641399331 0.09489451178522097 
10 5 10 1 -0.232166592204421 0.1318695026581033 
0 6 0 1 0.2196563999054257 -0.398928131440388 
0 8 0 1 0.1991524277567445 -0.3749491346890452 
0 8 5 1 0.2099668372803757 -0.1480239864552108 
0 6 5 1 0.2308613455728481 -0.1496981325834872 
0 2 2.5 1 0.2816271980880776 -0.3062975815769818 
0 4 2.5 1 0.2504814084741528 -0.2875090916064738 
0 4 5 1 0.2561430143393854 -0.1517237944123951 
0 2 5 1 0.2873556581678097 -0.1542246681389834 
0.5 0.5 -0.5 1 0.2693129748966858 -0.5313011556920088 
0.5 0.5 6 1 0.2861750056943561 -0.08919039088942042 
10.5 0.5 -0.5 1 -0.408725174132281 -0.4796952598779946 
10.5 0.5 6 1 -0.355105799336793 -0.04037437267580878 
10.5 10.5 -0.5 1 -0.2481311832657775 -0.33902752275056 
10.5 10.5 6 1 -0.2207066607545296 -0.07543079464752817 
0.5 10.5 -0.5 1 0.156847135195839 -0.3698523555962672 
0.5 10.5 6 1 0.1708660668206643 -0.1052380981329351 
0.5 5.5 9.5 1 0.222502295214568 0.06808522979833496 
10.5 5.5 9.5 1 -0.2532099693500187 0.1042997012006586 
0.5 6.5 -0.5 1 0.18887613012317 -0.4158311418041049 
0.5 8.5 -0.5 1 0.1714587768846008 -0.3908278982530811 
0.5 8.5 4.5 1 0.1828441559237385 -0.1676598930908472 
0.5 6.5 4.5 1 0.2007912384659431 -0.1711280299182595 
0.5 2.5 2 1 0.2426881949798402 -0.3291652068243064 
0.5 4.5 2 1 0.2163139201161405 -0.3084156875431343 
0.5 4.5 4.5 1 0.2224225712848554 -0.1753081200136196 
0.5 2.5 4.5 1 0.2490023955480592 -0.1804444683407966 
