0 0 0 1 -0.06705025667293538 -0.03658087838489841 
0 0 6.5 1 -0.05308667532196955 0.214927338528813 
10 0 0 1 0.3305565266176502 -0.0880447312555744 
10 0 6.5 1 0.3639107583383986 0.1956602394364086 
10 10 0 1 0.3255539626508526 -0.2362910723048384 
10 10 6.5 1 0.3828470838594295 0.2430001686399882 
0 10 0 1 -0.2919583840126343 -0.1294971920944693 
0 10 6.5 1 -0.2835840572662047 0.2645575803295499 
0 5 10 1 -0.1345957977065002 0.4118087532614366 
10 5 10 1 0.3955571110230722 0.4218773431366264 
0 6 0 1 -0.1774673734636429 -0.08219751120286585 
0 8 0 1 -0.2289902972819684 -0.1034831810866719 
0 8 5 1 -0.2206708893717935 0.1653584702799461 
0 6 5 1 -0.1679842575696532 0.1620926330059342 
0 2 2.5 1 -0.09302717261776186 0.05221684531240772 
0 4 2.5 1 -0.1295405499231304 0.04556465698440957 
0 4 5 1 -0.1243795701215448 0.159389749775052 
0 2 5 1 -0.08769488836025341 0.1571158105046274 
0.5 0.5 -0.5 1 -0.05754298456370145 -0.06097641653461411 
0.5 0.5 6 1 -0.042895554333131 0.1951188093071912 
10.5 0.5 -0.5 1 0.350918071412083 -0.1169585834102509 
10.5 0.5 6 1 0.3860294078527898 0.1725844817302749 
10.5 10.5 -0.5 1 0.3600740163464184 -0.2916915218887618 
10.5 10.5 6 1 0.4226473981452175 0.2044524336073869 
0.5 10.5 -0.5 1 -0.284510556613883 -0.1709983051218289 
0.5 10.5 6 1 -0.2753646536641332 0.2344215401217215 
0.5 5.5 9.5 1 -0.1239620647088765 0.3922152520123252 
10.5 5.5 9.5 1 0.4257248428939046 0.3989944147381768 
0.5 6.5 -0.5 1 -0.1682984590002191 -0.1146648195025257 
0.5 8.5 -0.5 1 -0.220421782799183 -0.1399314532863907 
0.5 8.5 4.5 1 -0.2114733002121046 0.1357465666943647 
0.5 6.5 4.5 1 -0.1581910740668796 0.1352602937388442 
0.5 2.5 2 1 -0.08321216151137892 0.0275468553632339 
0.5 4.5 2 1 -0.1197963659666456 0.01858342100675491 
0.5 4.5 4.5 1 -0.1143298557373772 0.1348600003237065 
0.5 2.5 4.5 1 -0.07759395950102498 0.1345247351869262 
