0 0 0 1 -0.6554759497969874 -0.3427992910809344 
0 0 6.5 1 -0.5889774991002497 0.2181947183865504 
10 0 0 1 -0.2483813484701358 -0.2103077116232218 
10 0 6.5 1 -0.2160451347617016 0.09409043513557445 
10 10 0 1 0.2347788583946375 -0.2827311793552763 
10 10 6.5 1 0.2658022350622523 0.0588205583550972 
0 10 0 1 0.2394167976807615 -0.5251431136705084 
0 10 6.5 1 0.3025673011580206 0.1765235761902442 
0 5 10 1 -0.1571450265673006 0.5253958724095056 
10 5 10 1 0.0281820987434004 0.2481024524326994 
0 6 0 1 -0.1671923101278985 -0.4422922254198907 
0 8 0 1 0.02646438105723041 -0.4817518159018473 
0 8 5 1 0.07643714121518226 0.03469914399442034 
0 6 5 1 -0.1164696217395064 0.05051370879214794 
0 2 2.5 1 -0.480376425780831 -0.145870325313896 
0 4 2.5 1 -0.3182917682976434 -0.168889980793642 
0 4 5 1 -0.2929008466142411 0.06497760313876211 
0 2 5 1 -0.4548807745280737 0.07825677503864134 
0.5 0.5 -0.5 1 -0.589263312816103 -0.3805884439168413 
0.5 0.5 6 1 -0.5258690397797293 0.1643831533142409 
10.5 0.5 -0.5 1 -0.2188351691243952 -0.2332139142266766 
10.5 0.5 6 1 -0.1873077282504494 0.06640493922828178 
10.5 10.5 -0.5 1 0.258875535107631 -0.3070112507318249 
10.5 10.5 6 1 0.2890766500211235 0.02853377557678683 
0.5 10.5 -0.5 1 0.2879725367735944 -0.565160165905378 
0.5 10.5 6 1 0.3477846665886818 0.1116100917963797 
0.5 5.5 9.5 1 -0.1021427361181666 0.4565454379897994 
10.5 5.5 9.5 1 0.05414324600712311 0.2163854137724962 
0.5 6.5 -0.5 1 -0.1089832061347389 -0.4816400896840305 
0.5 8.5 -0.5 1 0.08041263381051876 -0.5214892549142384 
0.5 8.5 4.5 1 0.1277882337472358 -0.0226003684445034 
0.5 6.5 4.5 1 -0.06083432467800342 -0.004848551977327295 
0.5 2.5 2 1 -0.4174414938089517 -0.191057905734942 
0.5 4.5 2 1 -0.2580089137283539 -0.2152096432022763 
0.5 4.5 4.5 1 -0.2338674466586947 0.01143609737632454 
0.5 2.5 4.5 1 -0.3931671084063508 0.02642825092485388 
