0.3454036488935134 -0.6424832924543047 0.3410790824461228 -0.1483698511941481 
-0.3742994921303347 -0.5736822900160865 -0.3262444114483792 -0.1175290149520465 
-0.1824463659035656 -0.4134682144428815 -0.1615505685605156 -0.1416029446382772 
0.2402430553395038 -0.4459097138391206 0.2425226377336476 -0.1609780475998952 
0.3454036488935134 -0.6424832924543047 -0.3742994921303347 -0.5736822900160865 
-0.3742994921303347 -0.5736822900160865 -0.1824463659035656 -0.4134682144428815 
-0.1824463659035656 -0.4134682144428815 0.2402430553395038 -0.4459097138391206 
0.2402430553395038 -0.4459097138391206 0.3454036488935134 -0.6424832924543047 
0.3410790824461228 -0.1483698511941481 0.2796014646117511 0.0215418291740434 
0.2796014646117511 0.0215418291740434 0.2425226377336476 -0.1609780475998952 
-0.3262444114483792 -0.1175290149520465 -0.2092902026509441 0.03591606782505099 
-0.2092902026509441 0.03591606782505099 -0.1615505685605156 -0.1416029446382772 
0.2796014646117511 0.0215418291740434 -0.2092902026509441 0.03591606782505099 
0.3410790824461228 -0.1483698511941481 -0.3262444114483792 -0.1175290149520465 
0.2425226377336476 -0.1609780475998952 -0.1615505685605156 -0.1416029446382772 
0.2693992484485778 -0.5004105208862248 0.2534683575531007 -0.4706313790231313 
0.2534683575531007 -0.4706313790231313 0.2548819785409987 -0.2283734260014441 
0.2548819785409987 -0.2283734260014441 0.2702677614996918 -0.2331579248675157 
0.2702677614996918 -0.2331579248675157 0.2693992484485778 -0.5004105208862248 
0.3128976395027957 -0.4099694957895008 0.2889771879140147 -0.3843489238591205 
0.2889771879140147 -0.3843489238591205 0.2889930057240496 -0.2389808920833462 
0.2889930057240496 -0.2389808920833462 0.3122773042806406 -0.2462215830732278 
0.3122773042806406 -0.2462215830732278 0.3128976395027957 -0.4099694957895008 
