-0.4505923444172647 -0.4363650832364254 -0.4600879301186058 -0.09483941283556276 
-0.01168466915644931 -0.336355553731993 -0.03206471899880962 -0.07290485235670841 
0.3189443085392201 -0.4188139995156284 0.2743629627521463 -0.02569257935784568 
-0.2823886119041169 -0.6371455602359206 -0.3095111301037622 -0.04042887540737479 
-0.4505923444172647 -0.4363650832364254 -0.01168466915644931 -0.336355553731993 
-0.01168466915644931 -0.336355553731993 0.3189443085392201 -0.4188139995156284 
0.3189443085392201 -0.4188139995156284 -0.2823886119041169 -0.6371455602359206 
-0.2823886119041169 -0.6371455602359206 -0.4505923444172647 -0.4363650832364254 
-0.4600879301186058 -0.09483941283556276 -0.411952914702755 0.1423805928780136 
-0.411952914702755 0.1423805928780136 -0.3095111301037622 -0.04042887540737479 
-0.03206471899880962 -0.07290485235670841 0.07679579780528659 0.1069719154191109 
0.07679579780528659 0.1069719154191109 0.2743629627521463 -0.02569257935784568 
-0.411952914702755 0.1423805928780136 0.07679579780528659 0.1069719154191109 
-0.4600879301186058 -0.09483941283556276 -0.03206471899880962 -0.07290485235670841 
-0.3095111301037622 -0.04042887540737479 0.2743629627521463 -0.02569257935784568 
-0.3731562077055146 -0.5287986115159956 -0.3337485156954771 -0.5758385617061975 
-0.3337485156954771 -0.5758385617061975 -0.3499923360942166 -0.1712188113148768 
-0.3499923360942166 -0.1712188113148768 -0.3860367701838022 -0.1712577786825323 
-0.3860367701838022 -0.1712577786825323 -0.3731562077055146 -0.5287986115159956 
-0.434081166950791 -0.3139720793875697 -0.4096851277342309 -0.3285480345204523 
-0.4096851277342309 -0.3285480345204523 -0.4148327862443896 -0.1712889098397606 
-0.4148327862443896 -0.1712889098397606 -0.4383670755191826 -0.1713143525835807 
-0.4383670755191826 -0.1713143525835807 -0.434081166950791 -0.3139720793875697 
