0 0 0 1 -0.5180307780364756 -0.3165509069903149 
0 0 6.5 1 -0.4942048347293439 0.3114123066611929 
10 0 0 1 -0.2526174349423232 -0.1168105161315081 
10 0 6.5 1 -0.2322765840447358 0.203415176770607 
10 10 0 1 0.2348930055906856 -0.1619307693430355 
10 10 6.5 1 0.2711004520586217 0.1602358510459989 
0 10 0 1 0.4320370955922083 -0.4089900795168931 
0 10 6.5 1 0.5180488837881024 0.2264124719591473 
0 5 10 1 0.03878599496174417 0.6443083269001769 
10 5 10 1 0.03402649216223181 0.3635362081253992 
0 6 0 1 0.04746377797967655 -0.3715720799795281 
0 8 0 1 0.2389806082290415 -0.3902061773999021 
0 8 5 1 0.2944348376206425 0.09024872854835489 
0 6 5 1 0.09334239368721818 0.1077826200936351 
0 2 2.5 1 -0.3177522579356156 -0.101801359518097 
0 4 2.5 1 -0.1247357108150332 -0.1196289857156054 
0 4 5 1 -0.1060750667552575 0.1251704644861932 
0 2 5 1 -0.303838384373763 0.1424140788902514 
0.5 0.5 -0.5 1 -0.4508339935451102 -0.3456430903768161 
0.5 0.5 6 1 -0.4241735154106299 0.2484644213585948 
10.5 0.5 -0.5 1 -0.2239173431416316 -0.1372390647005303 
10.5 0.5 6 1 -0.2032220252553711 0.1739577139411468 
10.5 10.5 -0.5 1 0.2513560731166338 -0.181404332760886 
10.5 10.5 6 1 0.2871188422996316 0.1316187645730648 
0.5 10.5 -0.5 1 0.453838027896254 -0.4340963875569104 
0.5 10.5 6 1 0.5367051764829837 0.1666208906402177 
0.5 5.5 9.5 1 0.0834661705687277 0.560800959608948 
10.5 5.5 9.5 1 0.0565889488695474 0.3291315104078027 
0.5 6.5 -0.5 1 0.08785135680830637 -0.3983124492738208 
0.5 8.5 -0.5 1 0.2701479291853812 -0.4161362931743885 
0.5 8.5 4.5 1 0.3242104707797696 0.03850369071249066 
0.5 6.5 4.5 1 0.133259225230506 0.05534839878573069 
0.5 2.5 2 1 -0.2586979418421714 -0.1422844912708866 
0.5 4.5 2 1 -0.07504057171630077 -0.159383024025886 
0.5 4.5 4.5 1 -0.0561823314497941 0.07205993009855757 
0.5 2.5 4.5 1 -0.2441320325011803 0.08863985780500748 
