0 0 0 1 0.3749246095925596 -0.5119025165422529 
0 0 6.5 1 0.3056619329548188 0.0748745403866803 
10 0 0 1 -0.2385941116617585 -0.4095509706999471 
10 0 6.5 1 -0.2639485306335664 -0.02228189606629713 
10 10 0 1 0.07477027906471267 -0.2841017242025966 
10 10 6.5 1 0.05030895407334719 -0.02356802456723278 
0 10 0 1 0.5215780756341061 -0.3047680073611881 
0 10 6.5 1 0.4766097046881855 0.03300246170496172 
0 5 10 1 0.3856552582793371 0.2662541266964739 
10 5 10 1 -0.0901577396401248 0.13771606351618 
0 6 0 1 0.4810186563449145 -0.362054450252048 
0 8 0 1 0.5031898079188867 -0.3307397413453202 
0 8 5 1 0.4656554450235649 -0.04467691340884109 
0 6 5 1 0.4403444183188189 -0.04651447426454342 
0 2 2.5 1 0.3946634982622246 -0.2467914684244187 
0 4 2.5 1 0.4312391189783696 -0.2219065026407224 
0 4 5 1 0.4094079326014145 -0.04876043906993941 
0 2 5 1 0.3707361089220245 -0.05156798339600758 
0.5 0.5 -0.5 1 0.3480336791293565 -0.5323562178273462 
0.5 0.5 6 1 0.2837675768723825 0.02403661028179602 
10.5 0.5 -0.5 1 -0.2335472035787911 -0.4270315215499409 
10.5 0.5 6 1 -0.2581472848061715 -0.05322892271697633 
10.5 10.5 -0.5 1 0.07021142804727362 -0.2992073278493889 
10.5 10.5 6 1 0.04646260076072267 -0.04483310676394801 
0.5 10.5 -0.5 1 0.5009401910952993 -0.3236195064407368 
0.5 10.5 6 1 0.4580080136165455 0.003871132283158839 
0.5 5.5 9.5 1 0.3664128520101568 0.2213523268850488 
10.5 5.5 9.5 1 -0.09055792589558606 0.1081801223082254 
0.5 6.5 -0.5 1 0.457905583184539 -0.3823671844539863 
0.5 8.5 -0.5 1 0.481357584703994 -0.3503522387877407 
0.5 8.5 4.5 1 0.4456706424104926 -0.07385054912671234 
0.5 6.5 4.5 1 0.4194113027610876 -0.07842293725428919 
0.5 2.5 2 1 0.3705230053038787 -0.2772630201863575 
0.5 4.5 2 1 0.4081257533078834 -0.2501623055126151 
0.5 4.5 4.5 1 0.3875641019692257 -0.08396830757743683 
0.5 2.5 4.5 1 0.3481330685150822 -0.09083420716329699 
