-0.01907729779204568 -0.07213389651748152 0.003642752668044228 0.179441937634774 
0.3890241721944667 -0.1407935747841361 0.4267353739434218 0.1606345217771034 
0.3173577095023211 -0.2671049041122218 0.3797008584044896 0.2508411812553758 
-0.2872536645671448 -0.1301870169460444 -0.2608857002313002 0.2561757999628267 
-0.01907729779204568 -0.07213389651748152 0.3890241721944667 -0.1407935747841361 
0.3890241721944667 -0.1407935747841361 0.3173577095023211 -0.2671049041122218 
0.3173577095023211 -0.2671049041122218 -0.2872536645671448 -0.1301870169460444 
-0.2872536645671448 -0.1301870169460444 -0.01907729779204568 -0.07213389651748152 
0.003642752668044228 0.179441937634774 -0.08644693684120268 0.3802235734175496 
-0.08644693684120268 0.3802235734175496 -0.2608857002313002 0.2561757999628267 
0.4267353739434218 0.1606345217771034 0.4361365853523578 0.4091113331871941 
0.4361365853523578 0.4091113331871941 0.3797008584044896 0.2508411812553758 
-0.08644693684120268 0.3802235734175496 0.4361365853523578 0.4091113331871941 
0.003642752668044228 0.179441937634774 0.4267353739434218 0.1606345217771034 
-0.2608857002313002 0.2561757999628267 0.3797008584044896 0.2508411812553758 
-0.152004924486718 -0.1009092267734114 -0.2131902464117493 -0.114154237528416 
-0.2131902464117493 -0.114154237528416 -0.1933626808219994 0.1524825908820045 
-0.1933626808219994 0.1524825908820045 -0.1326903588973299 0.1423439566897269 
-0.1326903588973299 0.1423439566897269 -0.152004924486718 -0.1009092267734114 
-0.04787551051828031 0.02228538900409853 -0.09134309755257901 0.02100122370390771 
-0.09134309755257901 0.02100122370390771 -0.08190541023920409 0.1338575496991123 
-0.08190541023920409 0.1338575496991123 -0.03877301093207616 0.1266499201814358 
-0.03877301093207616 0.1266499201814358 -0.04787551051828031 0.02228538900409853 
