0 0 0 1 -0.3078603724262216 -0.1573019719884545 
0 0 6.5 1 -0.3406490860653067 0.1215867364257278 
10 0 0 1 0.09002122621296078 -0.09858766467711497 
10 0 6.5 1 0.06832139642014233 0.1511631716386537 
10 10 0 1 0.3138450265893403 -0.1831325511789475 
10 10 6.5 1 0.2859791142013018 0.2128547184057958 
0 10 0 1 -0.3153910955924661 -0.29972926505943 
0 10 6.5 1 -0.372077679902703 0.1748824989655362 
0 5 10 1 -0.3755112954420854 0.3382851000668164 
10 5 10 1 0.1384130388486196 0.3458459948112636 
0 6 0 1 -0.3113958559134636 -0.2241679729911351 
0 8 0 1 -0.3131496737432202 -0.2573376328654353 
0 8 5 1 -0.350929511919454 0.06046753440622223 
0 6 5 1 -0.3449392607544309 0.0590388559370425 
0 2 2.5 1 -0.3224070521766574 -0.06034563850006205 
0 4 2.5 1 -0.3249210237693626 -0.07103859023801816 
0 4 5 1 -0.3401472297694607 0.0578959536941709 
0 2 5 1 -0.3362265895016453 0.05696087865612687 
0.5 0.5 -0.5 1 -0.2830271762820558 -0.1795122176754332 
0.5 0.5 6 1 -0.3157208231459138 0.1026352675426639 
10.5 0.5 -0.5 1 0.1168367445144955 -0.1177188029516856 
10.5 0.5 6 1 0.09539179144525026 0.1346445641064188 
10.5 10.5 -0.5 1 0.3606186114625509 -0.2151050594961672 
10.5 10.5 6 1 0.3336586164614973 0.1874890489475781 
0.5 10.5 -0.5 1 -0.2730790033289793 -0.34091908730599 
0.5 10.5 6 1 -0.329503266946886 0.1432001001419408 
0.5 5.5 9.5 1 -0.3439984595212737 0.3176107589071951 
10.5 5.5 9.5 1 0.1732617273101789 0.3281179457090351 
0.5 6.5 -0.5 1 -0.2783794475896435 -0.2549205708145283 
0.5 8.5 -0.5 1 -0.2760590294197807 -0.292568833947671 
0.5 8.5 4.5 1 -0.3136769190742088 0.03075867804110851 
0.5 6.5 4.5 1 -0.3117934550244915 0.03266494623666992 
0.5 2.5 2 1 -0.2952920951283545 -0.08338509283224498 
0.5 4.5 2 1 -0.2951176524048787 -0.09656616291648985 
0.5 4.5 4.5 1 -0.3102927810024982 0.03418378975293498 
0.5 2.5 4.5 1 -0.3090689658094086 0.03542242235661096 
