0 0 0 1 0.2554772211813056 -0.2030473564629768 
0 0 6.5 1 0.2951894553297997 0.1700696690478615 
10 0 0 1 -0.3329456149976798 -0.2933086977867282 
10 0 6.5 1 -0.327276332949464 0.2217744737165031 
10 10 0 1 -0.4184311346371201 -0.09837808435261754 
10 10 6.5 1 -0.4193505929256847 0.2090290833224834 
0 10 0 1 -0.008274627874232663 -0.07312236676950196 
0 10 6.5 1 0.00732782701409383 0.1774260682536835 
0 5 10 1 0.135386861512881 0.3481943918371326 
10 5 10 1 -0.3851281656236167 0.4415526776464738 
0 6 0 1 0.07322286170767561 -0.113268286246047 
0 8 0 1 0.0296016158870443 -0.09178032347362811 
0 8 5 1 0.04359429670671817 0.1124854905497615 
0 6 5 1 0.08984742825242625 0.1062780720976532 
0 2 2.5 1 0.1957823388714668 -0.04132410642440056 
0 4 2.5 1 0.1338054997525681 -0.02185566884326546 
0 4 5 1 0.1439814584363544 0.09901299475864894 
0 2 5 1 0.2081981584560819 0.09039476902312137 
0.5 0.5 -0.5 1 0.2121245986838317 -0.2234039548131613 
0.5 0.5 6 1 0.2486113940156306 0.1424851590269268 
10.5 0.5 -0.5 1 -0.3798007119190887 -0.3191640730616714 
10.5 0.5 6 1 -0.3781482816959285 0.1822158535104139 
10.5 10.5 -0.5 1 -0.4456164393474132 -0.1164037636158944 
10.5 10.5 6 1 -0.4478412513025719 0.1861035874816545 
0.5 10.5 -0.5 1 -0.03479503311264463 -0.08817744227174956 
0.5 10.5 6 1 -0.02040471195304998 0.1591068431990357 
0.5 5.5 9.5 1 0.09943749700410658 0.3233125972208207 
10.5 5.5 9.5 1 -0.422918135208715 0.4076383450680414 
0.5 6.5 -0.5 1 0.04176637913896895 -0.1301066023741937 
0.5 8.5 -0.5 1 0.000816751392828938 -0.1076803768461085 
0.5 8.5 4.5 1 0.01372342152514588 0.09376027972635242 
0.5 6.5 4.5 1 0.05709583977135073 0.08617650602481929 
0.5 2.5 2 1 0.156300330855448 -0.06254809789977464 
0.5 4.5 2 1 0.09838585358712562 -0.04158113227401403 
0.5 4.5 4.5 1 0.1077605809208255 0.07731765177917228 
0.5 2.5 4.5 1 0.1677255603027393 0.06683262806967862 
