0 0 0 1 -0.05532558744643033 -0.03920060727445179 
0 0 6.5 1 -0.03887011968349906 0.2124189428002312 
10 0 0 1 0.3445602230526592 -0.09492920999495921 
10 0 6.5 1 0.3797029093268861 0.1927647838653276 
10 10 0 1 0.3253845056528998 -0.236547937007095 
10 10 6.5 1 0.384957413102142 0.2522204676549531 
0 10 0 1 -0.2905342890686471 -0.1221554132511934 
0 10 6.5 1 -0.2775821581781391 0.2708584974760052 
0 5 10 1 -0.1220786779345676 0.4114601835138981 
10 5 10 1 0.4073610871974556 0.4253724788751446 
0 6 0 1 -0.1710123427225119 -0.08000170124681727 
0 8 0 1 -0.2248537030788437 -0.09899079293891414 
0 8 5 1 -0.2135442961706941 0.1696957816759166 
0 6 5 1 -0.1589111358141568 0.164289669896991 
0 2 2.5 1 -0.08178881745480891 0.05117863091074279 
0 4 2.5 1 -0.1199307042744014 0.04609762149948955 
0 4 5 1 -0.1135949932563809 0.1598055044110792 
0 2 5 1 -0.07539977193561116 0.1560259750092775 
0.5 0.5 -0.5 1 -0.04650661377871056 -0.06352975438256611 
0.5 0.5 6 1 -0.02935965423719052 0.1929466295740755 
10.5 0.5 -0.5 1 0.364814271306196 -0.124319491592494 
10.5 0.5 6 1 0.4017235771154172 0.1697305208990858 
10.5 10.5 -0.5 1 0.3592905276388235 -0.2930966134326891 
10.5 10.5 6 1 0.4241254463425017 0.2142730896548431 
0.5 10.5 -0.5 1 -0.284811944715313 -0.1631811494793709 
0.5 10.5 6 1 -0.2710583287276088 0.2418070534247408 
0.5 5.5 9.5 1 -0.1124740588475457 0.3926187458134181 
10.5 5.5 9.5 1 0.437273982968364 0.4031394633253162 
0.5 6.5 -0.5 1 -0.1629922923015711 -0.1122402063392161 
0.5 8.5 -0.5 1 -0.2176818759937026 -0.135109578546564 
0.5 8.5 4.5 1 -0.2057286946082203 0.1408122083051894 
0.5 6.5 4.5 1 -0.1502561070417889 0.1380196142640177 
0.5 2.5 2 1 -0.07277818106360531 0.02673858596861186 
0.5 4.5 2 1 -0.1111401621225857 0.01941945753109688 
0.5 4.5 4.5 1 -0.1044947819870196 0.1357159033813943 
0.5 2.5 4.5 1 -0.06609983122879028 0.1337830295890891 
