0 0 0 1 -0.7200903810306168 -0.5571762045462461 
0 0 6.5 1 -0.6367748848043803 -0.03461223042466294 
10 0 0 1 -0.2342719229718923 -0.3911226291786962 
10 0 6.5 1 -0.2036456221375273 -0.08805001145369655 
10 10 0 1 0.2379047622412063 -0.4883433087032139 
10 10 6.5 1 0.2530074287358103 -0.1157816492480491 
0 10 0 1 0.03525168097007637 -0.8371724963412598 
0 10 6.5 1 0.08394456355230173 -0.0668627493681864 
0 5 10 1 -0.303915729148777 0.2495266801619602 
10 5 10 1 0.01500172439949561 0.06796723942271952 
0 6 0 1 -0.3383209721700887 -0.6986935702263586 
0 8 0 1 -0.1675150541358178 -0.7620092864722718 
0 8 5 1 -0.1187069569182615 -0.2098849328333999 
0 6 5 1 -0.2825201030837532 -0.1913120784828269 
0 2 2.5 1 -0.5776257686977994 -0.3735688467596982 
0 4 2.5 1 -0.4530778822541927 -0.4029798856168365 
0 4 5 1 -0.423781951017127 -0.1752960517574209 
0 2 5 1 -0.5468493847594443 -0.1613428765959736 
0.5 0.5 -0.5 1 -0.6599678993940482 -0.5947073637786093 
0.5 0.5 6 1 -0.5817001028954102 -0.0772195832043396 
10.5 0.5 -0.5 1 -0.2037311107766579 -0.4143496695300408 
10.5 0.5 6 1 -0.1745324675823641 -0.1129750362004721 
10.5 10.5 -0.5 1 0.270117993636078 -0.5156811075171369 
10.5 10.5 6 1 0.2835733210064352 -0.1457056204713451 
0.5 10.5 -0.5 1 0.106029946124282 -0.8856258974369379 
0.5 10.5 6 1 0.1473106822965795 -0.1265343796057807 
0.5 5.5 9.5 1 -0.2472407243761533 0.196944149580888 
10.5 5.5 9.5 1 0.04420396648523026 0.03982856410863832 
0.5 6.5 -0.5 1 -0.2714472972636007 -0.7422637107437339 
0.5 8.5 -0.5 1 -0.09852624210193073 -0.8079374461212052 
0.5 8.5 4.5 1 -0.05518484185745611 -0.2633315514515998 
0.5 6.5 4.5 1 -0.2207109996792568 -0.2412065607444011 
0.5 2.5 2 1 -0.5174930960842193 -0.4154337486752271 
0.5 4.5 2 1 -0.3908707224478163 -0.4472622683940263 
0.5 4.5 4.5 1 -0.3638260620661358 -0.2220771405546405 
0.5 2.5 4.5 1 -0.488792907575118 -0.2053734948470495 
