0 0 0 1 -0.08697540919926164 -0.03571030277436569 
0 0 6.5 1 -0.07763943367242726 0.2156319680254339 
10 0 0 1 0.3072527343220106 -0.07898061979222074 
10 0 6.5 1 0.3368038141335737 0.1984449568783485 
10 10 0 1 0.3250207811770899 -0.2365917816526494 
10 10 6.5 1 0.3773283654251552 0.2273441931266833 
0 10 0 1 -0.2941922336367288 -0.1451078456100592 
0 10 6.5 1 -0.2937486044600236 0.2502295352265942 
0 5 10 1 -0.1564722872489591 0.4085090131869153 
10 5 10 1 0.3740381925877447 0.4143209196718758 
0 6 0 1 -0.1884234093624956 -0.08926851154231237 
0 8 0 1 -0.2359481070552472 -0.1143585840579499 
0 8 5 1 -0.2328853389396434 0.1545960613224077 
0 6 5 1 -0.1836167332451906 0.154951110513767 
0 2 2.5 1 -0.112266575377947 0.05052839217378008 
0 4 2.5 1 -0.145999257644796 0.04127290195100765 
0 4 5 1 -0.1429764481300479 0.1552439805912405 
0 2 5 1 -0.1088803830074306 0.155489690413544 
0.5 0.5 -0.5 1 -0.07627133336766045 -0.0601668244930441 
0.5 0.5 6 1 -0.06626224611893244 0.1953430285902573 
10.5 0.5 -0.5 1 0.3278867906721959 -0.1070722726466797 
10.5 0.5 6 1 0.3591538368542204 0.1754267092047267 
10.5 10.5 -0.5 1 0.3605423859624795 -0.2899594739488908 
10.5 10.5 6 1 0.4180756349784471 0.1882606064779447 
0.5 10.5 -0.5 1 -0.2838262781780144 -0.1872580606468288 
0.5 10.5 6 1 -0.2826162341493781 0.2184575408394653 
0.5 5.5 9.5 1 -0.1440623935947339 0.3877743874598719 
10.5 5.5 9.5 1 0.404626768320631 0.3906300138876649 
0.5 6.5 -0.5 1 -0.1772957914308971 -0.1220267010127503 
0.5 8.5 -0.5 1 -0.2250095153007822 -0.1512430425153091 
0.5 8.5 4.5 1 -0.2213213014948978 0.1239160384639971 
0.5 6.5 4.5 1 -0.1718701842089573 0.1273039024279899 
0.5 2.5 2 1 -0.1010606533057641 0.02555155881008302 
0.5 4.5 2 1 -0.1346156688163771 0.01387795087225961 
0.5 4.5 4.5 1 -0.1312908923869628 0.1300839633850185 
0.5 2.5 4.5 1 -0.09739247339049947 0.1324063220789665 
