0 0 0 1 0.2572391829162743 -0.02649710707227427 
0 0 6.5 1 0.2710340230355689 0.3535260511475833 
10 0 0 1 -0.2306729704920717 -0.1741975782046279 
10 0 6.5 1 -0.2703498243272621 0.4474690495063858 
10 10 0 1 -0.5216945301272785 -0.03482877084885186 
10 10 6.5 1 -0.566709655346894 0.3380723083466705 
0 10 0 1 -0.0928154932178502 0.03333207289636685 
0 10 6.5 1 -0.1019333567623741 0.3033655889144098 
0 5 10 1 0.0510339727122872 0.51114483113119 
10 5 10 1 -0.4863838558707245 0.6680060590030337 
0 6 0 1 0.02042772616099497 0.01397724231027499 
0 8 0 1 -0.03958712465655965 0.02423460938792219 
0 8 5 1 -0.0446398782280067 0.2418438562280271 
0 6 5 1 0.01781414416793786 0.2456260241229062 
0 2 2.5 1 0.169102488185819 0.1184943412197569 
0 4 2.5 1 0.08889796115156055 0.1231417762615483 
0 4 5 1 0.08919461048948364 0.2499487706440393 
0 2 5 1 0.1715625735388445 0.2549369115749283 
0.5 0.5 -0.5 1 0.216930545097253 -0.05390349727484638 
0.5 0.5 6 1 0.2275696874853649 0.3214873301488162 
10.5 0.5 -0.5 1 -0.2903569976429507 -0.2166154114332302 
10.5 0.5 6 1 -0.3371989465027017 0.3926415199734199 
10.5 10.5 -0.5 1 -0.5565861045194458 -0.06175102248940396 
10.5 10.5 6 1 -0.6039108102373092 0.3066795202283986 
0.5 10.5 -0.5 1 -0.1202115001842866 0.01337069183581566 
0.5 10.5 6 1 -0.1307509755151509 0.2810624529923124 
0.5 5.5 9.5 1 0.01514016204013257 0.4828524450147552 
10.5 5.5 9.5 1 -0.5365151387210528 0.6234047986110278 
0.5 6.5 -0.5 1 -0.01101532097133585 -0.008418594055237308 
0.5 8.5 -0.5 1 -0.06886985085845333 0.003125847342702762 
0.5 8.5 4.5 1 -0.07516115940892998 0.2187464897677462 
0.5 6.5 4.5 1 -0.01506191693274547 0.2209762793990998 
0.5 2.5 2 1 0.1312787914804353 0.09156196039637053 
0.5 4.5 2 1 0.0541401406539211 0.09805152567649296 
0.5 4.5 4.5 1 0.0535786162001873 0.2235229662251617 
0.5 2.5 4.5 1 0.1327205549616786 0.2264592740251397 
