0 0 0 1 0.2558326965878245 -0.2231665196254448 
0 0 6.5 1 0.2972625955838823 0.1512256731529822 
10 0 0 1 -0.3418905695390875 -0.3015212085060344 
10 0 6.5 1 -0.3306333701688413 0.2059626315796632 
10 10 0 1 -0.4071263337486067 -0.1074382859511854 
10 10 6.5 1 -0.4034913855056599 0.1946414996131585 
0 10 0 1 0.001553349582155293 -0.0884448624330068 
0 10 6.5 1 0.01937688320954447 0.1609031591111798 
0 5 10 1 0.1441308888100254 0.3294146315025565 
10 5 10 1 -0.3732953430519701 0.4207861805142965 
0 6 0 1 0.07966595495370868 -0.129830290574129 
0 8 0 1 0.03780588412247479 -0.1076520909720554 
0 8 5 1 0.05348532844357586 0.0960509947050099 
0 6 5 1 0.09794085295470735 0.08942094527572247 
0 2 2.5 1 0.1990346702994029 -0.05941447791744665 
0 4 2.5 1 0.1391415490592751 -0.03907784874202914 
0 4 5 1 0.1501091668299445 0.08164061868102002 
0 2 5 1 0.212188117166953 0.07238223035293755 
0.5 0.5 -0.5 1 0.2121953220012165 -0.2429104058260083 
0.5 0.5 6 1 0.250536198169784 0.1240329416535211 
10.5 0.5 -0.5 1 -0.387364041079044 -0.3262413053454553 
10.5 0.5 6 1 -0.3797537118287737 0.1676344011874808 
10.5 10.5 -0.5 1 -0.4336288599557118 -0.1248248967808987 
10.5 10.5 6 1 -0.4311957531767813 0.172407336287883 
0.5 10.5 -0.5 1 -0.02488433490553384 -0.1031013502384446 
0.5 10.5 6 1 -0.008208719453130025 0.1429340845111109 
0.5 5.5 9.5 1 0.1083131291079224 0.3048780668525722 
10.5 5.5 9.5 1 -0.4098711760933578 0.3878743337130541 
0.5 6.5 -0.5 1 0.04821830106849216 -0.1462109558024091 
0.5 8.5 -0.5 1 0.009073359577238902 -0.1231266584302598 
0.5 8.5 4.5 1 0.02372223943795444 0.07769908809219606 
0.5 6.5 4.5 1 0.06526207796728989 0.06970800101477975 
0.5 2.5 2 1 0.1594472219180375 -0.08015821422242399 
0.5 4.5 2 1 0.1037032047830792 -0.05835565497055814 
0.5 4.5 4.5 1 0.1139084707434371 0.06034981440551162 
0.5 2.5 4.5 1 0.1716556669716556 0.04924089126392419 
