0 0 0 1 0.382500980505573 -0.6842068402010616 
0 0 6.5 1 0.3544831115609672 -0.1557473896825521 
10 0 0 1 -0.3436526200230904 -0.6022747998395587 
10 0 6.5 1 -0.309494815732472 -0.1517228993680986 
10 10 0 1 -0.118396025350979 -0.444263562208413 
10 10 6.5 1 -0.1083927549857201 -0.1712635703622612 
0 10 0 1 0.3138537379688917 -0.4752055078642543 
0 10 6.5 1 0.3011117643872147 -0.1754290068889933 
0 5 10 1 0.3123143149064892 0.01678993996547007 
10 5 10 1 -0.1770400190068833 0.002472161996178469 
0 6 0 1 0.3326387597667081 -0.532397820893022 
0 8 0 1 0.3223514771946983 -0.5010774694233121 
0 8 5 1 0.31112749324529 -0.24511217333946 
0 6 5 1 0.3197669789000755 -0.2492570414943855 
0 2 2.5 1 0.3521860657309011 -0.4344412961919275 
0 4 2.5 1 0.3376161048241041 -0.4080719574734489 
0 4 5 1 0.3303243634929396 -0.2543220382947478 
0 2 5 1 0.3435180219356841 -0.2606518103334346 
0.5 0.5 -0.5 1 0.3379950621302706 -0.7049186640111175 
0.5 0.5 6 1 0.3149343864906007 -0.1927423131828248 
10.5 0.5 -0.5 1 -0.3583396117367831 -0.6226967251123309 
10.5 0.5 6 1 -0.3240551008671744 -0.1839941631312924 
10.5 10.5 -0.5 1 -0.131834100213379 -0.4598777869106536 
10.5 10.5 6 1 -0.1213579236992192 -0.191245907941355 
0.5 10.5 -0.5 1 0.2897712200350722 -0.4916340357080856 
0.5 10.5 6 1 0.2785819553995476 -0.1971241978916917 
0.5 5.5 9.5 1 0.2848119322913817 -0.01418964611856086 
10.5 5.5 9.5 1 -0.1909077008547643 -0.02514891183550506 
0.5 6.5 -0.5 1 0.3031265840052997 -0.5507022002607667 
0.5 8.5 -0.5 1 0.2958278237982705 -0.5184212103977838 
0.5 8.5 4.5 1 0.2860637292131569 -0.2674540238584264 
0.5 6.5 4.5 1 0.2920469502775803 -0.2736727808836797 
0.5 2.5 2 1 0.3156253486253872 -0.4598469145147469 
0.5 4.5 2 1 0.305526036176033 -0.4314026582145848 
0.5 4.5 4.5 1 0.2993218890255316 -0.2812341054545061 
0.5 2.5 4.5 1 0.3083574665750649 -0.2906253782753435 
