0.3933270715110053 -0.4848722636983424 0.3262809643373079 0.07796219312787289 
-0.2556231394486391 -0.4178560774087509 -0.2692332077316385 -0.02119414601674295 
0.03719860916992497 -0.3070820375901321 0.01788677645138752 -0.04661640993789808 
0.4788974908399686 -0.3175373578872393 0.4358451308585569 0.005508870994840715 
0.3933270715110053 -0.4848722636983424 -0.2556231394486391 -0.4178560774087509 
-0.2556231394486391 -0.4178560774087509 0.03719860916992497 -0.3070820375901321 
0.03719860916992497 -0.3070820375901321 0.4788974908399686 -0.3175373578872393 
0.4788974908399686 -0.3175373578872393 0.3933270715110053 -0.4848722636983424 
0.3262809643373079 0.07796219312787289 0.3693297357965355 0.2352886729538815 
0.3693297357965355 0.2352886729538815 0.4358451308585569 0.005508870994840715 
-0.2692332077316385 -0.02119414601674295 -0.1061744096715544 0.1221739850115298 
-0.1061744096715544 0.1221739850115298 0.01788677645138752 -0.04661640993789808 
0.3693297357965355 0.2352886729538815 -0.1061744096715544 0.1221739850115298 
0.3262809643373079 0.07796219312787289 -0.2692332077316385 -0.02119414601674295 
0.4358451308585569 0.005508870994840715 0.01788677645138752 -0.04661640993789808 
0.4553905647442616 -0.3635056877724975 0.4682551859400785 -0.3383486277396168 
0.4682551859400785 -0.3383486277396168 0.4321480744104855 -0.06371961336972985 
0.4321480744104855 -0.06371961336972985 0.4161856260569856 -0.06034487803500342 
0.4161856260569856 -0.06034487803500342 0.4553905647442616 -0.3635056877724975 
0.395255817546292 -0.2374393311746468 0.4176052511736749 -0.2214885552309745 
0.4176052511736749 -0.2214885552309745 0.3966684377035551 -0.05621860970121165 
0.3966684377035551 -0.05621860970121165 0.3722602978589166 -0.05105831034333864 
0.3722602978589166 -0.05105831034333864 0.395255817546292 -0.2374393311746468 
