0 0 0 1 -0.4199674468144408 -0.3827199493584503 
0 0 6.5 1 -0.4176357610423514 0.2558471973450094 
10 0 0 1 -0.2522553533017846 -0.1212002003524152 
10 0 6.5 1 -0.2427260545115889 0.2047224848744324 
10 10 0 1 0.228968856633168 -0.1419842572003612 
10 10 6.5 1 0.2611833132942195 0.1695537757229861 
0 10 0 1 0.4947940396497783 -0.4024726157858199 
0 10 6.5 1 0.5828044629735231 0.1828955259098115 
0 5 10 1 0.1339077726924887 0.5989821935267645 
10 5 10 1 0.02689467268907957 0.3715771860557815 
0 6 0 1 0.1455161377777728 -0.3949305734193487 
0 8 0 1 0.322760816706578 -0.3987578607185105 
0 8 5 1 0.3777326079800222 0.04929324027240067 
0 6 5 1 0.1884474447279931 0.06068150986184129 
0 2 2.5 1 -0.2176901525345135 -0.159723600019789 
0 4 2.5 1 -0.02267417346230786 -0.1675564512388964 
0 4 5 1 -0.007091861182304091 0.07244605755686361 
0 2 5 1 -0.2092004797764047 0.08460584544174091 
0.5 0.5 -0.5 1 -0.3580661743717901 -0.4018139225431667 
0.5 0.5 6 1 -0.3499383981723978 0.1963528756225321 
10.5 0.5 -0.5 1 -0.2244331464612757 -0.1389039447683482 
10.5 0.5 6 1 -0.2138459321924882 0.1762096037163926 
10.5 10.5 -0.5 1 0.2422519193851437 -0.1584313337091033 
10.5 10.5 6 1 0.2741403474736068 0.1432087213376068 
0.5 10.5 -0.5 1 0.5054786567603035 -0.4192222978087745 
0.5 10.5 6 1 0.5895238305686477 0.131989648971136 
0.5 5.5 9.5 1 0.1686594295408481 0.5179061053848673 
10.5 5.5 9.5 1 0.04765380162153213 0.3377895623233814 
0.5 6.5 -0.5 1 0.1749286896375147 -0.4125586740289134 
0.5 8.5 -0.5 1 0.3425414639408968 -0.4159376139162123 
0.5 8.5 4.5 1 0.3958026330086383 0.006071963582662467 
0.5 6.5 4.5 1 0.2174651335317886 0.01615541237307178 
0.5 2.5 2 1 -0.1659716631166738 -0.1917046589977123 
0.5 4.5 2 1 0.01747839701106288 -0.1986229577776752 
0.5 4.5 4.5 1 0.03357255768722019 0.02655295286177797 
0.5 2.5 4.5 1 -0.156138755497853 0.03727949280472086 
