0.04046184077075377 -0.2786719206146298 0.06467689132028916 -0.01806984071318599 
0.4747977005698039 -0.3939707567373514 0.4988534660538276 -0.0459971151003306 
0.2498605671617024 -0.5851960302209707 0.2979377098732121 0.01327594316056712 
-0.3024148681111121 -0.3469786937696709 -0.2602987780682285 0.03260623476537491 
0.04046184077075377 -0.2786719206146298 0.4747977005698039 -0.3939707567373514 
0.4747977005698039 -0.3939707567373514 0.2498605671617024 -0.5851960302209707 
0.2498605671617024 -0.5851960302209707 -0.3024148681111121 -0.3469786937696709 
-0.3024148681111121 -0.3469786937696709 0.04046184077075377 -0.2786719206146298 
0.06467689132028916 -0.01806984071318599 -0.05163709635381467 0.1647966859321505 
-0.05163709635381467 0.1647966859321505 -0.2602987780682285 0.03260623476537491 
0.4988534660538276 -0.0459971151003306 0.441251803582348 0.2044594896627032 
0.441251803582348 0.2044594896627032 0.2979377098732121 0.01327594316056712 
-0.05163709635381467 0.1647966859321505 0.441251803582348 0.2044594896627032 
0.06467689132028916 -0.01806984071318599 0.4988534660538276 -0.0459971151003306 
-0.2602987780682285 0.03260623476537491 0.2979377098732121 0.01327594316056712 
-0.1332576493420693 -0.3132797475575628 -0.2107019848199453 -0.3287079540195326 
-0.2107019848199453 -0.3287079540195326 -0.1821801304513785 -0.05999478582645622 
-0.1821801304513785 -0.05999478582645622 -0.107955527472057 -0.06539671406164239 
-0.107955527472057 -0.06539671406164239 -0.1332576493420693 -0.3132797475575628 
0.0006654071978220161 -0.1807267903642804 -0.05558208033291646 -0.1843383618274707 
-0.05558208033291646 -0.1843383618274707 -0.04431280288700527 -0.07002851291405177 
-0.04431280288700527 -0.07002851291405177 0.01086038789615744 -0.07404391488528106 
0.01086038789615744 -0.07404391488528106 0.0006654071978220161 -0.1807267903642804 
