0.2759626030334848 -0.2251507517856641 0.2502581538851044 0.124435877088712 
0.06030621601025206 -0.539274104465718 -0.001028603340558962 0.1257183594652818 
-0.5732990527449794 -0.3995225421794197 -0.6363593754651167 0.04982132955388047 
-0.1596960295433945 -0.2009150738182277 -0.1894678881017466 0.07825695204252624 
0.2759626030334848 -0.2251507517856641 0.06030621601025206 -0.539274104465718 
0.06030621601025206 -0.539274104465718 -0.5732990527449794 -0.3995225421794197 
-0.5732990527449794 -0.3995225421794197 -0.1596960295433945 -0.2009150738182277 
-0.1596960295433945 -0.2009150738182277 0.2759626030334848 -0.2251507517856641 
0.2502581538851044 0.124435877088712 -0.01036242985736235 0.2720744823717131 
-0.01036242985736235 0.2720744823717131 -0.1894678881017466 0.07825695204252624 
-0.001028603340558962 0.1257183594652818 -0.4190700114321876 0.387973366905254 
-0.4190700114321876 0.387973366905254 -0.6363593754651167 0.04982132955388047 
-0.01036242985736235 0.2720744823717131 -0.4190700114321876 0.387973366905254 
0.2502581538851044 0.124435877088712 -0.001028603340558962 0.1257183594652818 
-0.1894678881017466 0.07825695204252624 -0.6363593754651167 0.04982132955388047 
-0.007997963109650844 -0.2093540331580778 -0.0869854298556034 -0.2049599625156679 
-0.0869854298556034 -0.2049599625156679 -0.1094979598424703 0.01766072848210187 
-0.1094979598424703 0.01766072848210187 -0.03009795702096338 0.02296824482683895 
-0.03009795702096338 0.02296824482683895 -0.007997963109650844 -0.2093540331580778 
0.1621056142513796 -0.09336111116771323 0.0674560955269958 -0.09380716281932629 
0.0674560955269958 -0.09380716281932629 0.056598534292324 0.02876349707274938 
0.056598534292324 0.02876349707274938 0.1516457221840109 0.03511695406683126 
0.1516457221840109 0.03511695406683126 0.1621056142513796 -0.09336111116771323 
