-0.4444460904314103 -0.4339333750488686 -0.4555361717656199 -0.09510087712631386 
-0.007410234682357677 -0.3337508252631509 -0.02839056291231989 -0.07106171520546391 
0.319991816235548 -0.4183276877584477 0.2752218086437577 -0.02521488238424321 
-0.2834191024607997 -0.6370322905119706 -0.3122885377796695 -0.04468604131958555 
-0.4444460904314103 -0.4339333750488686 -0.007410234682357677 -0.3337508252631509 
-0.007410234682357677 -0.3337508252631509 0.319991816235548 -0.4183276877584477 
0.319991816235548 -0.4183276877584477 -0.2834191024607997 -0.6370322905119706 
-0.2834191024607997 -0.6370322905119706 -0.4444460904314103 -0.4339333750488686 
-0.4555361717656199 -0.09510087712631386 -0.4110570816367461 0.1398136068584842 
-0.4110570816367461 0.1398136068584842 -0.3122885377796695 -0.04468604131958555 
-0.02839056291231989 -0.07106171520546391 0.07882780050750948 0.1083706970628516 
0.07882780050750948 0.1083706970628516 0.2752218086437577 -0.02521488238424321 
-0.4110570816367461 0.1398136068584842 0.07882780050750948 0.1083706970628516 
-0.4555361717656199 -0.09510087712631386 -0.02839056291231989 -0.07106171520546391 
-0.3122885377796695 -0.04468604131958555 0.2752218086437577 -0.02521488238424321 
-0.370306940546153 -0.5274430477119398 -0.3325816761393171 -0.5750248871486034 
-0.3325816761393171 -0.5750248871486034 -0.3502082276131654 -0.1737127871557944 
-0.3502082276131654 -0.1737127871557944 -0.3845564071087446 -0.1728455907044328 
-0.3845564071087446 -0.1728455907044328 -0.370306940546153 -0.5274430477119398 
-0.429473537311845 -0.3131852886182155 -0.4061784731956206 -0.3282643630767888 
-0.4061784731956206 -0.3282643630767888 -0.4119857876029385 -0.1721530747755849 
-0.4119857876029385 -0.1721530747755849 -0.4343955827280042 -0.1715872894823439 
-0.4343955827280042 -0.1715872894823439 -0.429473537311845 -0.3131852886182155 
