-0.3186394788260301 -0.1945663721810587 -0.3511968207308488 0.08735507997477933 
0.08092302971424414 -0.1300792132013716 0.05790065148744877 0.1189704638265631 
0.3153500132835902 -0.2184094829997222 0.2841135749924071 0.1741721218019446 
-0.3111647589690404 -0.348294068545508 -0.3669942259905615 0.1326920847157047 
-0.3186394788260301 -0.1945663721810587 0.08092302971424414 -0.1300792132013716 
0.08092302971424414 -0.1300792132013716 0.3153500132835902 -0.2184094829997222 
0.3153500132835902 -0.2184094829997222 -0.3111647589690404 -0.348294068545508 
-0.3111647589690404 -0.348294068545508 -0.3186394788260301 -0.1945663721810587 
-0.3511968207308488 0.08735507997477933 -0.3798469295151886 0.3014624851681079 
-0.3798469295151886 0.3014624851681079 -0.3669942259905615 0.1326920847157047 
0.05790065148744877 0.1189704638265631 0.130700269217083 0.3088387161645826 
0.130700269217083 0.3088387161645826 0.2841135749924071 0.1741721218019446 
-0.3798469295151886 0.3014624851681079 0.130700269217083 0.3088387161645826 
-0.3511968207308488 0.08735507997477933 0.05790065148744877 0.1189704638265631 
-0.3669942259905615 0.1326920847157047 0.2841135749924071 0.1741721218019446 
-0.3151376571762347 -0.2665860579487872 -0.31339570344769 -0.3024116860640991 
-0.31339570344769 -0.3024116860640991 -0.3507618174467816 0.01999908964083431 
-0.3507618174467816 0.01999908964083431 -0.3483701718729687 0.02049888386178522 
-0.3483701718729687 0.02049888386178522 -0.3151376571762347 -0.2665860579487872 
-0.3311975406021338 -0.09729922589947504 -0.3313872748106683 -0.1094157620418528 
-0.3313872748106683 -0.1094157620418528 -0.3464579274864354 0.02089849520215259 
-0.3464579274864354 0.02089849520215259 -0.3448940721642571 0.02122530192509942 
-0.3448940721642571 0.02122530192509942 -0.3311975406021338 -0.09729922589947504 
