0 0 0 1 0.01082949890638179 -0.1536243293637616 
0 0 6.5 1 0.03621509799465873 0.09923691530802622 
10 0 0 1 0.4286847088334786 -0.2396288767817525 
10 0 6.5 1 0.4631400658448599 0.07857086447342215 
10 10 0 1 0.2923517183454816 -0.3802741371996408 
10 10 6.5 1 0.3503719605133607 0.1668994063611162 
0 10 0 1 -0.2909162892886508 -0.2083148043610731 
0 10 6.5 1 -0.2549580704361767 0.1705247849098326 
0 5 10 1 -0.06409117454637615 0.2924764713567016 
10 5 10 1 0.4452942364144331 0.3301629200818643 
0 6 0 1 -0.1402321881804123 -0.1810037849978933 
0 8 0 1 -0.208771684442142 -0.1934263531107833 
0 8 5 1 -0.1832599909391443 0.07119374257147716 
0 6 5 1 -0.1165353304895021 0.061660051256044 
0 2 2.5 1 -0.02202375070317128 -0.05759053447307905 
0 4 2.5 1 -0.07114045831718926 -0.05867674742986004 
0 4 5 1 -0.06005893379936769 0.05359064289902359 
0 2 5 1 -0.01163813541092237 0.04667222709935602 
0.5 0.5 -0.5 1 0.01552323565761599 -0.1788982499230692 
0.5 0.5 6 1 0.04162590322258828 0.08076002917819573 
10.5 0.5 -0.5 1 0.4490605643957271 -0.2746404732238935 
10.5 0.5 6 1 0.484836715840466 0.05439774401862093 
10.5 10.5 -0.5 1 0.3199355697661847 -0.4504543984211153 
10.5 10.5 6 1 0.3818168237494055 0.1295735649590832 
0.5 10.5 -0.5 1 -0.2962591980639333 -0.2489076376114096 
0.5 10.5 6 1 -0.2588440448269129 0.1453960650893393 
0.5 5.5 9.5 1 -0.06086404451497204 0.2765130119603283 
10.5 5.5 9.5 1 0.4723353082738815 0.310360394196945 
0.5 6.5 -0.5 1 -0.139502634406173 -0.2137086339125375 
0.5 8.5 -0.5 1 -0.2105393324171517 -0.2296596150880572 
0.5 8.5 4.5 1 -0.1840768213244524 0.04473201333992217 
0.5 6.5 4.5 1 -0.1149875911154371 0.03714737034080234 
0.5 2.5 2 1 -0.01793873815852422 -0.08195437791158486 
0.5 4.5 2 1 -0.068284227252091 -0.08500105732063976 
0.5 4.5 4.5 1 -0.05684576041091114 0.03076453718612709 
0.5 2.5 4.5 1 -0.007240367973705504 0.02531883759837359 
