0.2569726234110472 -0.06696157064929022 0.2537932407758995 0.3012220422955149 
-0.1430718195826484 -0.2701764468390699 -0.1950448605404503 0.370876564229681 
-0.555098498456417 -0.1316399241593783 -0.6153926540061858 0.2661527548234486 
-0.1274882880535361 -0.02326775858137875 -0.1479109044567165 0.2492898859744648 
0.2569726234110472 -0.06696157064929022 -0.1430718195826484 -0.2701764468390699 
-0.1430718195826484 -0.2701764468390699 -0.555098498456417 -0.1316399241593783 
-0.555098498456417 -0.1316399241593783 -0.1274882880535361 -0.02326775858137875 
-0.1274882880535361 -0.02326775858137875 0.2569726234110472 -0.06696157064929022 
0.2537932407758995 0.3012220422955149 0.01366644869961146 0.4544444480526233 
0.01366644869961146 0.4544444480526233 -0.1479109044567165 0.2492898859744648 
-0.1950448605404503 0.370876564229681 -0.4944776094554239 0.6071641784169854 
-0.4944776094554239 0.6071641784169854 -0.6153926540061858 0.2661527548234486 
0.01366644869961146 0.4544444480526233 -0.4944776094554239 0.6071641784169854 
0.2537932407758995 0.3012220422955149 -0.1950448605404503 0.370876564229681 
-0.1479109044567165 0.2492898859744648 -0.6153926540061858 0.2661527548234486 
0.0002790389922161298 -0.0377884586314559 -0.06701489439608539 -0.03014053294876952 
-0.06701489439608539 -0.03014053294876952 -0.08113199764902708 0.1884981033015614 
-0.08113199764902708 0.1884981033015614 -0.01197435305704307 0.193367106478958 
-0.01197435305704307 0.193367106478958 0.0002790389922161298 -0.0377884586314559 
0.1572941294055627 0.07163083796931125 0.07081061885941985 0.07369573487847354 
0.07081061885941985 0.07369573487847354 0.06580067693824397 0.1988428115930253 
0.06580067693824397 0.1988428115930253 0.1539107607576276 0.2050461500758253 
0.1539107607576276 0.2050461500758253 0.1572941294055627 0.07163083796931125 
