0.2799452709393383 -0.3659541750198623 0.2443164065861882 -0.04560241885889593 
0.6790504337410014 -0.615994249117389 0.5900355152112727 0.006161759159750789 
-0.3180227028357986 -0.801074992277692 -0.3593019926497014 -0.07211268156404509 
-0.2243098341420902 -0.4344132108474171 -0.2473896930760969 -0.08789415185070316 
0.2799452709393383 -0.3659541750198623 0.6790504337410014 -0.615994249117389 
0.6790504337410014 -0.615994249117389 -0.3180227028357986 -0.801074992277692 
-0.3180227028357986 -0.801074992277692 -0.2243098341420902 -0.4344132108474171 
-0.2243098341420902 -0.4344132108474171 0.2799452709393383 -0.3659541750198623 
0.2443164065861882 -0.04560241885889593 -0.007991678896662351 0.1053813594089555 
-0.007991678896662351 0.1053813594089555 -0.2473896930760969 -0.08789415185070316 
0.5900355152112727 0.006161759159750789 0.1151882954638477 0.3004591834413246 
0.1151882954638477 0.3004591834413246 -0.3593019926497014 -0.07211268156404509 
-0.007991678896662351 0.1053813594089555 0.1151882954638477 0.3004591834413246 
0.2443164065861882 -0.04560241885889593 0.5900355152112727 0.006161759159750789 
-0.2473896930760969 -0.08789415185070316 -0.3593019926497014 -0.07211268156404509 
-0.0135024896435912 -0.4057934360463192 -0.1172958749959188 -0.4198847065459025 
-0.1172958749959188 -0.4198847065459025 -0.1373736121726914 -0.1558018921032925 
-0.1373736121726914 -0.1558018921032925 -0.0356418042122655 -0.145914131785575 
-0.0356418042122655 -0.145914131785575 -0.0135024896435912 -0.4057934360463192 
0.1719002216461546 -0.2515116549355023 0.07504121924166146 -0.2627691623456051 
0.07504121924166146 -0.2627691623456051 0.0631412789078887 -0.1363129709596786 
0.0631412789078887 -0.1363129709596786 0.1591020101287238 -0.1269861268855653 
0.1591020101287238 -0.1269861268855653 0.1719002216461546 -0.2515116549355023 
