0 0 0 1 0.2895012259387105 -0.2714186174729086 
0 0 6.5 1 0.2532165092210942 0.0762162051594604 
10 0 0 1 0.2288286044514347 -0.5705259726220323 
10 0 6.5 1 0.1561980098861735 0.1356953546038199 
10 10 0 1 -0.5876403950793468 -0.4995663954815102 
10 10 6.5 1 -0.6341251789715293 0.02076014407930991 
0 10 0 1 -0.1835209970234371 -0.2760772716140378 
0 10 6.5 1 -0.2120336958989024 0.01956629321637771 
0 5 10 1 -0.01529831435082332 0.2162467893935891 
10 5 10 1 -0.3288279380326761 0.3872548819399241 
0 6 0 1 -0.0124751776316116 -0.2743926925897319 
0 8 0 1 -0.1006498213519946 -0.2752610982357463 
0 8 5 1 -0.1236117950380368 -0.04055426999254062 
0 6 5 1 -0.03652669401868148 -0.03220964992061206 
0 2 2.5 1 0.168665612066211 -0.1428661238943451 
0 4 2.5 1 0.06888375874884729 -0.1481286096074192 
0 4 5 1 0.05629164723764118 -0.02331566249423845 
0 2 5 1 0.1554286710815266 -0.01381620978240107 
0.5 0.5 -0.5 1 0.2625209740190877 -0.3065425300923299 
0.5 0.5 6 1 0.2257718005413351 0.04728178508158239 
10.5 0.5 -0.5 1 0.1707893364305598 -0.6539725479581602 
10.5 0.5 6 1 0.09629503095977303 0.07826754205629441 
10.5 10.5 -0.5 1 -0.6512335725073638 -0.5584997705502832 
10.5 10.5 6 1 -0.6983544945312909 -0.02418535573583592 
0.5 10.5 -0.5 1 -0.2133229037354916 -0.305910525633804 
0.5 10.5 6 1 -0.2421019468393718 -0.005802423580173554 
0.5 5.5 9.5 1 -0.04464340434441688 0.1919715316544328 
10.5 5.5 9.5 1 -0.3935582847774945 0.3465035776619375 
0.5 6.5 -0.5 1 -0.04154218618959654 -0.3061386806746759 
0.5 8.5 -0.5 1 -0.1301359635202007 -0.3060210125383645 
0.5 8.5 4.5 1 -0.15332625391435 -0.06765461790675724 
0.5 6.5 4.5 1 -0.06584808535066715 -0.0600572644979799 
0.5 2.5 2 1 0.1406662841372561 -0.1745514029510072 
0.5 4.5 2 1 0.04021530104958111 -0.1788366455380278 
0.5 4.5 4.5 1 0.02748179014950224 -0.05195169873895526 
0.5 2.5 4.5 1 0.1272708510573013 -0.04328516199619472 
