0 0 0 1 -0.04766795968096541 -0.0424162799175314 
0 0 6.5 1 -0.02969354573142899 0.2092431677139759 
10 0 0 1 0.3538008478875795 -0.1007890085809002 
10 0 6.5 1 0.3898954074390192 0.1896032994125172 
10 10 0 1 0.3248591242774369 -0.2380782199250197 
10 10 6.5 1 0.3856023944978462 0.2568982018616148 
0 10 0 1 -0.2896100089087835 -0.1190981351386291 
0 10 6.5 1 -0.2737195681373789 0.2729861504593686 
0 5 10 1 -0.114100694963926 0.4094077245904225 
10 5 10 1 0.4145589238386823 0.426243233710004 
0 6 0 1 -0.1668257106281765 -0.08018250301007795 
0 8 0 1 -0.2221773142154389 -0.09772581003785867 
0 8 5 1 -0.2089681629252167 0.170746453654531 
0 6 5 1 -0.1530801519101463 0.164033766128761 
0 2 2.5 1 -0.0744985482518217 0.0489616662418433 
0 4 2.5 1 -0.1137118626672073 0.04486258652628482 
0 4 5 1 -0.1066487770597575 0.1584569115386324 
0 2 5 1 -0.06746107112043832 0.1537500912377368 
0.5 0.5 -0.5 1 -0.03929613762074033 -0.06670238666161581 
0.5 0.5 6 1 -0.02062501487014527 0.189998131545304 
10.5 0.5 -0.5 1 0.3740036990220771 -0.1305059423504538 
10.5 0.5 6 1 0.411862960375016 0.1666095176414168 
10.5 10.5 -0.5 1 0.3583323395857487 -0.2953997578226433 
10.5 10.5 6 1 0.4242986425946227 0.219411557129599 
0.5 10.5 -0.5 1 -0.2850266077008652 -0.1598020388952391 
0.5 10.5 6 1 -0.2683035362598406 0.2446560312429132 
0.5 5.5 9.5 1 -0.1051682062171828 0.3910660979675546 
10.5 5.5 9.5 1 0.4442889982463639 0.404476120672595 
0.5 6.5 -0.5 1 -0.1595611848814313 -0.1122670822900404 
0.5 8.5 -0.5 1 -0.2159262104637549 -0.1336220419665614 
0.5 8.5 4.5 1 -0.2020583232382417 0.1423521688567023 
0.5 6.5 4.5 1 -0.1451705440009131 0.1381425185432294 
0.5 2.5 2 1 -0.06601246717642188 0.02467695611436511 
0.5 4.5 2 1 -0.1055454261665862 0.01838934098883544 
0.5 4.5 4.5 1 -0.09816921339518622 0.1346644575471656 
0.5 2.5 4.5 1 -0.0586831455855932 0.1317425200069603 
