0.2925279158488795 -0.2964987570998902 0.2537139223333019 0.04717576992383476 
0.3824128550991348 -0.5322492519803853 0.2979057181475201 0.1783684632299517 
-0.5833101120088403 -0.5321182608812853 -0.599569021726466 0.05712149979272577 
-0.2079513674237748 -0.318906735557823 -0.2280776770913747 -0.006334435758898977 
0.2925279158488795 -0.2964987570998902 0.3824128550991348 -0.5322492519803853 
0.3824128550991348 -0.5322492519803853 -0.5833101120088403 -0.5321182608812853 
-0.5833101120088403 -0.5321182608812853 -0.2079513674237748 -0.318906735557823 
-0.2079513674237748 -0.318906735557823 0.2925279158488795 -0.2964987570998902 
0.2537139223333019 0.04717576992383476 -0.01353300440805631 0.186974320060432 
-0.01353300440805631 0.186974320060432 -0.2280776770913747 -0.006334435758898977 
0.2979057181475201 0.1783684632299517 -0.2144060637007993 0.4275098107974295 
-0.2144060637007993 0.4275098107974295 -0.599569021726466 0.05712149979272577 
-0.01353300440805631 0.186974320060432 -0.2144060637007993 0.4275098107974295 
0.2537139223333019 0.04717576992383476 0.2979057181475201 0.1783684632299517 
-0.2280776770913747 -0.006334435758898977 -0.599569021726466 0.05712149979272577 
-0.01966577678897295 -0.3104766174692281 -0.1156386291846687 -0.314773613730425 
-0.1156386291846687 -0.314773613730425 -0.1337230054467372 -0.0681514881556842 
-0.1337230054467372 -0.0681514881556842 -0.04042954342003831 -0.05918830161091879 
-0.04042954342003831 -0.05918830161091879 -0.01966577678897295 -0.3104766174692281 
0.1706228543580331 -0.1690953726547613 0.06821864824293468 -0.1763338352247541 
0.06821864824293468 -0.1763338352247541 0.05654432186397138 -0.04987151964543892 
0.05654432186397138 -0.04987151964543892 0.1574207591078204 -0.04017979736023541 
0.1574207591078204 -0.04017979736023541 0.1706228543580331 -0.1690953726547613 
