0 0 0 1 0.3972305234351654 -0.4877137338409551 
0 0 6.5 1 0.3321004539565223 0.06813674906588714 
10 0 0 1 -0.262054439444168 -0.4260516986136703 
10 0 6.5 1 -0.2712348507610803 -0.02584675431776726 
10 10 0 1 0.02368580300933755 -0.3179217476823948 
10 10 6.5 1 0.006664874544255144 -0.05707574660286829 
0 10 0 1 0.463906457661818 -0.3277967265856926 
0 10 6.5 1 0.4225322221664583 -0.008780765203104215 
0 5 10 1 0.3641648280760058 0.2187692199431813 
10 5 10 1 -0.1117084797522588 0.1136631913425314 
0 6 0 1 0.4456133810761442 -0.3716712383567312 
0 8 0 1 0.4556268120042563 -0.3476548083666005 
0 8 5 1 0.4208533963450717 -0.076213563905703 
0 6 5 1 0.4077951377462508 -0.0720018757000855 
0 2 2.5 1 0.3941073966483316 -0.2442933013694133 
0 4 2.5 1 0.4120294836121899 -0.229922285233666 
0 4 5 1 0.3918308050847847 -0.06685288963337353 
0 2 5 1 0.3718688293964196 -0.06041454129379462 
0.5 0.5 -0.5 1 0.3638336607015225 -0.5143429325744878 
0.5 0.5 6 1 0.3042143262370854 0.01815733828911253 
10.5 0.5 -0.5 1 -0.2626496753878347 -0.4474161026078127 
10.5 0.5 6 1 -0.2714885531278318 -0.05945526874948575 
10.5 10.5 -0.5 1 0.0166190863341534 -0.3344818643391421 
10.5 10.5 6 1 0.0002454619032743501 -0.07888195238764779 
0.5 10.5 -0.5 1 0.4426431167198206 -0.3478075003561609 
0.5 10.5 6 1 0.4033667808643085 -0.03659920486604457 
0.5 5.5 9.5 1 0.3428368982121257 0.1774534289933507 
10.5 5.5 9.5 1 -0.11610299173103 0.08366873934771329 
0.5 6.5 -0.5 1 0.4206803043952091 -0.3942180026994326 
0.5 8.5 -0.5 1 0.432669974836093 -0.3688821477156813 
0.5 8.5 4.5 1 0.3998251761028542 -0.1047823134752938 
0.5 6.5 4.5 1 0.3851612213280817 -0.1034757943630962 
0.5 2.5 2 1 0.3658575991651722 -0.2771423516119285 
0.5 4.5 2 1 0.3862110569490598 -0.2597023552391348 
0.5 4.5 4.5 1 0.367352965415415 -0.1018891264374127 
0.5 2.5 4.5 1 0.345267642839531 -0.09992138332256875 
