-0.4817000569901551 -0.4429445632928936 -0.4824832087489779 -0.08810555855278999 
-0.03365896883452555 -0.345558127555208 -0.05050270320505306 -0.07847713663438474 
0.312686090972642 -0.4173950672896697 0.269905046263436 -0.02499967994680939 
-0.2753282238781437 -0.6296268466482259 -0.2932883554077217 -0.01310685731012592 
-0.4817000569901551 -0.4429445632928936 -0.03365896883452555 -0.345558127555208 
-0.03365896883452555 -0.345558127555208 0.312686090972642 -0.4173950672896697 
0.312686090972642 -0.4173950672896697 -0.2753282238781437 -0.6296268466482259 
-0.2753282238781437 -0.6296268466482259 -0.4817000569901551 -0.4429445632928936 
-0.4824832087489779 -0.08810555855278999 -0.4149624169099722 0.1606282039469965 
-0.4149624169099722 0.1606282039469965 -0.2932883554077217 -0.01310685731012592 
-0.05050270320505306 -0.07847713663438474 0.06693042371187595 0.1033825493642132 
0.06693042371187595 0.1033825493642132 0.269905046263436 -0.02499967994680939 
-0.4149624169099722 0.1606282039469965 0.06693042371187595 0.1033825493642132 
-0.4824832087489779 -0.08810555855278999 -0.05050270320505306 -0.07847713663438474 
-0.2932883554077217 -0.01310685731012592 0.269905046263436 -0.02499967994680939 
-0.38662680137153 -0.5289470578061678 -0.3382864894255736 -0.572675311202464 
-0.3382864894255736 -0.572675311202464 -0.3471334832532922 -0.1525488634972909 
-0.3471334832532922 -0.1525488634972909 -0.392117683419683 -0.1573457450331465 
-0.392117683419683 -0.1573457450331465 -0.38662680137153 -0.5289470578061678 
-0.4568487847116907 -0.312167841813326 -0.4265714271937011 -0.3239765567222658 
-0.4265714271937011 -0.3239765567222658 -0.4281585299591337 -0.1611889537744873 
-0.4281585299591337 -0.1611889537744873 -0.4576819299320652 -0.1643371758542842 
-0.4576819299320652 -0.1643371758542842 -0.4568487847116907 -0.312167841813326 
