0 0 0 1 0.02095527080144041 -0.2439073475338476 
0 0 6.5 1 -0.01559043569152758 0.4491045573378942 
10 0 0 1 -0.2464226562560628 -0.06473148397231114 
10 0 6.5 1 -0.2814585025461585 0.2960906118168664 
10 10 0 1 0.1789534614936188 0.002603737622730422 
10 10 6.5 1 0.172130448399511 0.2909978427388012 
0 10 0 1 0.6141801802206016 -0.07930991366598811 
0 10 6.5 1 0.6380379818262929 0.3879666277606196 
0 5 10 1 0.382707520371247 0.7602174895632845 
10 5 10 1 -0.03859615109351104 0.4808502415780382 
0 6 0 1 0.4289789077342492 -0.1306962491288111 
0 8 0 1 0.5278932971882438 -0.1032512541223225 
0 8 5 1 0.5415871012242637 0.2736987179751947 
0 6 5 1 0.4367834083278313 0.2738454189013702 
0 2 2.5 1 0.1747589000795537 0.02776806080209429 
0 4 2.5 1 0.3143121767461091 0.04774465106295138 
0 4 5 1 0.3141678691474785 0.2740170522919897 
0 2 5 1 0.1687779824354555 0.2742205645008419 
0.5 0.5 -0.5 1 0.04049135873872636 -0.2611928748836173 
0.5 0.5 6 1 0.009019406987050343 0.3756459815896064 
10.5 0.5 -0.5 1 -0.2252822760636071 -0.08121167604054365 
10.5 0.5 6 1 -0.2576211527863415 0.2638118888186081 
10.5 10.5 -0.5 1 0.1827045477352676 -0.01278632873312023 
10.5 10.5 6 1 0.1762827726710136 0.265438783570056 
0.5 10.5 -0.5 1 0.5987565567477593 -0.09940336651823843 
0.5 10.5 6 1 0.6201804194589726 0.3417274625601097 
0.5 5.5 9.5 1 0.3771653523515012 0.6774491671062798 
10.5 5.5 9.5 1 -0.02593876522537574 0.4444532855676424 
0.5 6.5 -0.5 1 0.4217392283436154 -0.150704337162294 
0.5 8.5 -0.5 1 0.5159682437390445 -0.1233960504753393 
0.5 8.5 4.5 1 0.5281693331554288 0.2314624054710387 
0.5 6.5 4.5 1 0.4286009687796617 0.2284888257109793 
0.5 2.5 2 1 0.1830884913151814 -0.006940153679210648 
0.5 4.5 2 1 0.3133643003515886 0.01446504407873673 
0.5 4.5 4.5 1 0.3131953728159833 0.2250422717125618 
0.5 2.5 4.5 1 0.1778474946518662 0.2210001473530925 
