-0.02313549060776182 -0.2354988578943605 -0.05731228764523962 0.4653306242715438 
-0.2478176996668249 -0.04766556497173795 -0.2797433329746973 0.3125804411555974 
0.1874001617890681 0.01178102217416653 0.1850424179645341 0.3046532416451837 
0.6161468630384491 -0.08217249775665172 0.6507948443030875 0.4017097514643342 
-0.02313549060776182 -0.2354988578943605 -0.2478176996668249 -0.04766556497173795 
-0.2478176996668249 -0.04766556497173795 0.1874001617890681 0.01178102217416653 
0.1874001617890681 0.01178102217416653 0.6161468630384491 -0.08217249775665172 
0.6161468630384491 -0.08217249775665172 -0.02313549060776182 -0.2354988578943605 
-0.05731228764523962 0.4653306242715438 0.3748421538840757 0.7897661956247428 
0.3748421538840757 0.7897661956247428 0.6507948443030875 0.4017097514643342 
-0.2797433329746973 0.3125804411555974 -0.03049644021650344 0.4985736081504035 
-0.03049644021650344 0.4985736081504035 0.1850424179645341 0.3046532416451837 
0.3748421538840757 0.7897661956247428 -0.03049644021650344 0.4985736081504035 
-0.05731228764523962 0.4653306242715438 -0.2797433329746973 0.3125804411555974 
0.6507948443030875 0.4017097514643342 0.1850424179645341 0.3046532416451837 
0.4131469470591293 -0.1308602771828222 0.5211729254177031 -0.1049511777566218 
0.5211729254177031 -0.1049511777566218 0.5421933350431275 0.2831809634428157 
0.5421933350431275 0.2831809634428157 0.427307214047273 0.2840011891725113 
0.427307214047273 0.2840011891725113 0.4131469470591293 -0.1308602771828222 
0.1417030497010416 0.03498293360108053 0.2915122828489064 0.05318525569695257 
0.2915122828489064 0.05318525569695257 0.294040998698418 0.2849526389889103 
0.294040998698418 0.2849526389889103 0.1376003595165115 0.28606954185163 
0.1376003595165115 0.28606954185163 0.1417030497010416 0.03498293360108053 
