0 0 0 1 0.2577784122152459 -0.0338621298401599 
0 0 6.5 1 0.2756772653043935 0.3466836742308598 
10 0 0 1 -0.2470351352588496 -0.1738694664273277 
10 0 6.5 1 -0.2821312492825567 0.4366456613763532 
10 10 0 1 -0.5099068012603253 -0.02881073225511996 
10 10 6.5 1 -0.5498056312355725 0.3362080202549835 
0 10 0 1 -0.0825878482113396 0.03297525597535734 
0 10 6.5 1 -0.08849726693719875 0.3012010421662104 
0 5 10 1 0.06207421577957928 0.5064566240251783 
10 5 10 1 -0.4770476380409909 0.6565565703328919 
0 6 0 1 0.02686097504965616 0.01148289883578304 
0 8 0 1 -0.03122103253394926 0.02288840520101386 
0 8 5 1 -0.03375885871938794 0.2392885947618937 
0 6 5 1 0.02685502103642273 0.2421557113207093 
0 2 2.5 1 0.1729670807531404 0.1128989538435665 
0 4 2.5 1 0.09467878158462574 0.1189512039276177 
0 4 5 1 0.09637106432163643 0.2454439119706153 
0 2 5 1 0.1769058461201984 0.2492533135034898 
0.5 0.5 -0.5 1 0.2168721695305119 -0.06056338315641129 
0.5 0.5 6 1 0.2314795490975116 0.3148533502814453 
10.5 0.5 -0.5 1 -0.3053359904729834 -0.21415828323793 
10.5 0.5 6 1 -0.3473340882285537 0.383160987567383 
10.5 10.5 -0.5 1 -0.5436956515141106 -0.05451729454351631 
10.5 10.5 6 1 -0.5857769823189418 0.3057786738669125 
0.5 10.5 -0.5 1 -0.1099141516686947 0.0135931321872734 
0.5 10.5 6 1 -0.1172556778378826 0.2792686716492639 
0.5 5.5 9.5 1 0.02595408629949522 0.4782885030348253 
10.5 5.5 9.5 1 -0.525629003096325 0.6127945429391636 
0.5 6.5 -0.5 1 -0.004677278772109904 -0.01028791568229065 
0.5 8.5 -0.5 1 -0.06050578757656296 0.002381059122345435 
0.5 8.5 4.5 1 -0.06429779241705579 0.2166117834337435 
0.5 6.5 4.5 1 -0.006142975218682837 0.2179192672114569 
0.5 2.5 2 1 0.1347322554605111 0.08650152115135963 
0.5 4.5 2 1 0.05968310045566598 0.09439238133985609 
0.5 4.5 4.5 1 0.06049493111155452 0.2194174746808464 
0.5 2.5 4.5 1 0.1376181089038711 0.221151420529308 
