-0.2219605239332006 -0.01205882801218619 -0.245056511237059 0.2541835774885445 
0.1708394285757696 0.01069400811501928 0.1665871575179249 0.2712973156083807 
0.3210996837871755 -0.09111375050285177 0.325654761568366 0.3352027158479842 
-0.318296922323451 -0.1326231082620422 -0.3652403820089752 0.3089854625678983 
-0.2219605239332006 -0.01205882801218619 0.1708394285757696 0.01069400811501928 
0.1708394285757696 0.01069400811501928 0.3210996837871755 -0.09111375050285177 
0.3210996837871755 -0.09111375050285177 -0.318296922323451 -0.1326231082620422 
-0.318296922323451 -0.1326231082620422 -0.2219605239332006 -0.01205882801218619 
-0.245056511237059 0.2541835774885445 -0.3080732890974707 0.4704471210300305 
-0.3080732890974707 0.4704471210300305 -0.3652403820089752 0.3089854625678983 
0.1665871575179249 0.2712973156083807 0.2250847465510019 0.4855091080911732 
0.2250847465510019 0.4855091080911732 0.325654761568366 0.3352027158479842 
-0.3080732890974707 0.4704471210300305 0.2250847465510019 0.4855091080911732 
-0.245056511237059 0.2541835774885445 0.1665871575179249 0.2712973156083807 
-0.3652403820089752 0.3089854625678983 0.325654761568366 0.3352027158479842 
-0.2679331698160937 -0.06959324962923362 -0.2902445786484795 -0.0975158104908104 
-0.2902445786484795 -0.0975158104908104 -0.3199285769086118 0.1977919699919363 
-0.3199285769086118 0.1977919699919363 -0.2933639678571804 0.1953869740854482 
-0.2933639678571804 0.1953869740854482 -0.2679331698160937 -0.06959324962923362 
-0.2443047384453202 0.07980773898153176 -0.2606192738827341 0.07074948837629622 
-0.2606192738827341 0.07074948837629622 -0.2719448073734534 0.1934478153655122 
-0.2719448073734534 0.1934478153655122 -0.2543081203015594 0.1918510984656025 
-0.2543081203015594 0.1918510984656025 -0.2443047384453202 0.07980773898153176 
