0.2904048588201451 -0.3969119445327987 0.2567724334001311 -0.05299953107140515 
0.5419609676433822 -0.6528564210704139 0.4481365470635972 0.05712379518774607 
-0.5429430530016819 -0.6848907590790371 -0.5210703581436072 -0.006449116394462644 
-0.2339549553207673 -0.4194391093672296 -0.2390004525521739 -0.08304699217929576 
0.2904048588201451 -0.3969119445327987 0.5419609676433822 -0.6528564210704139 
0.5419609676433822 -0.6528564210704139 -0.5429430530016819 -0.6848907590790371 
-0.5429430530016819 -0.6848907590790371 -0.2339549553207673 -0.4194391093672296 
-0.2339549553207673 -0.4194391093672296 0.2904048588201451 -0.3969119445327987 
0.2567724334001311 -0.05299953107140515 -0.003687945242527885 0.1002507774941002 
-0.003687945242527885 0.1002507774941002 -0.2390004525521739 -0.08304699217929576 
0.4481365470635972 0.05712379518774607 -0.06366621446530608 0.3410447941124829 
-0.06366621446530608 0.3410447941124829 -0.5210703581436072 -0.006449116394462644 
-0.003687945242527885 0.1002507774941002 -0.06366621446530608 0.3410447941124829 
0.2567724334001311 -0.05299953107140515 0.4481365470635972 0.05712379518774607 
-0.2390004525521739 -0.08304699217929576 -0.5210703581436072 -0.006449116394462644 
-0.02761334258788398 -0.4105744111259055 -0.1313390026579668 -0.4150305974676967 
-0.1313390026579668 -0.4150305974676967 -0.1395368792062138 -0.1519019401100523 
-0.1395368792062138 -0.1519019401100523 -0.04017040921765614 -0.146267655113073 
-0.04017040921765614 -0.146267655113073 -0.02761334258788398 -0.4105744111259055 
0.1722306770514861 -0.2653049779216897 0.06855401337226344 -0.2704862644536921 
0.06855401337226344 -0.2704862644536921 0.06023127241183304 -0.140574671468372 
0.06023127241183304 -0.140574671468372 0.1616844278287722 -0.134822067078504 
0.1616844278287722 -0.134822067078504 0.1722306770514861 -0.2653049779216897 
