0.3559661232536005 -0.6679525778591578 0.3452350835403263 -0.1623115852757679 
-0.3679771895730903 -0.5941393935848275 -0.3229563650183156 -0.1375697708601866 
-0.1659368737537429 -0.430452530927104 -0.1476805870747733 -0.1575983726025734 
0.2598287394657668 -0.4630548284261519 0.2581897510523959 -0.1733820026814253 
0.3559661232536005 -0.6679525778591578 -0.3679771895730903 -0.5941393935848275 
-0.3679771895730903 -0.5941393935848275 -0.1659368737537429 -0.430452530927104 
-0.1659368737537429 -0.430452530927104 0.2598287394657668 -0.4630548284261519 
0.2598287394657668 -0.4630548284261519 0.3559661232536005 -0.6679525778591578 
0.3452350835403263 -0.1623115852757679 0.2885242109870914 0.01085413433844755 
0.2885242109870914 0.01085413433844755 0.2581897510523959 -0.1733820026814253 
-0.3229563650183156 -0.1375697708601866 -0.2011085630433219 0.01812573472525053 
-0.2011085630433219 0.01812573472525053 -0.1476805870747733 -0.1575983726025734 
0.2885242109870914 0.01085413433844755 -0.2011085630433219 0.01812573472525053 
0.3452350835403263 -0.1623115852757679 -0.3229563650183156 -0.1375697708601866 
0.2581897510523959 -0.1733820026814253 -0.1476805870747733 -0.1575983726025734 
0.2863602460829238 -0.5196014680447175 0.2718518530667912 -0.4886797083736237 
0.2718518530667912 -0.4886797083736237 0.2699614168979992 -0.2419997874679468 
0.2699614168979992 -0.2419997874679468 0.2836195201813609 -0.2471778451224677 
0.2836195201813609 -0.2471778451224677 0.2863602460829238 -0.5196014680447175 
0.3237773212936466 -0.4284343272079684 0.3021885069573352 -0.4016098776437735 
0.3021885069573352 -0.4016098776437735 0.3002664636994836 -0.2534890313479667 
0.3002664636994836 -0.2534890313479667 0.3210038668172049 -0.2613509918794421 
0.3210038668172049 -0.2613509918794421 0.3237773212936466 -0.4284343272079684 
