0.3749246095925596 -0.5119025165422529 0.3056619329548188 0.0748745403866803 
-0.2385941116617585 -0.4095509706999471 -0.2639485306335664 -0.02228189606629713 
0.07477027906471267 -0.2841017242025966 0.05030895407334719 -0.02356802456723278 
0.5215780756341061 -0.3047680073611881 0.4766097046881855 0.03300246170496172 
0.3749246095925596 -0.5119025165422529 -0.2385941116617585 -0.4095509706999471 
-0.2385941116617585 -0.4095509706999471 0.07477027906471267 -0.2841017242025966 
0.07477027906471267 -0.2841017242025966 0.5215780756341061 -0.3047680073611881 
0.5215780756341061 -0.3047680073611881 0.3749246095925596 -0.5119025165422529 
0.3056619329548188 0.0748745403866803 0.3856552582793371 0.2662541266964739 
0.3856552582793371 0.2662541266964739 0.4766097046881855 0.03300246170496172 
-0.2639485306335664 -0.02228189606629713 -0.0901577396401248 0.13771606351618 
-0.0901577396401248 0.13771606351618 0.05030895407334719 -0.02356802456723278 
0.3856552582793371 0.2662541266964739 -0.0901577396401248 0.13771606351618 
0.3056619329548188 0.0748745403866803 -0.2639485306335664 -0.02228189606629713 
0.4766097046881855 0.03300246170496172 0.05030895407334719 -0.02356802456723278 
0.4810186563449145 -0.362054450252048 0.5031898079188867 -0.3307397413453202 
0.5031898079188867 -0.3307397413453202 0.4656554450235649 -0.04467691340884109 
0.4656554450235649 -0.04467691340884109 0.4403444183188189 -0.04651447426454342 
0.4403444183188189 -0.04651447426454342 0.4810186563449145 -0.362054450252048 
0.3946634982622246 -0.2467914684244187 0.4312391189783696 -0.2219065026407224 
0.4312391189783696 -0.2219065026407224 0.4094079326014145 -0.04876043906993941 
0.4094079326014145 -0.04876043906993941 0.3707361089220245 -0.05156798339600758 
0.3707361089220245 -0.05156798339600758 0.3946634982622246 -0.2467914684244187 
