0 0 0 1 0.3577949628441264 -0.5338613457753146 
0 0 6.5 1 0.289907854616621 0.06425323118096096 
10 0 0 1 -0.2309936655458291 -0.4043038280812726 
10 0 6.5 1 -0.261558902214125 -0.02290387448862316 
10 10 0 1 0.09321424297816727 -0.2713789324987999 
10 10 6.5 1 0.06719877895041948 -0.01057526484620947 
0 10 0 1 0.54228788770818 -0.3020309593455345 
0 10 6.5 1 0.4986652269197329 0.04465977343246351 
0 5 10 1 0.393857101362216 0.2791081788458048 
10 5 10 1 -0.08180949994479053 0.1466027189217596 
0 6 0 1 0.4909091973180352 -0.3665924684450311 
0 8 0 1 0.5189606937173495 -0.3313434785177556 
0 8 5 1 0.4825985000681344 -0.03868813235406875 
0 6 5 1 0.4514607623289927 -0.04419692877896013 
0 2 2.5 1 0.3894454965449571 -0.2592306952988996 
0 4 2.5 1 0.4347676763687106 -0.2284627429031093 
0 4 5 1 0.4134526729201979 -0.05092120749201905 
0 2 5 1 0.3660184177498397 -0.05931313555978564 
0.5 0.5 -0.5 1 0.3342021228827781 -0.5502577090192191 
0.5 0.5 6 1 0.270942116812727 0.01438700504976467 
10.5 0.5 -0.5 1 -0.2238584463242096 -0.4198691286806564 
10.5 0.5 6 1 -0.2534363757087242 -0.05235673427267994 
10.5 10.5 -0.5 1 0.089601625031639 -0.2856674802366648 
10.5 10.5 6 1 0.06431615353148619 -0.03143057491589751 
0.5 10.5 -0.5 1 0.5218460548092148 -0.3198519556543652 
0.5 10.5 6 1 0.4801155092437709 0.015330200862251 
0.5 5.5 9.5 1 0.3754122313605222 0.2330756717200047 
10.5 5.5 9.5 1 -0.08065297306661361 0.117486992132433 
0.5 6.5 -0.5 1 0.4686400568179936 -0.3851829680928715 
0.5 8.5 -0.5 1 0.4975963361919568 -0.3496278968720406 
0.5 8.5 4.5 1 0.4629434006899164 -0.06760146593532423 
0.5 6.5 4.5 1 0.4312063023439942 -0.07564024914544432 
0.5 2.5 2 1 0.3673095144048222 -0.2875256044652787 
0.5 4.5 2 1 0.4129170166074879 -0.2551523975989687 
0.5 4.5 4.5 1 0.3927832208130229 -0.08537254474870419 
0.5 2.5 4.5 1 0.345312625329069 -0.09739651183578477 
