0 0 0 1 0.3879282804917212 -0.6762959670548796 
0 0 6.5 1 0.3557913522233438 -0.1443494016368486 
10 0 0 1 -0.336451840692391 -0.5942707170868979 
10 0 6.5 1 -0.3054969368538875 -0.1469107661419575 
10 10 0 1 -0.1061563357671027 -0.4407034020174898 
10 10 6.5 1 -0.09839459054970855 -0.1683030629726932 
0 10 0 1 0.3272123985180721 -0.4705499032034957 
0 10 6.5 1 0.311675434979852 -0.1689580479153508 
0 5 10 1 0.3178380709540398 0.0259232941967836 
10 5 10 1 -0.1708438527519217 0.005413196168946041 
0 6 0 1 0.3438084281789298 -0.5267883644971029 
0 8 0 1 0.3347181736790465 -0.4959844953616758 
0 8 5 1 0.3211555445251307 -0.2383983603575715 
0 6 5 1 0.328416235646499 -0.2418259436323408 
0 2 2.5 1 0.3584860917075524 -0.4261139484988894 
0 4 2.5 1 0.3459039276848926 -0.400698999958592 
0 4 5 1 0.3372915839543675 -0.246015764533587 
0 2 5 1 0.3483875800044868 -0.2512538954280917 
0.5 0.5 -0.5 1 0.3439513620023654 -0.6975201923221924 
0.5 0.5 6 1 0.3169475422633716 -0.1822689162776006 
10.5 0.5 -0.5 1 -0.3500385754286315 -0.6148944918705597 
10.5 0.5 6 1 -0.3189514966269623 -0.179361855366663 
10.5 10.5 -0.5 1 -0.1191119521551095 -0.4564455411407121 
10.5 10.5 6 1 -0.1108564493475129 -0.1884487176381944 
0.5 10.5 -0.5 1 0.3033178469895333 -0.4872795573334118 
0.5 10.5 6 1 0.2894058635464228 -0.1910836534332698 
0.5 5.5 9.5 1 0.2907811726419678 -0.00572646897178939 
10.5 5.5 9.5 1 -0.1839862322649333 -0.02239429614837663 
0.5 6.5 -0.5 1 0.3145617715006681 -0.5454564053919749 
0.5 8.5 -0.5 1 0.3084160362626183 -0.5136579434938972 
0.5 8.5 4.5 1 0.2963800447939366 -0.2611954046202875 
0.5 6.5 4.5 1 0.3010405661115413 -0.2667597123732257 
0.5 2.5 2 1 0.3223953045557622 -0.4521143880651973 
0.5 4.5 2 1 0.3141892389169054 -0.4245415825451137 
0.5 4.5 4.5 1 0.3067084474332726 -0.2735267313035143 
0.5 2.5 4.5 1 0.313749870951648 -0.2819336550798345 
