0 0 0 1 0.3385925738332146 -0.6207187778263129 
0 0 6.5 1 0.338404783197276 -0.1347670209219505 
10 0 0 1 -0.377520380645698 -0.5553891764437293 
10 0 6.5 1 -0.3277928791466232 -0.1000852249408478 
10 10 0 1 -0.1928991949230963 -0.3989884653006445 
10 10 6.5 1 -0.1704183812911932 -0.1279578798929 
0 10 0 1 0.2276434661861508 -0.4312184361704272 
0 10 6.5 1 0.2324065797141275 -0.1495949998228083 
0 5 10 1 0.2738604120963667 0.03216305160657671 
10 5 10 1 -0.2143876091099889 0.05110991357702384 
0 6 0 1 0.258509093259315 -0.4839367229582215 
0 8 0 1 0.2416541515233535 -0.4551485940107125 
0 8 5 1 0.2451631616623628 -0.2159889080371093 
0 6 5 1 0.2616721368998563 -0.2203174855735541 
0 2 2.5 1 0.305902786487914 -0.3935067306928112 
0 4 2.5 1 0.2804871143083985 -0.3690098724495376 
0 4 5 1 0.2817425635423766 -0.2255798593224937 
0 2 5 1 0.306666238291247 -0.2321147324500881 
0.5 0.5 -0.5 1 0.2925528835789999 -0.6405525448906333 
0.5 0.5 6 1 0.2956594071869578 -0.1677825962037459 
10.5 0.5 -0.5 1 -0.3991124194193618 -0.5761083560989905 
10.5 0.5 6 1 -0.3493389727048597 -0.1323659101476367 
10.5 10.5 -0.5 1 -0.2092382456545499 -0.4142866185352135 
10.5 10.5 6 1 -0.1864699684815299 -0.1473767070302829 
0.5 10.5 -0.5 1 0.2027622291031895 -0.4464369329494611 
0.5 10.5 6 1 0.2085123764253094 -0.1692667952788355 
0.5 5.5 9.5 1 0.2439940914957461 0.004328521571956102 
10.5 5.5 9.5 1 -0.2327778611725526 0.02395281606536743 
0.5 6.5 -0.5 1 0.2279901874073186 -0.5009764681919812 
0.5 8.5 -0.5 1 0.2142378652020202 -0.4712457522719535 
0.5 8.5 4.5 1 0.2186759060396083 -0.236263723109906 
0.5 6.5 4.5 1 0.2323021013600825 -0.2424287941141795 
0.5 2.5 2 1 0.2674831397146911 -0.4167253222449383 
0.5 4.5 2 1 0.2468295341770104 -0.3903333335302017 
0.5 4.5 4.5 1 0.2487969661118738 -0.249891773325103 
0.5 2.5 4.5 1 0.2691729705699772 -0.2591107454088843 
