0 0 0 1 -0.003346925205256091 -0.1069458951134272 
0 0 6.5 1 0.02116251261926198 0.1448325946487882 
10 0 0 1 0.4092699847827616 -0.1832406637896896 
10 0 6.5 1 0.4460891271635866 0.1258067273916657 
10 10 0 1 0.3070370354767545 -0.3121379097964743 
10 10 6.5 1 0.3679632609129463 0.2195047839901667 
0 10 0 1 -0.2879718551422764 -0.1605368378766024 
0 10 6.5 1 -0.2563074461634728 0.221577459229779 
0 5 10 1 -0.07352771879200209 0.3426947322941134 
10 5 10 1 0.4429969719351541 0.3772307044789944 
0 6 0 1 -0.1451045415206178 -0.13363689615779 
0 8 0 1 -0.2099058822295014 -0.1458380935078437 
0 8 5 1 -0.1868692831054519 0.1194213019015646 
0 6 5 1 -0.1232361549098895 0.1089568968329131 
0 2 2.5 1 -0.03391720962334881 -0.01150899531704331 
0 4 2.5 1 -0.08012746868953967 -0.01224028750960066 
0 4 5 1 -0.06968383144713564 0.1001502701437543 
0 2 5 1 -0.02399262290593221 0.09263639603745627 
0.5 0.5 -0.5 1 0.002312476221491878 -0.1315634352073067 
0.5 0.5 6 1 0.02754065696560047 0.1264935148710457 
10.5 0.5 -0.5 1 0.429471405488467 -0.2161091212807755 
10.5 0.5 6 1 0.4678229655831161 0.1024495229459329 
10.5 10.5 -0.5 1 0.3366971309384767 -0.3769515544086214 
10.5 10.5 6 1 0.4020113440591095 0.1834755811005055 
0.5 10.5 -0.5 1 -0.2905936468211834 -0.2003781950157876 
0.5 10.5 6 1 -0.2577011135388623 0.1963876523724418 
0.5 5.5 9.5 1 -0.06876151684638537 0.3266002956790051 
10.5 5.5 9.5 1 0.4709859187824338 0.3575952021107489 
0.5 6.5 -0.5 1 -0.1425927496663668 -0.1656071698035065 
0.5 8.5 -0.5 1 -0.2094761958687051 -0.1813206285655372 
0.5 8.5 4.5 1 -0.1855956641208219 0.09308087649216965 
0.5 6.5 4.5 1 -0.1199671412580686 0.08461071972272849 
0.5 2.5 2 1 -0.02865748994831895 -0.03543838270529156 
0.5 4.5 2 1 -0.07583893227617394 -0.03813337231423386 
0.5 4.5 4.5 1 -0.06505193380618228 0.07752324623019546 
0.5 2.5 4.5 1 -0.01842470891031852 0.07150543739701662 
