-0.721046133783418 -0.5662360582193935 -0.6376478957540072 -0.04564759556279997 
-0.232260271712227 -0.3994379564725692 -0.2021057493162343 -0.09624185768226305 
0.2390118828525295 -0.497868960416226 0.2528818024308043 -0.1232249615611736 
0.023984037596177 -0.8510506560774976 0.07204070529717739 -0.07697906421572236 
-0.721046133783418 -0.5662360582193935 -0.232260271712227 -0.3994379564725692 
-0.232260271712227 -0.3994379564725692 0.2390118828525295 -0.497868960416226 
0.2390118828525295 -0.497868960416226 0.023984037596177 -0.8510506560774976 
0.023984037596177 -0.8510506560774976 -0.721046133783418 -0.5662360582193935 
-0.6376478957540072 -0.04564759556279997 -0.3106391096674521 0.2376544291169149 
-0.3106391096674521 0.2376544291169149 0.07204070529717739 -0.07697906421572236 
-0.2021057493162343 -0.09624185768226305 0.01487194892460028 0.06019028579179436 
0.01487194892460028 0.06019028579179436 0.2528818024308043 -0.1232249615611736 
-0.3106391096674521 0.2376544291169149 0.01487194892460028 0.06019028579179436 
-0.6376478957540072 -0.04564759556279997 -0.2021057493162343 -0.09624185768226305 
0.07204070529717739 -0.07697906421572236 0.2528818024308043 -0.1232249615611736 
-0.3460964887870794 -0.7095740550671221 -0.1772801789564464 -0.7741101654735869 
-0.1772801789564464 -0.7741101654735869 -0.128592193357135 -0.2201967575684874 
-0.128592193357135 -0.2201967575684874 -0.2902492700062678 -0.2015876592560554 
-0.2902492700062678 -0.2015876592560554 -0.3460964887870794 -0.7095740550671221 
-0.5807908654142266 -0.3832880316115959 -0.4585466047388655 -0.412915863595637 
-0.4585466047388655 -0.412915863595637 -0.4292270977939684 -0.1855892748106725 
-0.4292270977939684 -0.1855892748106725 -0.549985429354607 -0.1716882213545681 
-0.549985429354607 -0.1716882213545681 -0.5807908654142266 -0.3832880316115959 
