0 0 0 1 -0.5622854754382274 -0.4577189273401126 
0 0 6.5 1 -0.5362924848640327 -0.06600273345669373 
10 0 0 1 -0.0922826886358198 -0.3678508000036088 
10 0 6.5 1 -0.09672166944841173 -0.0909207413408374 
10 10 0 1 0.2944563047649922 -0.4280092329532518 
10 10 6.5 1 0.2618023454739844 -0.03832623973160399 
0 10 0 1 -0.2361168254509375 -0.6270124485927204 
0 10 6.5 1 -0.230085027920687 0.03662601995995235 
0 5 10 1 -0.4101123114691986 0.2048017098008666 
10 5 10 1 0.04609879161896382 0.09050784038437593 
0 6 0 1 -0.4106937938134943 -0.5364005835196852 
0 8 0 1 -0.3344917799806131 -0.5759522303404667 
0 8 5 1 -0.3225585081908601 -0.1171868493536772 
0 6 5 1 -0.3946524170482462 -0.1284819343302225 
0 2 2.5 1 -0.5109156923203783 -0.3071634189282484 
0 4 2.5 1 -0.461963906227163 -0.3152121713310891 
0 4 5 1 -0.4530722089402402 -0.137634670312918 
0 2 5 1 -0.501371270093143 -0.1452017728414904 
0.5 0.5 -0.5 1 -0.5213635194760553 -0.4887551063787721 
0.5 0.5 6 1 -0.4980490091855932 -0.09282954845294986 
10.5 0.5 -0.5 1 -0.06165831526143222 -0.3892946192476355 
10.5 0.5 6 1 -0.06762555448721574 -0.1102548952358582 
10.5 10.5 -0.5 1 0.3402487282489946 -0.4588765637905424 
10.5 10.5 6 1 0.3042706661662647 -0.06500658315930014 
0.5 10.5 -0.5 1 -0.161916760368953 -0.6825175873221155 
0.5 10.5 6 1 -0.1642632000698243 -0.006771852121827332 
0.5 5.5 9.5 1 -0.363782310602055 0.174567116329021 
10.5 5.5 9.5 1 0.07958228083407677 0.06944348786350497 
0.5 6.5 -0.5 1 -0.3546758222800061 -0.5786093641600079 
0.5 8.5 -0.5 1 -0.2706426570403836 -0.6239080743745562 
0.5 8.5 4.5 1 -0.2636698050552063 -0.1577139942258472 
0.5 6.5 4.5 1 -0.3424878114861 -0.1648129079781589 
0.5 2.5 2 1 -0.4672440031873679 -0.3391434578646307 
0.5 4.5 2 1 -0.413662194640304 -0.3503987384941315 
0.5 4.5 4.5 1 -0.4062605720378319 -0.1705567392091671 
0.5 2.5 4.5 1 -0.4589206401075953 -0.1752996818227421 
