0 0 0 1 0.2809135436253108 -0.3334394232857087 
0 0 6.5 1 0.2454042378274698 -0.01306436926927658 
10 0 0 1 0.6484865452809856 -0.5835243374147063 
10 0 6.5 1 0.5653234819068597 0.04468812786740479 
10 10 0 1 -0.3542912620287648 -0.7441897336608319 
10 10 6.5 1 -0.4022026067557841 -0.04084560482862044 
0 10 0 1 -0.2216826590557324 -0.3971181555422301 
0 10 6.5 1 -0.2481611964923634 -0.05826978178051582 
0 5 10 1 -0.01125390310748474 0.1365530266389552 
10 5 10 1 0.072321320068452 0.338966656053775 
0 6 0 1 -0.0142074377115111 -0.3708311302934031 
0 8 0 1 -0.1168259669533349 -0.3838328557606667 
0 8 5 1 -0.1388230198298589 -0.1248660820685318 
0 6 5 1 -0.03766188744217472 -0.1147966113021218 
0 2 2.5 1 0.1714016445155249 -0.2194440552923156 
0 4 2.5 1 0.07371872874400724 -0.230481238116111 
0 4 5 1 0.06139754984107752 -0.1049363410153277 
0 2 5 1 0.1584201149836237 -0.09527881879977053 
0.5 0.5 -0.5 1 0.2688621499255589 -0.3689991864442451 
0.5 0.5 6 1 0.2325779726157566 -0.03856898137970718 
10.5 0.5 -0.5 1 0.6461564807705177 -0.6706188466390608 
10.5 0.5 6 1 0.5583036307510508 -0.002570449977944379 
10.5 10.5 -0.5 1 -0.4244634487362298 -0.8526422607727688 
10.5 10.5 6 1 -0.4721551079212422 -0.09904332282741919 
0.5 10.5 -0.5 1 -0.2501561867125188 -0.4366724131238547 
0.5 10.5 6 1 -0.2768077341010625 -0.08656088894847652 
0.5 5.5 9.5 1 -0.03183144676336034 0.1150776116080475 
10.5 5.5 9.5 1 0.0358607647535561 0.3077451411998096 
0.5 6.5 -0.5 1 -0.03569814748719526 -0.40870987986199 
0.5 8.5 -0.5 1 -0.1417345882647265 -0.4225356497558208 
0.5 8.5 4.5 1 -0.1639746289389956 -0.1550210067287986 
0.5 6.5 4.5 1 -0.05949477687221694 -0.1443221988134953 
0.5 2.5 2 1 0.1560669812493277 -0.251697195909904 
0.5 4.5 2 1 0.05528350605202554 -0.2634139596942481 
0.5 4.5 4.5 1 0.0427497555559215 -0.1338522891495777 
0.5 2.5 4.5 1 0.1428299452150114 -0.1236040096573234 
