0 0 0 1 0.07671866498551767 -0.383189505005441 
0 0 6.5 1 0.09536461512234509 -0.1085427523187006 
10 0 0 1 0.5348469325494725 -0.5276934446139102 
10 0 6.5 1 0.540642830950042 -0.1363541779729232 
10 10 0 1 0.201859133223993 -0.7648076601901559 
10 10 6.5 1 0.2362426373963794 -0.09332503486780032 
0 10 0 1 -0.3088503124361099 -0.4599561603477622 
0 10 6.5 1 -0.2656016511118562 -0.07162392282222332 
0 5 10 1 -0.04088262132396901 0.07041346813608182 
10 5 10 1 0.4336069697899534 0.123920938077275 
0 6 0 1 -0.1213355259609654 -0.422622028641452 
0 8 0 1 -0.2078247477427918 -0.4398420039718081 
0 8 5 1 -0.179958607001701 -0.1613249235685242 
0 6 5 1 -0.09798199256801648 -0.1640589111275571 
0 2 2.5 1 0.02753448486543772 -0.2801090484898389 
0 4 2.5 1 -0.03644088366760157 -0.2853775884958838 
0 4 5 1 -0.02670383678130732 -0.1664360962857624 
0 2 5 1 0.03584189376554671 -0.1685220478753349 
0.5 0.5 -0.5 1 0.07782762688981644 -0.4137794748760319 
0.5 0.5 6 1 0.09703554217653258 -0.1293212722114413 
10.5 0.5 -0.5 1 0.5583284382131598 -0.5786534462382663 
10.5 0.5 6 1 0.5632984952542838 -0.1671227201473875 
10.5 10.5 -0.5 1 0.2153919747949932 -0.8760834909234304 
10.5 10.5 6 1 0.2513924286680137 -0.1429790826717603 
0.5 10.5 -0.5 1 -0.3256713660576818 -0.5076804087953196 
0.5 10.5 6 1 -0.2796719265541744 -0.099443874405977 
0.5 5.5 9.5 1 -0.04398725069247859 0.05312470885753865 
10.5 5.5 9.5 1 0.4554206540222887 0.1007177729143543 
0.5 6.5 -0.5 1 -0.1280217482466693 -0.4616840518634964 
0.5 8.5 -0.5 1 -0.2188492110392666 -0.4828211147330783 
0.5 8.5 4.5 1 -0.1894336154370179 -0.191053250852705 
0.5 6.5 4.5 1 -0.1035426578064932 -0.19173788244763 
0.5 2.5 2 1 0.0269857318513471 -0.3086542202446044 
0.5 4.5 2 1 -0.03940948910508794 -0.3160781399065653 
0.5 4.5 4.5 1 -0.02927239186796629 -0.1923298862164519 
0.5 2.5 4.5 1 0.03558610095901196 -0.1928468693147145 
