0 0 0 1 0.1648914950983885 -0.4055679862106057 
0 0 6.5 1 0.1622121997668789 -0.1106681285621035 
10 0 0 1 0.6544735890169981 -0.539380226093747 
10 0 6.5 1 0.6094396471663306 -0.07115874496411345 
10 10 0 1 0.07240576482643023 -0.7273103998147566 
10 10 6.5 1 0.07788963815698144 0.01596015616586783 
0 10 0 1 -0.2836428832773987 -0.4592362868675153 
0 10 6.5 1 -0.2559125580594563 -0.07491722655345709 
0 5 10 1 -0.01604077268462062 0.06838110824735309 
10 5 10 1 0.3851302703024043 0.2268635787365002 
0 6 0 1 -0.0743456902374993 -0.4341933353698227 
0 8 0 1 -0.1728425956533536 -0.4459787453372264 
0 8 5 1 -0.1580598408702456 -0.1629633459221003 
0 6 5 1 -0.06513238688598594 -0.1667001469387138 
0 2 2.5 1 0.09361143226634509 -0.2909199275430105 
0 4 2.5 1 0.01618522716017348 -0.2938581815937868 
0 4 5 1 0.01847050450384453 -0.1700619884198143 
0 2 5 1 0.09408525665350506 -0.1731026106534945 
0.5 0.5 -0.5 1 0.1632624009912396 -0.4368673907294457 
0.5 0.5 6 1 0.1605820506688417 -0.130115296633885 
10.5 0.5 -0.5 1 0.6808751704909675 -0.5985164309816219 
10.5 0.5 6 1 0.6310789767637097 -0.09973853661268932 
10.5 10.5 -0.5 1 0.05873767373176392 -0.8451210309199612 
10.5 10.5 6 1 0.06659438648672558 -0.02178756027713542 
0.5 10.5 -0.5 1 -0.3074158872557915 -0.5033665152305756 
0.5 10.5 6 1 -0.2767196731924976 -0.09867015120711797 
0.5 5.5 9.5 1 -0.02451298918391509 0.05381193830008283 
10.5 5.5 9.5 1 0.3961258738176001 0.2124522603750243 
0.5 6.5 -0.5 1 -0.08644983270296111 -0.4721476348633553 
0.5 8.5 -0.5 1 -0.1901445055585889 -0.4867979918747483 
0.5 8.5 4.5 1 -0.1738029680840739 -0.1894847225395808 
0.5 6.5 4.5 1 -0.07625160543767918 -0.1919151119877967 
0.5 2.5 2 1 0.0892796107013486 -0.3187999756427835 
0.5 4.5 2 1 0.008580715121199543 -0.3233417316692679 
0.5 4.5 4.5 1 0.01113592242934481 -0.1940922801981839 
0.5 2.5 4.5 1 0.08986941142412527 -0.1960538421454809 
