0 0 0 1 0.2799452709393383 -0.3659541750198623 
0 0 6.5 1 0.2443164065861882 -0.04560241885889593 
10 0 0 1 0.6790504337410014 -0.615994249117389 
10 0 6.5 1 0.5900355152112727 0.006161759159750789 
10 10 0 1 -0.3180227028357986 -0.801074992277692 
10 10 6.5 1 -0.3593019926497014 -0.07211268156404509 
0 10 0 1 -0.2243098341420902 -0.4344132108474171 
0 10 6.5 1 -0.2473896930760969 -0.08789415185070316 
0 5 10 1 -0.007991678896662351 0.1053813594089555 
10 5 10 1 0.1151882954638477 0.3004591834413246 
0 6 0 1 -0.0135024896435912 -0.4057934360463192 
0 8 0 1 -0.1172958749959188 -0.4198847065459025 
0 8 5 1 -0.1373736121726914 -0.1558018921032925 
0 6 5 1 -0.0356418042122655 -0.145914131785575 
0 2 2.5 1 0.1719002216461546 -0.2515116549355023 
0 4 2.5 1 0.07504121924166146 -0.2627691623456051 
0 4 5 1 0.0631412789078887 -0.1363129709596786 
0 2 5 1 0.1591020101287238 -0.1269861268855653 
0.5 0.5 -0.5 1 0.2692722050866077 -0.4019805301664585 
0.5 0.5 6 1 0.2328748994939445 -0.07089988916172574 
10.5 0.5 -0.5 1 0.6825776240250294 -0.7040901962785612 
10.5 0.5 6 1 0.5881050871297289 -0.04020232183293233 
10.5 10.5 -0.5 1 -0.3872567367950964 -0.9182479485575922 
10.5 10.5 6 1 -0.4268185177722343 -0.1314574233880145 
0.5 10.5 -0.5 1 -0.2527989624187863 -0.47563076326224 
0.5 10.5 6 1 -0.2757424331050911 -0.1165348319883168 
0.5 5.5 9.5 1 -0.02746043690350723 0.08421611939605297 
10.5 5.5 9.5 1 0.08395995054169443 0.2702730947673091 
0.5 6.5 -0.5 1 -0.03423627151945946 -0.4447974322286691 
0.5 8.5 -0.5 1 -0.1417928223941425 -0.4599707755120191 
0.5 8.5 4.5 1 -0.1619365920130816 -0.1864002048964702 
0.5 6.5 4.5 1 -0.05659439714135983 -0.175733468695974 
0.5 2.5 2 1 0.1578152158202456 -0.284084767690315 
0.5 4.5 2 1 0.05767125938289091 -0.2961918704520362 
0.5 4.5 4.5 1 0.04559870193967391 -0.1653856035244161 
0.5 2.5 4.5 1 0.1447818341079055 -0.1553425214748557 
