0 0 0 1 0.3946826577424455 -0.6569443440288726 
0 0 6.5 1 0.3566861965251901 -0.1212932610723098 
10 0 0 1 -0.3253676715627386 -0.5764176233714193 
10 0 6.5 1 -0.2994387697493949 -0.1348346775692982 
10 10 0 1 -0.08789959514213917 -0.4309658767361149 
10 10 6.5 1 -0.08355099458313719 -0.1598701259611113 
0 10 0 1 0.3467752483607246 -0.4586154823576324 
0 10 6.5 1 0.3271298906850793 -0.1547857589641307 
0 5 10 1 0.3255633273671724 0.04442981929742494 
10 5 10 1 -0.1617026376216007 0.01400685606335025 
0 6 0 1 0.3598574854355678 -0.5127738102791776 
0 8 0 1 0.3526906787898183 -0.483104399592744 
0 8 5 1 0.3357019311796053 -0.22357140481551 
0 6 5 1 0.3407887108379599 -0.2256725081733022 
0 2 2.5 1 0.3669441519595064 -0.4075107270307354 
0 4 2.5 1 0.3575364279334649 -0.3840048308836528 
0 4 5 1 0.3470083493338887 -0.2282415408827466 
0 2 5 1 0.3547867105090813 -0.2314544067587976 
0.5 0.5 -0.5 1 0.3516563513565648 -0.679102003092815 
0.5 0.5 6 1 0.3190048247221607 -0.1607300000733622 
10.5 0.5 -0.5 1 -0.3372947863313006 -0.5974154597545066 
10.5 0.5 6 1 -0.311226086907551 -0.1676056653023392 
10.5 10.5 -0.5 1 -0.1001172494145077 -0.4469224987808053 
10.5 10.5 6 1 -0.09524732621784107 -0.180284070075325 
0.5 10.5 -0.5 1 0.3231945940978585 -0.4758421155586012 
0.5 10.5 6 1 0.3052725021859937 -0.1776062416326221 
0.5 5.5 9.5 1 0.2992115053177513 0.01169352220316941 
10.5 5.5 9.5 1 -0.1737462345772085 -0.01411706001168465 
0.5 6.5 -0.5 1 0.3310660273859639 -0.5320560249926002 
0.5 8.5 -0.5 1 0.3267632229775153 -0.5013275098066495 
0.5 8.5 4.5 1 0.3113908884678334 -0.2471071011311528 
0.5 6.5 4.5 1 0.3139726812571822 -0.2514501247545124 
0.5 2.5 2 1 0.3316523756113092 -0.4345098516402858 
0.5 4.5 2 1 0.3264524744772593 -0.4086979014035624 
0.5 4.5 4.5 1 0.3171128438037241 -0.2567324232321762 
0.5 2.5 4.5 1 0.3210144785012439 -0.2632956500453247 
