0 0 0 1 0.2842025063578958 -0.2576358913441301 
0 0 6.5 1 0.2523555169651637 0.09078685965899447 
10 0 0 1 0.1445040420506652 -0.5785835386592739 
10 0 6.5 1 0.07811001880414591 0.1090526596240202 
10 10 0 1 -0.5805864586803273 -0.4660400876420701 
10 10 6.5 1 -0.6376550074202623 0.0165978658301295 
0 10 0 1 -0.1708189035518567 -0.2472552491250618 
0 10 6.5 1 -0.2009534838574716 0.03946439650611017 
0 5 10 1 -0.01335373435498573 0.2345006950439827 
10 5 10 1 -0.3773321602187718 0.3682360069827676 
0 6 0 1 -0.009464468212031436 -0.2509363125371213 
0 8 0 1 -0.09308217815017113 -0.249028697837809 
0 8 5 1 -0.1165303159562525 -0.02084881900379157 
0 6 5 1 -0.03320836250258963 -0.01407718720819274 
0 2 2.5 1 0.1662236860895608 -0.1275330221397442 
0 4 2.5 1 0.06876514888418138 -0.1303371568547722 
0 4 5 1 0.05671359561259001 -0.006769168547373841 
0 2 5 1 0.154052085496926 0.001141596691740548 
0.5 0.5 -0.5 1 0.2550970848650692 -0.2921192261469443 
0.5 0.5 6 1 0.2225099343857984 0.06064062868981578 
10.5 0.5 -0.5 1 0.08260819771052676 -0.6560661892643578 
10.5 0.5 6 1 0.01307103856295259 0.04865698795279097 
10.5 10.5 -0.5 1 -0.6373271246066993 -0.5180479201861565 
10.5 10.5 6 1 -0.6963229140943806 -0.02705380932701833 
0.5 10.5 -0.5 1 -0.1997490072961951 -0.2754947574779374 
0.5 10.5 6 1 -0.2304705174321745 0.01415513803931925 
0.5 5.5 9.5 1 -0.04365098234603197 0.2089406643558472 
10.5 5.5 9.5 1 -0.4413978520687311 0.3241310313451472 
0.5 6.5 -0.5 1 -0.03870090407452929 -0.2813810104156945 
0.5 8.5 -0.5 1 -0.1221932944014699 -0.2783293921847994 
0.5 8.5 4.5 1 -0.1461130630793795 -0.04773643408897071 
0.5 6.5 4.5 1 -0.0629390399306507 -0.04192066961886428 
0.5 2.5 2 1 0.1366989271958116 -0.1590434963337105 
0.5 4.5 2 1 0.03921687423314346 -0.1606235277091316 
0.5 4.5 4.5 1 0.02690489373038323 -0.03563852601849874 
0.5 2.5 4.5 1 0.1242545637860211 -0.02883155996283772 
