0.2934539789861655 -0.3557327796943001 0.3253011440932499 0.06303094611355931 
-0.3798258798759676 -0.3150253889757682 -0.3269587188073157 0.1387565050311208 
-0.2775471602407524 -0.2050640652293804 -0.2477781474200422 0.0628426146385376 
0.1267858853695824 -0.2352625992320351 0.1488996876101385 0.02004305225131668 
0.2934539789861655 -0.3557327796943001 -0.3798258798759676 -0.3150253889757682 
-0.3798258798759676 -0.3150253889757682 -0.2775471602407524 -0.2050640652293804 
-0.2775471602407524 -0.2050640652293804 0.1267858853695824 -0.2352625992320351 
0.1267858853695824 -0.2352625992320351 0.2934539789861655 -0.3557327796943001 
0.3253011440932499 0.06303094611355931 0.2297127352708551 0.2022605227457727 
0.2297127352708551 0.2022605227457727 0.1488996876101385 0.02004305225131668 
-0.3269587188073157 0.1387565050311208 -0.2574046884107806 0.2669648494205385 
-0.2574046884107806 0.2669648494205385 -0.2477781474200422 0.0628426146385376 
0.2297127352708551 0.2022605227457727 -0.2574046884107806 0.2669648494205385 
0.3253011440932499 0.06303094611355931 -0.3269587188073157 0.1387565050311208 
0.1488996876101385 0.02004305225131668 -0.2477781474200422 0.0628426146385376 
0.1748608301537765 -0.2700118853622812 0.1487788747870691 -0.2511594595520699 
0.1487788747870691 -0.2511594595520699 0.1670008996411011 -0.03732079309377601 
0.1670008996411011 -0.03732079309377601 0.1943875033188532 -0.03630901553104469 
0.1943875033188532 -0.03630901553104469 0.1748608301537765 -0.2700118853622812 
0.2563469139412262 -0.1758766971531525 0.2168767071299551 -0.16290931199805 
0.2168767071299551 -0.16290931199805 0.2273010903944583 -0.03509304770590123 
0.2273010903944583 -0.03509304770590123 0.2676025677370248 -0.03360413980772111 
0.2676025677370248 -0.03360413980772111 0.2563469139412262 -0.1758766971531525 
