0 0 0 1 0.2531342258749455 -0.4043201063987968 
0 0 6.5 1 0.223932059742741 -0.08944272845173315 
10 0 0 1 0.7236845934574447 -0.589271297060358 
10 0 6.5 1 0.6313123550575468 -0.01708918164112227 
10 10 0 1 -0.173506279888365 -0.8058188120059496 
10 10 6.5 1 -0.1927072566668701 -0.02811871425047683 
0 10 0 1 -0.2449579004278095 -0.4747406157611546 
0 10 6.5 1 -0.2504593775975272 -0.1063188780538401 
0 5 10 1 -0.005500794455066398 0.07116613751391256 
10 5 10 1 0.2444188997124577 0.2820593605592236 
0 6 0 1 -0.0270264595325966 -0.4439293616507349 
0 8 0 1 -0.1324740222002274 -0.4588375898317203 
0 8 5 1 -0.141456364122538 -0.1812278926827368 
0 6 5 1 -0.04012872239730551 -0.1752615902336261 
0 2 2.5 1 0.155089896432356 -0.2880160160321055 
0 4 2.5 1 0.06349059060910243 -0.2971000675000288 
0 4 5 1 0.05530109164392884 -0.1696425594979034 
0 2 5 1 0.1453334450952006 -0.1643413382146516 
0.5 0.5 -0.5 1 0.2467290259275974 -0.439015195209622 
0.5 0.5 6 1 0.2168781299523202 -0.1118799477286828 
10.5 0.5 -0.5 1 0.7428625026986023 -0.6673199090187543 
10.5 0.5 6 1 0.6431450550084959 -0.0533851759158946 
10.5 10.5 -0.5 1 -0.2298289024899498 -0.9343088171126235 
10.5 10.5 6 1 -0.2436397249727353 -0.07770851845000998 
0.5 10.5 -0.5 1 -0.2730081238563932 -0.5183650249648254 
0.5 10.5 6 1 -0.2770677229278791 -0.1330780105521569 
0.5 5.5 9.5 1 -0.02086362327640802 0.05331739428489558 
10.5 5.5 9.5 1 0.2318970160901304 0.2623038213965703 
0.5 6.5 -0.5 1 -0.04485440289780776 -0.483532111974857 
0.5 8.5 -0.5 1 -0.1551013516028831 -0.5003638443503743 
0.5 8.5 4.5 1 -0.1634176887225532 -0.2103375568520515 
0.5 6.5 4.5 1 -0.05767044438313602 -0.2032464668073438 
0.5 2.5 2 1 0.1451512917510411 -0.3189057948284511 
0.5 4.5 2 1 0.04989954612553917 -0.3292727567295841 
0.5 4.5 4.5 1 0.04170156654711542 -0.1965828806133776 
0.5 2.5 4.5 1 0.1352579941283173 -0.1903092698315202 
