0 0 0 1 0.2878964376728992 -0.3219849804979685 
0 0 6.5 1 0.3239979473951036 0.08937055049725219 
10 0 0 1 -0.3783143885850224 -0.2869591770775995 
10 0 6.5 1 -0.327411898703856 0.1720456016205919 
10 10 0 1 -0.2930291456260287 -0.1758226980229388 
10 10 6.5 1 -0.2637571112649114 0.09429984166145561 
0 10 0 1 0.1103718251123459 -0.2045836284704307 
0 10 6.5 1 0.1342121885464342 0.04830144521695988 
0 5 10 1 0.2218721684366394 0.2298347209249917 
10 5 10 1 -0.267740480262518 0.3030026600337897 
0 6 0 1 0.1619255936129862 -0.2386773917902936 
0 8 0 1 0.1339915133578453 -0.2202039038479911 
0 8 5 1 0.1537211450994625 -0.008975233825417778 
0 6 5 1 0.1832198028860961 -0.008163648789453233 
0 2 2.5 1 0.2492237509643504 -0.1463151504196014 
0 4 2.5 1 0.2070865677143753 -0.133468328592661 
0 4 5 1 0.2185962391753088 -0.007190350732106062 
0 2 5 1 0.2618016163094646 -0.006001658086870713 
0.5 0.5 -0.5 1 0.2420022818423573 -0.3424444415643844 
0.5 0.5 6 1 0.2778708645755191 0.05929254109905089 
10.5 0.5 -0.5 1 -0.4113784588746734 -0.3107425153418339 
10.5 0.5 6 1 -0.3613304888716149 0.1363202917963157 
10.5 10.5 -0.5 1 -0.3140339206171167 -0.1917366384398756 
10.5 10.5 6 1 -0.2850370477255725 0.07420573234920388 
0.5 10.5 -0.5 1 0.08461587188371116 -0.2190387220547789 
0.5 10.5 6 1 0.1083211069269597 0.03017868761802554 
0.5 5.5 9.5 1 0.1885379979124667 0.2042938645293269 
10.5 5.5 9.5 1 -0.294140954233635 0.2738383689993507 
0.5 6.5 -0.5 1 0.1306291820838072 -0.2551174765911681 
0.5 8.5 -0.5 1 0.1057286872542686 -0.2355931511974329 
0.5 8.5 4.5 1 0.1253410941847616 -0.02768718045350791 
0.5 6.5 4.5 1 0.1517918223977977 -0.02855528155890617 
0.5 2.5 2 1 0.2093790294536935 -0.1682519328161407 
0.5 4.5 2 1 0.1719734787309001 -0.1535035032042396 
0.5 4.5 4.5 1 0.1834106021640115 -0.02959299581181161 
0.5 2.5 4.5 1 0.2218760539543763 -0.0308554147875736 
