0.3577949628441264 -0.5338613457753146 0.289907854616621 0.06425323118096096 
-0.2309936655458291 -0.4043038280812726 -0.261558902214125 -0.02290387448862316 
0.09321424297816727 -0.2713789324987999 0.06719877895041948 -0.01057526484620947 
0.54228788770818 -0.3020309593455345 0.4986652269197329 0.04465977343246351 
0.3577949628441264 -0.5338613457753146 -0.2309936655458291 -0.4043038280812726 
-0.2309936655458291 -0.4043038280812726 0.09321424297816727 -0.2713789324987999 
0.09321424297816727 -0.2713789324987999 0.54228788770818 -0.3020309593455345 
0.54228788770818 -0.3020309593455345 0.3577949628441264 -0.5338613457753146 
0.289907854616621 0.06425323118096096 0.393857101362216 0.2791081788458048 
0.393857101362216 0.2791081788458048 0.4986652269197329 0.04465977343246351 
-0.261558902214125 -0.02290387448862316 -0.08180949994479053 0.1466027189217596 
-0.08180949994479053 0.1466027189217596 0.06719877895041948 -0.01057526484620947 
0.393857101362216 0.2791081788458048 -0.08180949994479053 0.1466027189217596 
0.289907854616621 0.06425323118096096 -0.261558902214125 -0.02290387448862316 
0.4986652269197329 0.04465977343246351 0.06719877895041948 -0.01057526484620947 
0.4909091973180352 -0.3665924684450311 0.5189606937173495 -0.3313434785177556 
0.5189606937173495 -0.3313434785177556 0.4825985000681344 -0.03868813235406875 
0.4825985000681344 -0.03868813235406875 0.4514607623289927 -0.04419692877896013 
0.4514607623289927 -0.04419692877896013 0.4909091973180352 -0.3665924684450311 
0.3894454965449571 -0.2592306952988996 0.4347676763687106 -0.2284627429031093 
0.4347676763687106 -0.2284627429031093 0.4134526729201979 -0.05092120749201905 
0.4134526729201979 -0.05092120749201905 0.3660184177498397 -0.05931313555978564 
0.3660184177498397 -0.05931313555978564 0.3894454965449571 -0.2592306952988996 
