0 0 0 1 0.2706589446687137 -0.1968418924091193 
0 0 6.5 1 0.2490521624404366 0.1545444563922991 
10 0 0 1 0.0132920080862267 -0.4948761356193301 
10 0 6.5 1 -0.04581641869548643 0.1596033472756956 
10 10 0 1 -0.5700178186775546 -0.347932757474245 
10 10 6.5 1 -0.6346751413414804 0.08598244086239884 
0 10 0 1 -0.1538700313220544 -0.1664132494839737 
0 10 6.5 1 -0.182640075251555 0.10965997403611 
0 5 10 1 -0.007944627589151638 0.3040255937756257 
10 5 10 1 -0.440413416477839 0.4201225166402034 
0 6 0 1 -0.007521722839279782 -0.176902946709301 
0 8 0 1 -0.08391770497017506 -0.171427169571235 
0 8 5 1 -0.1053375596891548 0.04896384473658669 
0 6 5 1 -0.02816817653283755 0.05374782716859796 
0 2 2.5 1 0.1595105212733808 -0.06397340577728523 
0 4 2.5 1 0.0665619674677863 -0.06341456702543732 
0 4 5 1 0.05663537902411904 0.05900507691406731 
0 2 5 1 0.1502649017310528 0.06480947722708064 
0.5 0.5 -0.5 1 0.2382216826519179 -0.2292496247873121 
0.5 0.5 6 1 0.2152897989705207 0.1235894407217002 
10.5 0.5 -0.5 1 -0.05093553996738547 -0.5595958393475339 
10.5 0.5 6 1 -0.1153529963606552 0.0998137134108644 
10.5 10.5 -0.5 1 -0.6179389288905819 -0.3896452371563301 
10.5 10.5 6 1 -0.6853621397417744 0.04644756747013528 
0.5 10.5 -0.5 1 -0.1818326649028545 -0.1917763657015858 
0.5 10.5 6 1 -0.2115550351942849 0.08519215361358259 
0.5 5.5 9.5 1 -0.03979590913748558 0.277382377720886 
10.5 5.5 9.5 1 -0.501456981378135 0.3746434050587406 
0.5 6.5 -0.5 1 -0.03717054742449709 -0.2046817457785041 
0.5 8.5 -0.5 1 -0.1127051453872869 -0.1979432663986978 
0.5 8.5 4.5 1 -0.1348999996191045 0.02318566845371802 
0.5 6.5 4.5 1 -0.05864409251266688 0.02677726536028506 
0.5 2.5 2 1 0.1275681255041551 -0.09420202993752338 
0.5 4.5 2 1 0.03558029107857033 -0.09215268956436232 
0.5 4.5 4.5 1 0.02520577107584467 0.03072653200870636 
0.5 2.5 4.5 1 0.1178434020946729 0.03508969601296532 
