0.2919562118668543 -0.3603661255925871 0.2560762281912843 -0.01750914868680849 
0.4980876090374921 -0.5984741595435819 0.4061721028616018 0.1092967664717521 
-0.5575613216324571 -0.622867010477854 -0.5465453987822034 0.02620885492168623 
-0.2260480883824694 -0.383814697378429 -0.2359028544717486 -0.05529397546824168 
0.2919562118668543 -0.3603661255925871 0.4980876090374921 -0.5984741595435819 
0.4980876090374921 -0.5984741595435819 -0.5575613216324571 -0.622867010477854 
-0.5575613216324571 -0.622867010477854 -0.2260480883824694 -0.383814697378429 
-0.2260480883824694 -0.383814697378429 0.2919562118668543 -0.3603661255925871 
0.2560762281912843 -0.01750914868680849 -0.006702603512759414 0.1307765037995652 
-0.006702603512759414 0.1307765037995652 -0.2359028544717486 -0.05529397546824168 
0.4061721028616018 0.1092967664717521 -0.1081616375308774 0.3802898136894447 
-0.1081616375308774 0.3802898136894447 -0.5465453987822034 0.02620885492168623 
-0.006702603512759414 0.1307765037995652 -0.1081616375308774 0.3802898136894447 
0.2560762281912843 -0.01750914868680849 0.4061721028616018 0.1092967664717521 
-0.2359028544717486 -0.05529397546824168 -0.5465453987822034 0.02620885492168623 
-0.02483550611320014 -0.374706379788624 -0.1264018839567364 -0.3793039989604065 
-0.1264018839567364 -0.3793039989604065 -0.1378214425494133 -0.1216364012882284 
-0.1378214425494133 -0.1216364012882284 -0.04015203587815874 -0.1148204421390243 
-0.04015203587815874 -0.1148204421390243 -0.02483550611320014 -0.374706379788624 
0.1722762355074566 -0.2304581111153042 0.0688407674037116 -0.2364316027122035 
0.0688407674037116 -0.2364316027122035 0.05934616388438337 -0.1078768587989154 
0.05934616388438337 -0.1078768587989154 0.1607250065209747 -0.1008020328779346 
0.1607250065209747 -0.1008020328779346 0.1722762355074566 -0.2304581111153042 
