0.2713888738888849 -0.5121873615420328 0.2149668489861103 0.1046667599905794 
-0.2236721636708023 -0.3269486984757368 -0.2627782743106502 0.03663859658728465 
0.1318730591063683 -0.1979054459321556 0.1068511009862305 0.06498904879454263 
0.581033560738235 -0.2559731317605405 0.5510155943371053 0.1179160131113308 
0.2713888738888849 -0.5121873615420328 -0.2236721636708023 -0.3269486984757368 
-0.2236721636708023 -0.3269486984757368 0.1318730591063683 -0.1979054459321556 
0.1318730591063683 -0.1979054459321556 0.581033560738235 -0.2559731317605405 
0.581033560738235 -0.2559731317605405 0.2713888738888849 -0.5121873615420328 
0.2149668489861103 0.1046667599905794 0.4031834608343579 0.3697392352591698 
0.4031834608343579 0.3697392352591698 0.5510155943371053 0.1179160131113308 
-0.2627782743106502 0.03663859658728465 -0.0646199165502276 0.2200367131956767 
-0.0646199165502276 0.2200367131956767 0.1068511009862305 0.06498904879454263 
0.4031834608343579 0.3697392352591698 -0.0646199165502276 0.2200367131956767 
0.2149668489861103 0.1046667599905794 -0.2627782743106502 0.03663859658728465 
0.5510155943371053 0.1179160131113308 0.1068511009862305 0.06498904879454263 
0.491948580531302 -0.3296861343024627 0.5403027713363109 -0.2896756568746995 
0.5403027713363109 -0.2896756568746995 0.514861807487581 0.02154563441111114 
0.514861807487581 0.02154563441111114 0.463545878870149 0.01053547600735965 
0.463545878870149 0.01053547600735965 0.491948580531302 -0.3296861343024627 
0.3435305751197719 -0.2297379733414436 0.4176556374350187 -0.1915463902358647 
0.4176556374350187 -0.1915463902358647 0.4014997458113165 -0.002776915909210452 
0.4014997458113165 -0.002776915909210452 0.3249649137512632 -0.01919795021744379 
0.3249649137512632 -0.01919795021744379 0.3435305751197719 -0.2297379733414436 
