0.2699723854479933 -0.4016057540910297 0.2364191388791779 -0.08261632782905391 
0.7166085866255665 -0.6264913686191074 0.6216494390787498 -0.02492411104838265 
-0.2429327865177637 -0.8437847102374811 -0.2716254908988749 -0.07590609657918208 
-0.2339151290682896 -0.4749507864348694 -0.2484248191708337 -0.1145479698599854 
0.2699723854479933 -0.4016057540910297 0.7166085866255665 -0.6264913686191074 
0.7166085866255665 -0.6264913686191074 -0.2429327865177637 -0.8437847102374811 
-0.2429327865177637 -0.8437847102374811 -0.2339151290682896 -0.4749507864348694 
-0.2339151290682896 -0.4749507864348694 0.2699723854479933 -0.4016057540910297 
0.2364191388791779 -0.08261632782905391 -0.005047596058082767 0.07272569231010891 
-0.005047596058082767 0.07272569231010891 -0.2484248191708337 -0.1145479698599854 
0.6216494390787498 -0.02492411104838265 0.1902311969493135 0.2712106584298885 
0.1902311969493135 0.2712106584298885 -0.2716254908988749 -0.07590609657918208 
-0.005047596058082767 0.07272569231010891 0.1902311969493135 0.2712106584298885 
0.2364191388791779 -0.08261632782905391 0.6216494390787498 -0.02492411104838265 
-0.2484248191708337 -0.1145479698599854 -0.2716254908988749 -0.07590609657918208 
-0.01796016634073612 -0.443516739609418 -0.1233034564163352 -0.4588503344995761 
-0.1233034564163352 -0.4588503344995761 -0.1381587338903807 -0.1858171541209087 
-0.1381587338903807 -0.1858171541209087 -0.03604714714707235 -0.1772853607105118 
-0.03604714714707235 -0.1772853607105118 -0.01796016634073612 -0.443516739609418 
0.1663344576269834 -0.286054426867867 0.07179985918406143 -0.2968272405967388 
0.07179985918406143 -0.2968272405967388 0.06147156173873602 -0.1691373189025446 
0.06147156173873602 -0.1691373189025446 0.1547004517542937 -0.1613477070194888 
0.1547004517542937 -0.1613477070194888 0.1663344576269834 -0.286054426867867 
