-0.1238573418309714 -0.2757722449087461 -0.1522176124671641 0.418240350002918 
-0.2478061743031192 -0.04952778149647654 -0.2704534103911042 0.3036570675702051 
0.2047410695164318 -0.0059107937761558 0.2129356583674685 0.2931747526754796 
0.6080429980131083 -0.1443460999788996 0.6651361148989104 0.3674033637464065 
-0.1238573418309714 -0.2757722449087461 -0.2478061743031192 -0.04952778149647654 
-0.2478061743031192 -0.04952778149647654 0.2047410695164318 -0.0059107937761558 
0.2047410695164318 -0.0059107937761558 0.6080429980131083 -0.1443460999788996 
0.6080429980131083 -0.1443460999788996 -0.1238573418309714 -0.2757722449087461 
-0.1522176124671641 0.418240350002918 0.3418657515813001 0.7702296732960332 
0.3418657515813001 0.7702296732960332 0.6651361148989104 0.3674033637464065 
-0.2704534103911042 0.3036570675702051 -0.01043173932230246 0.4905382408578877 
-0.01043173932230246 0.4905382408578877 0.2129356583674685 0.2931747526754796 
0.3418657515813001 0.7702296732960332 -0.01043173932230246 0.4905382408578877 
-0.1522176124671641 0.418240350002918 -0.2704534103911042 0.3036570675702051 
0.6651361148989104 0.3674033637464065 0.2129356583674685 0.2931747526754796 
0.3652966272527939 -0.1879356680771134 0.4932090435890957 -0.1649666450386448 
0.4932090435890957 -0.1649666450386448 0.528927995210029 0.2400147758676253 
0.528927995210029 0.2400147758676253 0.3918082444756765 0.2401157371303034 
0.3918082444756765 0.2401157371303034 0.3652966272527939 -0.1879356680771134 
0.05974936609395371 -0.0129005694471525 0.2289123511970133 0.002962614259316157 
0.2289123511970133 0.002962614259316157 0.2365522871849576 0.2402300520805744 
0.2365522871849576 0.2402300520805744 0.0593071234570887 0.2403605576819755 
0.0593071234570887 0.2403605576819755 0.05974936609395371 -0.0129005694471525 
