0.3086227995918536 -0.4670611080468959 0.3282703214156536 -0.02415102128974488 
-0.3830155962352993 -0.4173122951101883 -0.3287986586341555 0.03236325040775288 
-0.2425967389767215 -0.2918709997353579 -0.2141481569122471 -0.02503617264047091 
0.1669428892020924 -0.3230566032282779 0.183019589690148 -0.05860820767901252 
0.3086227995918536 -0.4670611080468959 -0.3830155962352993 -0.4173122951101883 
-0.3830155962352993 -0.4173122951101883 -0.2425967389767215 -0.2918709997353579 
-0.2425967389767215 -0.2918709997353579 0.1669428892020924 -0.3230566032282779 
0.1669428892020924 -0.3230566032282779 0.3086227995918536 -0.4670611080468959 
0.3282703214156536 -0.02415102128974488 0.2470623686272438 0.1228901326080869 
0.2470623686272438 0.1228901326080869 0.183019589690148 -0.05860820767901252 
-0.3287986586341555 0.03236325040775288 -0.2381777826935897 0.1667736404341436 
-0.2381777826935897 0.1667736404341436 -0.2141481569122471 -0.02503617264047091 
0.2470623686272438 0.1228901326080869 -0.2381777826935897 0.1667736404341436 
0.3282703214156536 -0.02415102128974488 -0.3287986586341555 0.03236325040775288 
0.183019589690148 -0.05860820767901252 -0.2141481569122471 -0.02503617264047091 
0.2071676696568116 -0.3639413664588882 0.185281243606726 -0.3416958417622574 
0.185281243606726 -0.3416958417622574 0.1983507086975554 -0.1188072520906266 
0.1983507086975554 -0.1188072520906266 0.2208761668015871 -0.119472275431587 
0.2208761668015871 -0.119472275431587 0.2071676696568116 -0.3639413664588882 
0.2742712921273756 -0.2702888816036154 0.2410209480306578 -0.2535655146919402 
0.2410209480306578 -0.2535655146919402 0.2480827089355491 -0.120275499297772 
0.2480827089355491 -0.120275499297772 0.281598720444115 -0.1212649988163237 
0.281598720444115 -0.1212649988163237 0.2742712921273756 -0.2702888816036154 
