0.05369021712502715 -0.2618355654774108 0.01534227598692712 0.4217677348808773 
-0.2445629219736846 -0.08519722901791549 -0.2814491454108154 0.2752213070450086 
0.1727120809699264 -0.01124102993427069 0.1627514360094859 0.2733236609707313 
0.6113019595940228 -0.08712960082814086 0.6271576473472948 0.3667252948140841 
0.05369021712502715 -0.2618355654774108 -0.2445629219736846 -0.08519722901791549 
-0.2445629219736846 -0.08519722901791549 0.1727120809699264 -0.01124102993427069 
0.1727120809699264 -0.01124102993427069 0.6113019595940228 -0.08712960082814086 
0.6113019595940228 -0.08712960082814086 0.05369021712502715 -0.2618355654774108 
0.01534227598692712 0.4217677348808773 0.3868794492893586 0.7240410042522569 
0.3868794492893586 0.7240410042522569 0.6271576473472948 0.3667252948140841 
-0.2814491454108154 0.2752213070450086 -0.0438728991004835 0.45912703262971 
-0.0438728991004835 0.45912703262971 0.1627514360094859 0.2733236609707313 
0.3868794492893586 0.7240410042522569 -0.0438728991004835 0.45912703262971 
0.01534227598692712 0.4217677348808773 -0.2814491454108154 0.2752213070450086 
0.6271576473472948 0.3667252948140841 0.1627514360094859 0.2733236609707313 
0.4392461894982156 -0.1410365884302399 0.5313653526091803 -0.1121746294214062 
0.5313653526091803 -0.1121746294214062 0.5395265413405375 0.2554428634818685 
0.5395265413405375 0.2554428634818685 0.4421718341678852 0.2545395055361259 
0.4421718341678852 0.2545395055361259 0.4392461894982156 -0.1410365884302399 
0.1983908013406449 0.01035572603239584 0.3298557406777261 0.03220269604353844 
0.3298557406777261 0.03220269604353844 0.3276372286992613 0.2534767346756572 
0.3276372286992613 0.2534767346756572 0.1909351221062222 0.2522082707484681 
0.1909351221062222 0.2522082707484681 0.1983908013406449 0.01035572603239584 
