-0.7174682027378275 -0.5993316088379194 -0.6363257111856314 -0.09322826708616627 
-0.2164995215859392 -0.4356911154275827 -0.1901033688185089 -0.1326261253963693 
0.2477706791920908 -0.538374148813144 0.253648670890275 -0.1526604065912657 
-0.03935853623008138 -0.9009150088969906 0.00459816683010826 -0.1127356658756013 
-0.7174682027378275 -0.5993316088379194 -0.2164995215859392 -0.4356911154275827 
-0.2164995215859392 -0.4356911154275827 0.2477706791920908 -0.538374148813144 
0.2477706791920908 -0.538374148813144 -0.03935853623008138 -0.9009150088969906 
-0.03935853623008138 -0.9009150088969906 -0.7174682027378275 -0.5993316088379194 
-0.6363257111856314 -0.09322826708616627 -0.3448954854082124 0.1865005266267979 
-0.3448954854082124 0.1865005266267979 0.00459816683010826 -0.1127356658756013 
-0.1901033688185089 -0.1326261253963693 0.0161634086251975 0.02703099769996804 
0.0161634086251975 0.02703099769996804 0.253648670890275 -0.1526604065912657 
-0.3448954854082124 0.1865005266267979 0.0161634086251975 0.02703099769996804 
-0.6363257111856314 -0.09322826708616627 -0.1901033688185089 -0.1326261253963693 
0.00459816683010826 -0.1127356658756013 0.253648670890275 -0.1526604065912657 
-0.3842356790231649 -0.7475338871356068 -0.2289532293853574 -0.8165944114788865 
-0.2289532293853574 -0.8165944114788865 -0.1819681194532733 -0.2577683132868697 
-0.1819681194532733 -0.2577683132868697 -0.3296008042756671 -0.2406546834188618 
-0.3296008042756671 -0.2406546834188618 -0.3842356790231649 -0.7475338871356068 
-0.5913477928716356 -0.4204247089624524 -0.48302589724886 -0.4497949626655482 
-0.48302589724886 -0.4497949626655482 -0.4544190233610011 -0.2261857139980313 
-0.4544190233610011 -0.2261857139980313 -0.56133192015978 -0.2137923354847842 
-0.56133192015978 -0.2137923354847842 -0.5913477928716356 -0.4204247089624524 
