0.01082949890638179 -0.1536243293637616 0.03621509799465873 0.09923691530802622 
0.4286847088334786 -0.2396288767817525 0.4631400658448599 0.07857086447342215 
0.2923517183454816 -0.3802741371996408 0.3503719605133607 0.1668994063611162 
-0.2909162892886508 -0.2083148043610731 -0.2549580704361767 0.1705247849098326 
0.01082949890638179 -0.1536243293637616 0.4286847088334786 -0.2396288767817525 
0.4286847088334786 -0.2396288767817525 0.2923517183454816 -0.3802741371996408 
0.2923517183454816 -0.3802741371996408 -0.2909162892886508 -0.2083148043610731 
-0.2909162892886508 -0.2083148043610731 0.01082949890638179 -0.1536243293637616 
0.03621509799465873 0.09923691530802622 -0.06409117454637615 0.2924764713567016 
-0.06409117454637615 0.2924764713567016 -0.2549580704361767 0.1705247849098326 
0.4631400658448599 0.07857086447342215 0.4452942364144331 0.3301629200818643 
0.4452942364144331 0.3301629200818643 0.3503719605133607 0.1668994063611162 
-0.06409117454637615 0.2924764713567016 0.4452942364144331 0.3301629200818643 
0.03621509799465873 0.09923691530802622 0.4631400658448599 0.07857086447342215 
-0.2549580704361767 0.1705247849098326 0.3503719605133607 0.1668994063611162 
-0.1402321881804123 -0.1810037849978933 -0.208771684442142 -0.1934263531107833 
-0.208771684442142 -0.1934263531107833 -0.1832599909391443 0.07119374257147716 
-0.1832599909391443 0.07119374257147716 -0.1165353304895021 0.061660051256044 
-0.1165353304895021 0.061660051256044 -0.1402321881804123 -0.1810037849978933 
-0.02202375070317128 -0.05759053447307905 -0.07114045831718926 -0.05867674742986004 
-0.07114045831718926 -0.05867674742986004 -0.06005893379936769 0.05359064289902359 
-0.06005893379936769 0.05359064289902359 -0.01163813541092237 0.04667222709935602 
-0.01163813541092237 0.04667222709935602 -0.02202375070317128 -0.05759053447307905 
