0 0 0 1 0.2587221980439565 -0.2519046645132528 
0 0 6.5 1 0.3025803645966667 0.1276855513883545 
10 0 0 1 -0.3569891810300011 -0.3027950707329299 
10 0 6.5 1 -0.3348933118311099 0.193417876135633 
10 10 0 1 -0.3845867019962715 -0.1191311436999135 
10 10 6.5 1 -0.3727212918902701 0.1742018232010427 
0 10 0 1 0.02192893245918605 -0.1134136901608442 
0 10 6.5 1 0.04346330970423098 0.1348518206892523 
0 5 10 1 0.1616372115627094 0.3024089622419245 
10 5 10 1 -0.3499703841735058 0.3930205668968565 
0 6 0 1 0.09378734150386844 -0.155440819012823 
0 8 0 1 0.05518298044059747 -0.132862661797492 
0 8 5 1 0.07366795170699526 0.07087548647834312 
0 6 5 1 0.114768959981756 0.06453142139647376 
0 2 2.5 1 0.2070554050716561 -0.08469380909720624 
0 4 2.5 1 0.1510392397203484 -0.06407908236678311 
0 4 5 1 0.1632586843938008 0.05704688560563705 
0 2 5 1 0.2213262995627441 0.04808397337443179 
0.5 0.5 -0.5 1 0.2144606676641158 -0.2708927245354921 
0.5 0.5 6 1 0.2555893071592173 0.1007726897062677 
10.5 0.5 -0.5 1 -0.3998612779469352 -0.3261273276044304 
10.5 0.5 6 1 -0.3807227427627063 0.1566268199981498 
10.5 10.5 -0.5 1 -0.4098437332303835 -0.1356294663953195 
10.5 10.5 6 1 -0.398980690122536 0.1529616479964361 
0.5 10.5 -0.5 1 -0.004383115873624265 -0.1275347752332786 
0.5 10.5 6 1 0.01615479609152338 0.1173243239695854 
0.5 5.5 9.5 1 0.126108045574003 0.2782298932288507 
10.5 5.5 9.5 1 -0.3842892168457959 0.3615587925344668 
0.5 6.5 -0.5 1 0.06231714920592155 -0.1712281032554051 
0.5 8.5 -0.5 1 0.02651534789887217 -0.1477754251224719 
0.5 8.5 4.5 1 0.04410247074440029 0.05297979443082991 
0.5 6.5 4.5 1 0.0822233348265146 0.04526942776490841 
0.5 2.5 2 1 0.1672347053076214 -0.1048998402756023 
0.5 4.5 2 1 0.1155393293134458 -0.08283072569753912 
0.5 4.5 4.5 1 0.1270926362784338 0.03619411495214404 
0.5 2.5 4.5 1 0.1806763810158468 0.02535620953718159 
