0 0 0 1 -0.6376281751046718 -0.5244368741246602 
0 0 6.5 1 -0.584662588754061 -0.08626158875848637 
10 0 0 1 -0.1468944522424769 -0.415058296510232 
10 0 6.5 1 -0.1377118603126948 -0.1252205056852549 
10 10 0 1 0.2780636237762223 -0.4945064911359001 
10 10 6.5 1 0.2595789530310441 -0.1012133185567784 
0 10 0 1 -0.1736172806560851 -0.7487017752460147 
0 10 6.5 1 -0.1484809074657165 -0.02057504115395951 
0 5 10 1 -0.3944974692567047 0.1911583666736109 
10 5 10 1 0.03197246663370538 0.04817688558463924 
0 6 0 1 -0.4190119286037038 -0.6300980805567294 
0 8 0 1 -0.3110747099040681 -0.6822661006799509 
0 8 5 1 -0.280907459602652 -0.1742752879782961 
0 6 5 1 -0.3830271547795272 -0.1764611853025091 
0 2 2.5 1 -0.5564953637234243 -0.3600112803637209 
0 4 2.5 1 -0.485658868291674 -0.3752618719263327 
0 4 5 1 -0.4668108415883449 -0.1782545958340515 
0 2 5 1 -0.5367901421868666 -0.1797525200656472 
0.5 0.5 -0.5 1 -0.5908573755689676 -0.5594389452411821 
0.5 0.5 6 1 -0.5416053510500952 -0.1181167065041251 
10.5 0.5 -0.5 1 -0.115934518811264 -0.4379661458921009 
10.5 0.5 6 1 -0.1084241850402813 -0.1467369286582766 
10.5 10.5 -0.5 1 0.3206012933885166 -0.5258049357408939 
10.5 10.5 6 1 0.299022340925919 -0.1299712745150369 
0.5 10.5 -0.5 1 -0.09416824130450681 -0.8079859839146994 
0.5 10.5 6 1 -0.07918530422304536 -0.07136468986873022 
0.5 5.5 9.5 1 -0.3440450123677785 0.1542078917526266 
10.5 5.5 9.5 1 0.06450218918745459 0.02445012089501156 
0.5 6.5 -0.5 1 -0.3569157944349236 -0.6765051003113424 
0.5 8.5 -0.5 1 -0.2413654736562537 -0.7343273639085598 
0.5 8.5 4.5 1 -0.2174714800945092 -0.2210530341592395 
0.5 6.5 4.5 1 -0.3259581677654473 -0.2186226840674854 
0.5 2.5 2 1 -0.5073096878112027 -0.3966227003451289 
0.5 4.5 2 1 -0.4318149536885565 -0.4153046448271404 
0.5 4.5 4.5 1 -0.4149476037554358 -0.2166291170357459 
0.5 2.5 4.5 1 -0.4892624947307904 -0.2149642933972137 
