0 0 0 1 -0.2265942438393072 -0.01340530531730522 
0 0 6.5 1 -0.2505579528901075 0.253517737905081 
10 0 0 1 0.1664379400702547 0.01114771364669651 
10 0 6.5 1 0.1610853927138722 0.2713690156958911 
10 10 0 1 0.320465303512694 -0.08767865217319196 
10 10 6.5 1 0.3232371277088639 0.3377949688945536 
0 10 0 1 -0.3192901129421586 -0.1327920437586305 
0 10 6.5 1 -0.3673649759870251 0.3108901504727718 
0 5 10 1 -0.3128393215705714 0.4711041203294072 
10 5 10 1 0.2199981030266609 0.4858935944746628 
0 6 0 1 -0.2707864260289548 -0.07032219435766661 
0 8 0 1 -0.2922621312011218 -0.09798161889348599 
0 8 5 1 -0.322767082210399 0.1985976955732561 
0 6 5 1 -0.2969953441573888 0.195661970876798 
0 2 2.5 1 -0.2487835451606693 0.07900014826963497 
0 4 2.5 1 -0.2645311684776742 0.07022269198541772 
0 4 5 1 -0.2762294982976321 0.1932964801827696 
0 2 5 1 -0.2591401421601134 0.1913497878504058 
0.5 0.5 -0.5 1 -0.2071438918260342 -0.03570873419310109 
0.5 0.5 6 1 -0.2305558393010375 0.2343344013183271 
10.5 0.5 -0.5 1 0.1910478140040908 -0.01016478236324794 
10.5 0.5 6 1 0.1867523072655603 0.2530277350443381 
10.5 10.5 -0.5 1 0.3642738397674166 -0.1247977647907745 
10.5 10.5 6 1 0.370522750537771 0.3086646593750942 
0.5 10.5 -0.5 1 -0.289260773174266 -0.1728387223490517 
0.5 10.5 6 1 -0.3361713323416491 0.2795029793216524 
0.5 5.5 9.5 1 -0.2879880948562113 0.4505016910416838 
10.5 5.5 9.5 1 0.2543805784375543 0.4663754793381583 
0.5 6.5 -0.5 1 -0.2460936202028818 -0.1007523123624225 
0.5 8.5 -0.5 1 -0.2651522418859391 -0.1325790028401492 
0.5 8.5 4.5 1 -0.2948948168446657 0.168991819882103 
0.5 6.5 4.5 1 -0.2716518853017403 0.1692458291151573 
0.5 2.5 2 1 -0.2276068408392583 0.0558267021534271 
0.5 4.5 2 1 -0.2415903479513569 0.04464607293039802 
0.5 4.5 4.5 1 -0.2530074869782784 0.169449583504321 
0.5 2.5 4.5 1 -0.237719764714368 0.169616654624426 
