-0.3982290782016497 -0.3910956719860629 -0.399520571372091 0.2486455998106935 
-0.251746185721177 -0.1210207458639128 -0.2445933360335791 0.2060320429494237 
0.2277182727524924 -0.1361754808007186 0.2586859167609797 0.1734353379676176 
0.5059302942634903 -0.3948933703225054 0.5933285172217687 0.181113361072492 
-0.3982290782016497 -0.3910956719860629 -0.251746185721177 -0.1210207458639128 
-0.251746185721177 -0.1210207458639128 0.2277182727524924 -0.1361754808007186 
0.2277182727524924 -0.1361754808007186 0.5059302942634903 -0.3948933703225054 
0.5059302942634903 -0.3948933703225054 -0.3982290782016497 -0.3910956719860629 
-0.399520571372091 0.2486455998106935 0.1526794808586203 0.5943294486702166 
0.1526794808586203 0.5943294486702166 0.5933285172217687 0.181113361072492 
-0.2445933360335791 0.2060320429494237 0.02509523187065176 0.3746160244281874 
0.02509523187065176 0.3746160244281874 0.2586859167609797 0.1734353379676176 
0.1526794808586203 0.5943294486702166 0.02509523187065176 0.3746160244281874 
-0.399520571372091 0.2486455998106935 -0.2445933360335791 0.2060320429494237 
0.5933285172217687 0.181113361072492 0.2586859167609797 0.1734353379676176 
0.1645743395943828 -0.3934595888668676 0.338388204257803 -0.3941896511156095 
0.338388204257803 -0.3941896511156095 0.3928418496851274 0.04771041305175026 
0.3928418496851274 0.04771041305175026 0.2068025276785027 0.05740145706014663 
0.2068025276785027 0.05740145706014663 0.1645743395943828 -0.3934595888668676 
-0.1963041348690455 -0.165977535496416 -0.001925031391444872 -0.1712662974823421 
-0.001925031391444872 -0.1712662974823421 0.01311099619349685 0.06749111517881053 
0.01311099619349685 0.06749111517881053 -0.1887147869958539 0.07800449764989595 
-0.1887147869958539 0.07800449764989595 -0.1963041348690455 -0.165977535496416 
