0.2868824031221114 -0.2652496484099345 0.2528954750338864 0.08292278885724494 
0.1807470038840342 -0.5799759130143058 0.1117800535389207 0.1167707036843779 
-0.5839043647539531 -0.4840921750647003 -0.6370165761743326 0.01446785040711204 
-0.1760976057784617 -0.2614105455860897 -0.2057920466969884 0.02906167275375453 
0.2868824031221114 -0.2652496484099345 0.1807470038840342 -0.5799759130143058 
0.1807470038840342 -0.5799759130143058 -0.5839043647539531 -0.4840921750647003 
-0.5839043647539531 -0.4840921750647003 -0.1760976057784617 -0.2614105455860897 
-0.1760976057784617 -0.2614105455860897 0.2868824031221114 -0.2652496484099345 
0.2528954750338864 0.08292278885724494 -0.01433249582097164 0.2249278975624579 
-0.01433249582097164 0.2249278975624579 -0.2057920466969884 0.02906167275375453 
0.1117800535389207 0.1167707036843779 -0.3575151640227786 0.372887312793356 
-0.3575151640227786 0.372887312793356 -0.6370165761743326 0.01446785040711204 
-0.01433249582097164 0.2249278975624579 -0.3575151640227786 0.372887312793356 
0.2528954750338864 0.08292278885724494 0.1117800535389207 0.1167707036843779 
-0.2057920466969884 0.02906167275375453 -0.6370165761743326 0.01446785040711204 
-0.01057036230345771 -0.2627831234417884 -0.09616328065546306 -0.2620733735428098 
-0.09616328065546306 -0.2620733735428098 -0.1195879529640862 -0.03113314607441649 
-0.1195879529640862 -0.03113314607441649 -0.0346220311300835 -0.02365090589172474 
-0.0346220311300835 -0.02365090589172474 -0.01057036230345771 -0.2627831234417884 
0.1674945238374781 -0.1358333522296216 0.06896468112912935 -0.1397346284189031 
0.06896468112912935 -0.1397346284189031 0.05659479610070733 -0.01561820059868645 
0.05659479610070733 -0.01561820059868645 0.1547786869815128 -0.006971964110172455 
0.1547786869815128 -0.006971964110172455 0.1674945238374781 -0.1358333522296216 
