0.04281481066831078 -0.254808406064649 0.005074523948598841 0.4321960484924749 
-0.2452615645509639 -0.07767753560730728 -0.2815775330768756 0.2829367512268469 
0.1747717908143024 -0.006000628355759765 0.1658334846776875 0.2798708879800334 
0.6123602157205686 -0.0836399234104374 0.6308610806442377 0.3747402677305885 
0.04281481066831078 -0.254808406064649 -0.2452615645509639 -0.07767753560730728 
-0.2452615645509639 -0.07767753560730728 0.1747717908143024 -0.006000628355759765 
0.1747717908143024 -0.006000628355759765 0.6123602157205686 -0.0836399234104374 
0.6123602157205686 -0.0836399234104374 0.04281481066831078 -0.254808406064649 
0.005074523948598841 0.4321960484924749 0.3856131716378478 0.737268434844764 
0.3856131716378478 0.737268434844764 0.6308610806442377 0.3747402677305885 
-0.2815775330768756 0.2829367512268469 -0.04220052745092397 0.4671070739108275 
-0.04220052745092397 0.4671070739108275 0.1658334846776875 0.2798708879800334 
0.3856131716378478 0.737268434844764 -0.04220052745092397 0.4671070739108275 
0.005074523948598841 0.4321960484924749 -0.2815775330768756 0.2829367512268469 
0.6308610806442377 0.3747402677305885 0.1658334846776875 0.2798708879800334 
0.4359512241787383 -0.1366570474903063 0.5303262795082072 -0.10829401466122 
0.5303262795082072 -0.10829401466122 0.5403255912863955 0.2624916505059386 
0.5403255912863955 0.2624916505059386 0.4405052831214933 0.2619876761818533 
0.4405052831214933 0.2619876761818533 0.4359512241787383 -0.1366570474903063 
0.1906149593599725 0.01722392157993045 0.3248019944105576 0.03839526264946461 
0.3248019944105576 0.03839526264946461 0.3232780248775423 0.261395817377528 
0.3232780248775423 0.261395817377528 0.1836556837256027 0.2606908899303695 
0.1836556837256027 0.2606908899303695 0.1906149593599725 0.01722392157993045 
