0 0 0 1 -0.4817000569901551 -0.4429445632928936 
0 0 6.5 1 -0.4824832087489779 -0.08810555855278999 
10 0 0 1 -0.03365896883452555 -0.345558127555208 
10 0 6.5 1 -0.05050270320505306 -0.07847713663438474 
10 10 0 1 0.312686090972642 -0.4173950672896697 
10 10 6.5 1 0.269905046263436 -0.02499967994680939 
0 10 0 1 -0.2753282238781437 -0.6296268466482259 
0 10 6.5 1 -0.2932883554077217 -0.01310685731012592 
0 5 10 1 -0.4149624169099722 0.1606282039469965 
10 5 10 1 0.06693042371187595 0.1033825493642132 
0 6 0 1 -0.38662680137153 -0.5289470578061678 
0 8 0 1 -0.3382864894255736 -0.572675311202464 
0 8 5 1 -0.3471334832532922 -0.1525488634972909 
0 6 5 1 -0.392117683419683 -0.1573457450331465 
0 2 2.5 1 -0.4568487847116907 -0.312167841813326 
0 4 2.5 1 -0.4265714271937011 -0.3239765567222658 
0 4 5 1 -0.4281585299591337 -0.1611889537744873 
0 2 5 1 -0.4576819299320652 -0.1643371758542842 
0.5 0.5 -0.5 1 -0.4457130836808824 -0.4707081464995493 
0.5 0.5 6 1 -0.4482289467474678 -0.1114603196674267 
10.5 0.5 -0.5 1 -0.003526979820703666 -0.3657696584124304 
10.5 0.5 6 1 -0.02158171864392177 -0.09618813504723236 
10.5 10.5 -0.5 1 0.3609631485726169 -0.448144930138096 
10.5 10.5 6 1 0.3151983762903961 -0.0503318524203703 
0.5 10.5 -0.5 1 -0.2083732321994168 -0.6817243667383297 
0.5 10.5 6 1 -0.2320750604379294 -0.05182552765346504 
0.5 5.5 9.5 1 -0.3724240221793754 0.1347465004096763 
10.5 5.5 9.5 1 0.10137013406607 0.08423446258691968 
0.5 6.5 -0.5 1 -0.3367805767960019 -0.567558825896631 
0.5 8.5 -0.5 1 -0.2811271459353465 -0.6170396718238177 
0.5 8.5 4.5 1 -0.2932952501209806 -0.1888892053502107 
0.5 6.5 4.5 1 -0.3448182000490126 -0.1896841242610872 
0.5 2.5 2 1 -0.4180135359691239 -0.3406640224251063 
0.5 4.5 2 1 -0.3834195361399708 -0.3555280445496276 
0.5 4.5 4.5 1 -0.3859899460693184 -0.1903193402095346 
0.5 2.5 4.5 1 -0.4196451484717018 -0.1908385875910685 
