0 0 0 1 0.4026861878508758 -0.6006266598379135 
0 0 6.5 1 0.354414766289263 -0.06118529613502547 
10 0 0 1 -0.3037556609089302 -0.5277664569521072 
10 0 6.5 1 -0.2882403079954154 -0.09969858279635838 
10 10 0 1 -0.05267258827978476 -0.400241123937746 
10 10 6.5 1 -0.05509837100023818 -0.1326549347562106 
0 10 0 1 0.3835927822717602 -0.4219189517681143 
0 10 6.5 1 0.3562789896628067 -0.1147327822652943 
0 5 10 1 0.3387759834148164 0.09373775372707817 
10 5 10 1 -0.1446800889717532 0.04166492423949737 
0 6 0 1 0.3888070456011443 -0.4707226628193201 
0 8 0 1 0.3859505635675541 -0.4439869736176071 
0 8 5 1 0.3626123191876524 -0.1817248348982919 
0 6 5 1 0.3629801991652084 -0.180777268339293 
0 2 2.5 1 0.3798472000553211 -0.3556870082124837 
0 4 2.5 1 0.3774491820535644 -0.3368181447841246 
0 4 5 1 0.3634300039084034 -0.1796186841304916 
0 2 5 1 0.3639925286420879 -0.1781697614960219 
0.5 0.5 -0.5 1 0.3620412175391994 -0.6249571838513638 
0.5 0.5 6 1 0.3193587370302841 -0.1039550258647964 
10.5 0.5 -0.5 1 -0.3123572237976119 -0.5495466738352706 
10.5 0.5 6 1 -0.2966827156256253 -0.1331468408019791 
10.5 10.5 -0.5 1 -0.06338321564236934 -0.4166348886336517 
10.5 10.5 6 1 -0.06524395183675805 -0.1536337337776649 
0.5 10.5 -0.5 1 0.3607206808766273 -0.4402185113236532 
0.5 10.5 6 1 0.3352895652738255 -0.1390621877305036 
0.5 5.5 9.5 1 0.3139212658891185 0.05860296195379348 
10.5 5.5 9.5 1 -0.1545052790531305 0.01284575740958209 
0.5 6.5 -0.5 1 0.3610862048646415 -0.4913540975112106 
0.5 8.5 -0.5 1 0.3608864262835934 -0.4634057406739137 
0.5 8.5 4.5 1 0.3393061918668021 -0.2068621687392484 
0.5 6.5 4.5 1 0.3373935293797789 -0.2083895973339134 
0.5 2.5 2 1 0.3464268223879857 -0.3848873887809134 
0.5 4.5 2 1 0.347816796690591 -0.3633714027154094 
0.5 4.5 4.5 1 0.3350680079430788 -0.2102467299770336 
0.5 2.5 4.5 1 0.3321797777022759 -0.2125532349080967 
