0 0 0 1 -0.2447579610993234 -0.02395964905132055 
0 0 6.5 1 -0.2718500648080123 0.2454404296864074 
10 0 0 1 0.1491149542562418 0.007476835267965282 
10 0 6.5 1 0.139559888380372 0.2658611433884798 
10 10 0 1 0.3177549305534297 -0.08127021686915198 
10 10 6.5 1 0.3134948470562446 0.3398377917614868 
0 10 0 1 -0.3224441210857433 -0.1401480750621387 
0 10 6.5 1 -0.3744310908180181 0.3110347812639543 
0 5 10 1 -0.3306758840800547 0.4670685996095052 
10 5 10 1 0.2001192426638687 0.4802560410545669 
0 6 0 1 -0.2816577590533018 -0.07914746429588158 
0 8 0 1 -0.2996793324579296 -0.1061007626502879 
0 8 5 1 -0.3330818778596198 0.1951745010022466 
0 6 5 1 -0.310638731570457 0.1905471453689062 
0 2 2.5 1 -0.2661565620901503 0.07032456171699474 
0 4 2.5 1 -0.2795698152028153 0.0624095512804592 
0 4 5 1 -0.2925978827845555 0.1868274608744022 
0 2 5 1 -0.2777797345642584 0.1837722367645823 
0.5 0.5 -0.5 1 -0.2242105489156108 -0.04599761745117439 
0.5 0.5 6 1 -0.2508099259120621 0.2265272069610232 
10.5 0.5 -0.5 1 0.1742269317983598 -0.01314284870260123 
10.5 0.5 6 1 0.1655875583739352 0.2481211403724859 
10.5 10.5 -0.5 1 0.3623813690756028 -0.1167891741543753 
10.5 10.5 6 1 0.3611450754321797 0.3120181150637658 
0.5 10.5 -0.5 1 -0.2899405720397432 -0.1798720405738431 
0.5 10.5 6 1 -0.3408222792550383 0.2801254490027132 
0.5 5.5 9.5 1 -0.3043795747131501 0.4467785946422528 
10.5 5.5 9.5 1 0.2347483034188421 0.4614232882394192 
0.5 6.5 -0.5 1 -0.255273612037415 -0.1092647434645196 
0.5 8.5 -0.5 1 -0.2705480165241741 -0.1403746076029428 
0.5 8.5 4.5 1 -0.3032401194139857 0.1659740355306528 
0.5 6.5 4.5 1 -0.2836570099853442 0.1644928675546353 
0.5 2.5 2 1 -0.2437532872417885 0.0474458883358246 
0.5 4.5 2 1 -0.2552110940262318 0.03715147154167495 
0.5 4.5 4.5 1 -0.2679845353692549 0.1633074803416963 
0.5 2.5 4.5 1 -0.2551576411338626 0.162337318527381 
