0 0 0 1 0.2892685662888561 -0.3294081916357507 
0 0 6.5 1 0.324377155330645 0.08365794187095225 
10 0 0 1 -0.3786744776610339 -0.2927597183943327 
10 0 6.5 1 -0.3271973885622322 0.1647825559043669 
10 10 0 1 -0.2891297895829834 -0.1824447903688064 
10 10 6.5 1 -0.2596673629479749 0.08703421154398368 
0 10 0 1 0.1144322193498195 -0.2116621542490648 
0 10 6.5 1 0.1378977154736855 0.04174821311135166 
0 5 10 1 0.2238872603413495 0.2235367381536477 
10 5 10 1 -0.2650161372741215 0.2946838876718674 
0 6 0 1 0.1651195603631265 -0.2457982687039476 
0 8 0 1 0.1376462548224126 -0.2272959783165791 
0 8 5 1 0.1570452223271189 -0.01548210817425121 
0 6 5 1 0.1860203047298233 -0.01456160935869474 
0 2 2.5 1 0.2510035485137659 -0.1528648785347977 
0 4 2.5 1 0.2095245914624824 -0.1400791900629259 
0 4 5 1 0.2207875017187726 -0.01345710296924749 
0 2 5 1 0.2632764439783513 -0.01210728727310509 
0.5 0.5 -0.5 1 0.2433601358427681 -0.3499473251206062 
0.5 0.5 6 1 0.278373898871623 0.05343019003210526 
10.5 0.5 -0.5 1 -0.4112847361012633 -0.3165275038017442 
10.5 0.5 6 1 -0.3605949576168614 0.1291596407396338 
10.5 10.5 -0.5 1 -0.3099474422515588 -0.1983494362042329 
10.5 10.5 6 1 -0.2807310573116881 0.06697350098501662 
0.5 10.5 -0.5 1 0.08871394039897332 -0.2261592533593842 
0.5 10.5 6 1 0.1120890193073864 0.0235720280374142 
0.5 5.5 9.5 1 0.1906937347775402 0.1979172981142281 
10.5 5.5 9.5 1 -0.2910759788724617 0.2656186634988605 
0.5 6.5 -0.5 1 0.1338545418254294 -0.2622924928011119 
0.5 8.5 -0.5 1 0.1094189915734801 -0.2427328156979491 
0.5 8.5 4.5 1 0.1287419265154628 -0.03425668941824161 
0.5 6.5 4.5 1 0.1546740101344716 -0.03502817703679158 
0.5 2.5 2 1 0.2112090335911377 -0.1748993033036012 
0.5 4.5 2 1 0.1744665510996693 -0.1601951060708681 
0.5 4.5 4.5 1 0.1856883481510135 -0.0359508633171854 
0.5 2.5 4.5 1 0.2234413056980823 -0.03707402564147531 
