0 0 0 1 -0.414601880046666 -0.4139646209791275 
0 0 6.5 1 -0.4328252884072309 -0.08866212048345239 
10 0 0 1 0.01305266319379646 -0.315109282880819 
10 0 6.5 1 -0.01034631940707735 -0.05637312497678094 
10 10 0 1 0.3237622502484734 -0.4089325510025103 
10 10 6.5 1 0.2789413170065389 -0.01669151562772275 
0 10 0 1 -0.2874957316279555 -0.6239727976339462 
0 10 6.5 1 -0.3244371221418441 -0.05532825596442788 
0 5 10 1 -0.4055377866598875 0.1355101313293356 
10 5 10 1 0.08899971001711166 0.1210642774581501 
0 6 0 1 -0.3559875577238299 -0.5108087713999785 
0 8 0 1 -0.3262228693927618 -0.5599867852322852 
0 8 5 1 -0.3501285663500925 -0.1760819166508071 
0 6 5 1 -0.3764103034228019 -0.1714528460765695 
0 2 2.5 1 -0.4066926200497085 -0.3009553712202111 
0 4 2.5 1 -0.3885819089048858 -0.3179605419754996 
0 4 5 1 -0.3973706525516409 -0.1677610453744459 
0 2 5 1 -0.414477208300737 -0.1647480233041915 
0.5 0.5 -0.5 1 -0.382375590250094 -0.4397170894824106 
0.5 0.5 6 1 -0.4016279434341066 -0.1102880311724189 
10.5 0.5 -0.5 1 0.04240968185835854 -0.3347417006313258 
10.5 0.5 6 1 0.01820307260878015 -0.07339768500851171 
10.5 10.5 -0.5 1 0.3727371864194798 -0.4401720052845196 
10.5 10.5 6 1 0.325805719357273 -0.04190995541405981 
0.5 10.5 -0.5 1 -0.2280900092821824 -0.673536765623684 
0.5 10.5 6 1 -0.2683798666852483 -0.09218829534059098 
0.5 5.5 9.5 1 -0.3663009149529503 0.1115323388233896 
10.5 5.5 9.5 1 0.1239094771389859 0.1026378946048695 
0.5 6.5 -0.5 1 -0.3115438720537729 -0.5470625024840204 
0.5 8.5 -0.5 1 -0.2753684158226091 -0.6018863778401544 
0.5 8.5 4.5 1 -0.3012079442594884 -0.2104816154739479 
0.5 6.5 4.5 1 -0.3334568227048804 -0.2018555794327236 
0.5 2.5 2 1 -0.37169950798754 -0.3275081076275757 
0.5 4.5 2 1 -0.3497202931379103 -0.347491271904 
0.5 4.5 4.5 1 -0.3590919409793692 -0.1949986137081253 
0.5 2.5 4.5 1 -0.3799586467315059 -0.1894171186435963 
