0 0 0 1 -0.3626409136782107 -0.3304161869406203 
0 0 6.5 1 -0.3906836585300121 -0.03013306417015296 
10 0 0 1 0.04824929206875597 -0.2444241626570175 
10 0 6.5 1 0.02300250223789054 0.007086928519716948 
10 10 0 1 0.3229960273800804 -0.3441408716861754 
10 10 6.5 1 0.282246606907995 0.04471862192542415 
0 10 0 1 -0.2959840315326532 -0.5262183674281056 
0 10 6.5 1 -0.3448930601114968 -0.006966452829145337 
0 5 10 1 -0.392879462615313 0.1812752505441751 
10 5 10 1 0.1082616537436916 0.1850724059824519 
0 6 0 1 -0.3316845469273343 -0.4213493946558547 
0 8 0 1 -0.3161080772835158 -0.4671047108720671 
0 8 5 1 -0.3489145376322078 -0.1179113102029181 
0 6 5 1 -0.3607230686152056 -0.1116433480782157 
0 2 2.5 1 -0.36605586847693 -0.2285832210208853 
0 4 2.5 1 -0.3571520292403311 -0.2454400281212833 
0 4 5 1 -0.3701451470893883 -0.1066421137081503 
0 2 5 1 -0.3778378175764508 -0.102558848201192 
0.5 0.5 -0.5 1 -0.3336908443137855 -0.3544444656010875 
0.5 0.5 6 1 -0.3622140790311188 -0.05046462057819189 
10.5 0.5 -0.5 1 0.07657828189658139 -0.2636626511802302 
10.5 0.5 6 1 0.05095973858174466 -0.00956317571847212 
10.5 10.5 -0.5 1 0.3713421909280566 -0.3756206564263901 
10.5 10.5 6 1 0.3296443176294637 0.01946090105913837 
0.5 10.5 -0.5 1 -0.2440707159645627 -0.5722394170248107 
0.5 10.5 6 1 -0.2944492066616776 -0.0418345619682767 
0.5 5.5 9.5 1 -0.3568897630550357 0.1587342589860439 
10.5 5.5 9.5 1 0.1432020132259044 0.1670289844339236 
0.5 6.5 -0.5 1 -0.292265515435245 -0.4551163532339256 
0.5 8.5 -0.5 1 -0.2712934584796632 -0.5060826730778103 
0.5 8.5 4.5 1 -0.3049575684083264 -0.1503501222814116 
0.5 6.5 4.5 1 -0.3219751831060244 -0.1402771754516738 
0.5 2.5 2 1 -0.3345149922788361 -0.2534693764631478 
0.5 4.5 2 1 -0.3222424380867268 -0.2731256852901897 
0.5 4.5 4.5 1 -0.335504215540863 -0.1322691657044344 
0.5 2.5 4.5 1 -0.3465176643769101 -0.1257501625122569 
