-0.003346925205256091 -0.1069458951134272 0.02116251261926198 0.1448325946487882 
0.4092699847827616 -0.1832406637896896 0.4460891271635866 0.1258067273916657 
0.3070370354767545 -0.3121379097964743 0.3679632609129463 0.2195047839901667 
-0.2879718551422764 -0.1605368378766024 -0.2563074461634728 0.221577459229779 
-0.003346925205256091 -0.1069458951134272 0.4092699847827616 -0.1832406637896896 
0.4092699847827616 -0.1832406637896896 0.3070370354767545 -0.3121379097964743 
0.3070370354767545 -0.3121379097964743 -0.2879718551422764 -0.1605368378766024 
-0.2879718551422764 -0.1605368378766024 -0.003346925205256091 -0.1069458951134272 
0.02116251261926198 0.1448325946487882 -0.07352771879200209 0.3426947322941134 
-0.07352771879200209 0.3426947322941134 -0.2563074461634728 0.221577459229779 
0.4460891271635866 0.1258067273916657 0.4429969719351541 0.3772307044789944 
0.4429969719351541 0.3772307044789944 0.3679632609129463 0.2195047839901667 
-0.07352771879200209 0.3426947322941134 0.4429969719351541 0.3772307044789944 
0.02116251261926198 0.1448325946487882 0.4460891271635866 0.1258067273916657 
-0.2563074461634728 0.221577459229779 0.3679632609129463 0.2195047839901667 
-0.1451045415206178 -0.13363689615779 -0.2099058822295014 -0.1458380935078437 
-0.2099058822295014 -0.1458380935078437 -0.1868692831054519 0.1194213019015646 
-0.1868692831054519 0.1194213019015646 -0.1232361549098895 0.1089568968329131 
-0.1232361549098895 0.1089568968329131 -0.1451045415206178 -0.13363689615779 
-0.03391720962334881 -0.01150899531704331 -0.08012746868953967 -0.01224028750960066 
-0.08012746868953967 -0.01224028750960066 -0.06968383144713564 0.1001502701437543 
-0.06968383144713564 0.1001502701437543 -0.02399262290593221 0.09263639603745627 
-0.02399262290593221 0.09263639603745627 -0.03391720962334881 -0.01150899531704331 
