0.2623372198286136 -0.1357329280379055 0.2487572764735384 0.2218241446493631 
-0.06471615574239151 -0.3920190138485268 -0.1207052078743412 0.2521605175453024 
-0.5648494820077029 -0.244735858747921 -0.6294905757548683 0.1689895482385449 
-0.1432300583475102 -0.09784292246157024 -0.1689871849480081 0.1753176893263259 
0.2623372198286136 -0.1357329280379055 -0.06471615574239151 -0.3920190138485268 
-0.06471615574239151 -0.3920190138485268 -0.5648494820077029 -0.244735858747921 
-0.5648494820077029 -0.244735858747921 -0.1432300583475102 -0.09784292246157024 
-0.1432300583475102 -0.09784292246157024 0.2623372198286136 -0.1357329280379055 
0.2487572764735384 0.2218241446493631 -0.001056624317438608 0.3735283040553285 
-0.001056624317438608 0.3735283040553285 -0.1689871849480081 0.1753176893263259 
-0.1207052078743412 0.2521605175453024 -0.4722085913123759 0.5037708460188853 
-0.4722085913123759 0.5037708460188853 -0.6294905757548683 0.1689895482385449 
-0.001056624317438608 0.3735283040553285 -0.4722085913123759 0.5037708460188853 
0.2487572764735384 0.2218241446493631 -0.1207052078743412 0.2521605175453024 
-0.1689871849480081 0.1753176893263259 -0.6294905757548683 0.1689895482385449 
-0.005808450775444876 -0.1106814963737223 -0.07785149088912156 -0.1039508962032176 
-0.07785149088912156 -0.1039508962032176 -0.09648125199424942 0.1145662595504172 
-0.09648125199424942 0.1145662595504172 -0.02310718273973505 0.1191144778976576 
-0.02310718273973505 0.1191144778976576 -0.005808450775444876 -0.1106814963737223 
0.1562829835072495 -0.0005658952151015937 0.06632338204308251 0.0009994539505224919 
0.06632338204308251 0.0009994539505224919 0.05841493799773238 0.1241677672819217 
0.05841493799773238 0.1241677672819217 0.1495221383844417 0.129815204374816 
0.1495221383844417 0.129815204374816 0.1562829835072495 -0.0005658952151015937 
