-0.3819311669881449 -0.3705426876976202 -0.4067543976258825 -0.06089063142918994 
0.03511071077470727 -0.2780501179571416 0.01013212231928469 -0.02396226363231559 
0.3245561217558816 -0.3777496746602629 0.281568795785723 0.0123043621690536 
-0.2920350348699933 -0.5763169942543221 -0.3368591240712512 -0.03797144491506099 
-0.3819311669881449 -0.3705426876976202 0.03511071077470727 -0.2780501179571416 
0.03511071077470727 -0.2780501179571416 0.3245561217558816 -0.3777496746602629 
0.3245561217558816 -0.3777496746602629 -0.2920350348699933 -0.5763169942543221 
-0.2920350348699933 -0.5763169942543221 -0.3819311669881449 -0.3705426876976202 
-0.4067543976258825 -0.06089063142918994 -0.3978639938784914 0.1538407583945974 
-0.3978639938784914 0.1538407583945974 -0.3368591240712512 -0.03797144491506099 
0.01013212231928469 -0.02396226363231559 0.1007528818581665 0.1527522958381987 
0.1007528818581665 0.1527522958381987 0.281568795785723 0.0123043621690536 
-0.3978639938784914 0.1538407583945974 0.1007528818581665 0.1527522958381987 
-0.4067543976258825 -0.06089063142918994 0.01013212231928469 -0.02396226363231559 
-0.3368591240712512 -0.03797144491506099 0.281568795785723 0.0123043621690536 
-0.340316063467682 -0.4658006133440067 -0.319288732347933 -0.513932656157791 
-0.319288732347933 -0.513932656157791 -0.3491310581912987 -0.1514571810275308 
-0.3491310581912987 -0.1514571810275308 -0.3665097217293965 -0.1448221708877324 
-0.3665097217293965 -0.1448221708877324 -0.340316063467682 -0.4658006133440067 
-0.381217801140224 -0.2650722451905093 -0.368772138292093 -0.2826480868895289 
-0.368772138292093 -0.2826480868895289 -0.3803686829381019 -0.1395309499635659 
-0.3803686829381019 -0.1395309499635659 -0.3916788874221218 -0.13521282036343 
-0.3916788874221218 -0.13521282036343 -0.381217801140224 -0.2650722451905093 
