0 0 0 1 0.2562470699207395 -0.1537143942855302 
0 0 6.5 1 0.2916192217080323 0.2196849985176379 
10 0 0 1 -0.3130803952341178 -0.2629454364103662 
10 0 6.5 1 -0.3187786587578395 0.2726514357670903 
10 10 0 1 -0.4418691247840805 -0.07466837598121934 
10 10 6.5 1 -0.4526728737388536 0.2457334701004081 
0 10 0 1 -0.0277845137550405 -0.03825977029750672 
0 10 6.5 1 -0.01725748564645747 0.2160960400462029 
0 5 10 1 0.1174431353927142 0.3947222074369858 
10 5 10 1 -0.4097401084477459 0.4970536303764004 
0 6 0 1 0.0609569324728383 -0.07433185134497375 
0 8 0 1 0.01356863993034008 -0.0550692136265786 
0 8 5 1 0.02369665528052135 0.1515640442629261 
0 6 5 1 0.07376485429711437 0.1472108352673568 
0 2 2.5 1 0.1901665454792064 0.0037114210412787 
0 4 2.5 1 0.1237588342459415 0.02020833027901833 
0 4 5 1 0.1320592303838879 0.1421423964707477 
0 2 5 1 0.2007885690865933 0.1361666837154119 
0.5 0.5 -0.5 1 0.2134170445297961 -0.1756613289802822 
0.5 0.5 6 1 0.2453743241889554 0.1909357990426473 
10.5 0.5 -0.5 1 -0.3629026984002212 -0.2919102900190633 
10.5 0.5 6 1 -0.3734092042700924 0.2297454315666475 
10.5 10.5 -0.5 1 -0.4705703311334047 -0.09435328654609568 
10.5 10.5 6 1 -0.4828977194133938 0.2210522542627915 
0.5 10.5 -0.5 1 -0.05451335852698156 -0.05433512354893481 
0.5 10.5 6 1 -0.0453044248547703 0.1968642302062641 
0.5 5.5 9.5 1 0.08125647788173132 0.3688947307063567 
10.5 5.5 9.5 1 -0.4501707330171992 0.460610279536735 
0.5 6.5 -0.5 1 0.02944224467117608 -0.0923525140522956 
0.5 8.5 -0.5 1 -0.0153626142409554 -0.0720636500238865 
0.5 8.5 4.5 1 -0.006410252404350845 0.1318541677943066 
0.5 6.5 4.5 1 0.04085410973286772 0.126068165387035 
0.5 2.5 2 1 0.150876166206914 -0.01880738958553373 
0.5 4.5 2 1 0.08835335217918219 -0.0007102468442705038 
0.5 4.5 4.5 1 0.095792905805702 0.11934267514542 
0.5 2.5 4.5 1 0.1604404718038551 0.1114286579964397 
