0 0 0 1 -0.4715253308776963 -0.352097318447511 
0 0 6.5 1 -0.4590477982708278 0.2829721704575311 
10 0 0 1 -0.2529193948104001 -0.1188524410294279 
10 0 6.5 1 -0.2377142505654061 0.2044073114733311 
10 10 0 1 0.232086870547711 -0.152803635574712 
10 10 6.5 1 0.2668037932747476 0.1640108361900469 
0 10 0 1 0.4652643734254998 -0.4104982696092775 
0 10 6.5 1 0.5533804762006971 0.200008463123003 
0 5 10 1 0.08658040759274002 0.6205506476008353 
10 5 10 1 0.03093154130562188 0.3674867546793816 
0 6 0 1 0.09711535393558071 -0.3875472777177992 
0 8 0 1 0.282258915097051 -0.3990894200189351 
0 8 5 1 0.3379206411984214 0.06544324035829527 
0 6 5 1 0.1416357424153646 0.08058346963080307 
0 2 2.5 1 -0.2693610236640532 -0.1335498245440201 
0 4 2.5 1 -0.07415297143421544 -0.1471187494758808 
0 4 5 1 -0.05709988873401676 0.09591273356742293 
0 2 5 1 -0.2583324388347971 0.1114345947218288 
0.5 0.5 -0.5 1 -0.4064707881960239 -0.3761699568745849 
0.5 0.5 6 1 -0.3895471242769686 0.2214408059972461 
10.5 0.5 -0.5 1 -0.2246007450350579 -0.1379243217291393 
10.5 0.5 6 1 -0.2086900623035279 0.1753710596735676 
10.5 10.5 -0.5 1 0.2469182564987614 -0.1706811421222093 
10.5 10.5 6 1 0.2812494273365789 0.1365485151763354 
0.5 10.5 -0.5 1 0.4812645214169832 -0.43096403180661 
0.5 10.5 6 1 0.5658209643022395 0.1448010824846936 
0.5 5.5 9.5 1 0.1266299081387799 0.5378558352037857 
10.5 5.5 9.5 1 0.05261349830474832 0.3333351982261781 
0.5 6.5 -0.5 1 0.1320758926443303 -0.4094109092900338 
0.5 8.5 -0.5 1 0.3076327514128747 -0.4202468820963741 
0.5 8.5 4.5 1 0.3617860010341271 0.01810618112246407 
0.5 6.5 4.5 1 0.1762433962077751 0.03215079956852059 
0.5 2.5 2 1 -0.213536516998665 -0.1697783010696857 
0.5 4.5 2 1 -0.02895078592263792 -0.1824233729203534 
0.5 4.5 4.5 1 -0.01148994797490532 0.04636124568743516 
0.5 2.5 4.5 1 -0.20145306169176 0.06074047386241412 
