0 0 0 1 -0.3760141593413711 -0.3964973308301774 
0 0 6.5 1 -0.3806666846254613 0.2446631841967085 
10 0 0 1 -0.2511386090999985 -0.1198193135709988 
10 0 6.5 1 -0.2464066661813957 0.2084812022948087 
10 10 0 1 0.2264729120781974 -0.1292460712496686 
10 10 6.5 1 0.2560690941976255 0.178606502875499 
0 10 0 1 0.5167843552190029 -0.38444216606013 
0 10 6.5 1 0.6032718642812899 0.18286090807267 
0 5 10 1 0.1713154566971912 0.5930396938062814 
10 5 10 1 0.02319558048038843 0.3788979874479138 
0 6 0 1 0.1834566276999423 -0.3889429807592298 
0 8 0 1 0.3537411949329772 -0.3866436842412452 
0 8 5 1 0.407543667233872 0.04957291001773329 
0 6 5 1 0.224938782993313 0.05755118078712917 
0 2 2.5 1 -0.1746247175942573 -0.1690129615261513 
0 4 2.5 1 0.01884956517872891 -0.17170606370872 
0 4 5 1 0.03336023117078445 0.06592152403619216 
0 2 5 1 -0.1678701343536756 0.07471356894701527 
0.5 0.5 -0.5 1 -0.3172047904184184 -0.4122391896265369 
0.5 0.5 6 1 -0.3152322964100105 0.1864245187733942 
10.5 0.5 -0.5 1 -0.2237826434788772 -0.1365814009275834 
10.5 0.5 6 1 -0.217717956999309 0.1802736544678331 
10.5 10.5 -0.5 1 0.23857169936383 -0.1447973977622446 
10.5 10.5 6 1 0.2678919618693246 0.1529636474394095 
0.5 10.5 -0.5 1 0.5235399902808595 -0.3992197212400656 
0.5 10.5 6 1 0.6057782822880446 0.1345545389288822 
0.5 5.5 9.5 1 0.2014971564633234 0.5129629154486989 
10.5 5.5 9.5 1 0.04319041741025954 0.3452917377980207 
0.5 6.5 -0.5 1 0.2084404831706247 -0.4040992377896686 
0.5 8.5 -0.5 1 0.3692324743606202 -0.40160927140016 
0.5 8.5 4.5 1 0.4211300064734639 0.008811645272225128 
0.5 6.5 4.5 1 0.2494026603892605 0.01540712313524519 
0.5 2.5 2 1 -0.1266696195124213 -0.1982621882131377 
0.5 4.5 2 1 0.05470360920877943 -0.2001506590194326 
0.5 4.5 4.5 1 0.06973601011346447 0.02230752334311849 
0.5 2.5 4.5 1 -0.1184335478723207 0.02953449203790614 
