0 0 0 1 0.04281481066831078 -0.254808406064649 
0 0 6.5 1 0.005074523948598841 0.4321960484924749 
10 0 0 1 -0.2452615645509639 -0.07767753560730728 
10 0 6.5 1 -0.2815775330768756 0.2829367512268469 
10 10 0 1 0.1747717908143024 -0.006000628355759765 
10 10 6.5 1 0.1658334846776875 0.2798708879800334 
0 10 0 1 0.6123602157205686 -0.0836399234104374 
0 10 6.5 1 0.6308610806442377 0.3747402677305885 
0 5 10 1 0.3856131716378478 0.737268434844764 
10 5 10 1 -0.04220052745092397 0.4671070739108275 
0 6 0 1 0.4359512241787383 -0.1366570474903063 
0 8 0 1 0.5303262795082072 -0.10829401466122 
0 8 5 1 0.5403255912863955 0.2624916505059386 
0 6 5 1 0.4405052831214933 0.2619876761818533 
0 2 2.5 1 0.1906149593599725 0.01722392157993045 
0 4 2.5 1 0.3248019944105576 0.03839526264946461 
0 4 5 1 0.3232780248775423 0.261395817377528 
0 2 5 1 0.1836556837256027 0.2606908899303695 
0.5 0.5 -0.5 1 0.05963641919462125 -0.2716695405687469 
0.5 0.5 6 1 0.02663165371962664 0.3601869410995196 
10.5 0.5 -0.5 1 -0.224712357612965 -0.09393075649366056 
10.5 0.5 6 1 -0.258366129452149 0.2509264642955406 
10.5 10.5 -0.5 1 0.178131328015511 -0.02122633521373198 
10.5 10.5 6 1 0.1696346791321141 0.2546651693589913 
0.5 10.5 -0.5 1 0.5964393642220469 -0.1035224711011428 
0.5 10.5 6 1 0.6128436519184778 0.3297116651115754 
0.5 5.5 9.5 1 0.3789137560899606 0.6570058108450715 
10.5 5.5 9.5 1 -0.03007081111016164 0.4311809410664943 
0.5 6.5 -0.5 1 0.4274989627077835 -0.156441020994442 
0.5 8.5 -0.5 1 0.5175741250864202 -0.128226059198708 
0.5 8.5 4.5 1 0.5262897074348022 0.2212010772849098 
0.5 6.5 4.5 1 0.4312594302739018 0.2176092431812197 
0.5 2.5 2 1 0.1967483414721329 -0.01690015234444008 
0.5 4.5 2 1 0.3222222623933564 0.005668796133110059 
0.5 4.5 4.5 1 0.3207079511548257 0.213430758336427 
0.5 2.5 4.5 1 0.1904945240458491 0.2085091160743877 
