0 0 0 1 -0.02934576939529147 -0.05742824218524076 
0 0 6.5 1 -0.008141300785869604 0.1941941428711216 
10 0 0 1 0.376215105820994 -0.1221320668604995 
10 0 6.5 1 0.4137502860373121 0.1750839864948387 
10 10 0 1 0.3213636291982716 -0.2508353219873393 
10 10 6.5 1 0.3836924648365364 0.2588421798482095 
0 10 0 1 -0.2877578739202964 -0.1209698260815985 
0 10 6.5 1 -0.2650489606590083 0.2678559595715418 
0 5 10 1 -0.09589564711867869 0.3955415018873956 
10 5 10 1 0.4295359017745876 0.4201040254663027 
0 6 0 1 -0.1571003391573567 -0.08884212555421375 
0 8 0 1 -0.2161243454504028 -0.1033556827061227 
0 8 5 1 -0.1985758166174148 0.1641198548089725 
0 6 5 1 -0.1396691056740449 0.1548676232705096 
0 2 2.5 1 -0.05729693699109019 0.03605957262112568 
0 4 2.5 1 -0.09916417386928286 0.03397476159742863 
0 4 5 1 -0.0905098883755027 0.1471463899269441 
0 2 5 1 -0.04886361743996556 0.1406051837513086 
0.5 0.5 -0.5 1 -0.02205428075576418 -0.08166961630253541 
0.5 0.5 6 1 -0.000141190799873563 0.1754619345428057 
10.5 0.5 -0.5 1 0.3963519771575889 -0.1527759473694429 
10.5 0.5 6 1 0.4356116145636882 0.1521505264308324 
10.5 10.5 -0.5 1 0.3536112646569717 -0.3103208828816062 
10.5 10.5 6 1 0.4209593778969788 0.2224527581979159 
0.5 10.5 -0.5 1 -0.285982001808765 -0.160986031687437 
0.5 10.5 6 1 -0.2623255539880587 0.2411568675493694 
0.5 5.5 9.5 1 -0.08860141206027131 0.3783365525942944 
10.5 5.5 9.5 1 0.4587258119877782 0.3994593372164639 
0.5 6.5 -0.5 1 -0.1516919938699127 -0.1206287626244393 
0.5 8.5 -0.5 1 -0.2121412692825309 -0.138795175077115 
0.5 8.5 4.5 1 -0.1938797319156435 0.1368341634431338 
0.5 6.5 4.5 1 -0.1335812140831276 0.1298322841472025 
0.5 2.5 2 1 -0.05008569673756244 0.01209951999384591 
0.5 4.5 2 1 -0.09252172705906028 0.007941109363293239 
0.5 4.5 4.5 1 -0.08354386738130755 0.1240219346645177 
0.5 2.5 4.5 1 -0.04135382028729628 0.11912281561714 
