0 0 0 1 -0.3373462849583663 -0.2585682731563846 
0 0 6.5 1 -0.368590870940869 0.03023130371713771 
10 0 0 1 0.06629944662451408 -0.1841119746444914 
10 0 6.5 1 0.04174828103432853 0.06507717019279681 
10 10 0 1 0.3188521887435044 -0.2789173701113521 
10 10 6.5 1 0.2827295705658044 0.1103234863081684 
0 10 0 1 -0.303765976195131 -0.4325153604112245 
0 10 6.5 1 -0.3571861805216138 0.06285339760021573 
0 5 10 1 -0.385914171533438 0.2412955907680484 
10 5 10 1 0.1197508518132231 0.2481306063169414 
0 6 0 1 -0.3216738980532301 -0.3397517450446486 
0 8 0 1 -0.313838739006933 -0.3803381227307865 
0 8 5 1 -0.3497387275754187 -0.04775870828670106 
0 6 5 1 -0.3536132036774507 -0.04408719382686329 
0 2 2.5 1 -0.3461174273446105 -0.1600774606655994 
0 4 2.5 1 -0.3422804381420474 -0.1746327071186727 
0 4 5 1 -0.3567081771305609 -0.04115434833068162 
0 2 5 1 -0.3592373880753084 -0.03875762828103417 
0.5 0.5 -0.5 1 -0.3102361787513622 -0.2816746358579008 
0.5 0.5 6 1 -0.3416865786322937 0.01059142964894726 
10.5 0.5 -0.5 1 0.09396337965005258 -0.2031998417830004 
10.5 0.5 6 1 0.06931076856776652 0.04856614075242455 
10.5 10.5 -0.5 1 0.3665338038146144 -0.3104788853921099 
10.5 10.5 6 1 0.3302410765238635 0.08508575789740046 
0.5 10.5 -0.5 1 -0.2561589344163915 -0.4762249163397803 
0.5 10.5 6 1 -0.3101757399512053 0.02942963649948189 
0.5 5.5 9.5 1 -0.3518736592039217 0.2196234853658552 
10.5 5.5 9.5 1 0.1546349698050592 0.230279607430236 
0.5 6.5 -0.5 1 -0.2851178994379756 -0.3720410801125572 
0.5 8.5 -0.5 1 -0.2724816777917028 -0.4175016152368251 
0.5 8.5 4.5 1 -0.3087320642675877 -0.07891135304955232 
0.5 6.5 4.5 1 -0.3173351802218798 -0.07163526571885068 
0.5 2.5 2 1 -0.3165445270660452 -0.1840400743328582 
0.5 4.5 2 1 -0.3096396078083756 -0.2012534417713397 
0.5 4.5 4.5 1 -0.3241813186609437 -0.06584514253262892 
0.5 2.5 4.5 1 -0.3297588415366028 -0.06112795125589918 
