0 0 0 1 0.3719902036638477 -0.5165592142773678 
0 0 6.5 1 0.302849804072608 0.07271214069593002 
10 0 0 1 -0.2369360619982107 -0.4089492514805321 
10 0 6.5 1 -0.2634180210440701 -0.02278606744654424 
10 10 0 1 0.07862352236212683 -0.2817961675168797 
10 10 6.5 1 0.05377144412089241 -0.02120890724130331 
0 10 0 1 0.5259527595964469 -0.3042856201486064 
0 10 6.5 1 0.481105232122038 0.03525485804083495 
0 5 10 1 0.3874092631979332 0.2687182221781174 
10 5 10 1 -0.08843786736830726 0.139202249237072 
0 6 0 1 0.4833220909568703 -0.3630620232644183 
0 8 0 1 0.5066207326021293 -0.3309393661001516 
0 8 5 1 0.4692010639643638 -0.04354351589621449 
0 6 5 1 0.4427693766784872 -0.04611309217119279 
0 2 2.5 1 0.393989805515617 -0.2493848582867139 
0 4 2.5 1 0.4322584925186229 -0.2233013760610416 
0 4 5 1 0.410468995027294 -0.04925319796413626 
0 2 5 1 0.3701012718403679 -0.05317757640634963 
0.5 0.5 -0.5 1 0.345719649726792 -0.5362232929601181 
0.5 0.5 6 1 0.2815093812702898 0.02203220564473276 
10.5 0.5 -0.5 1 -0.2314596613937356 -0.4260372039317319 
10.5 0.5 6 1 -0.2571426526658953 -0.05343426709836527 
10.5 10.5 -0.5 1 0.07425725186584779 -0.2967386780552267 
10.5 10.5 6 1 0.05012196646464905 -0.0423928431887903 
0.5 10.5 -0.5 1 0.5053521083926777 -0.3229439351917796 
0.5 10.5 6 1 0.4625188979793534 0.006077124816383665 
0.5 5.5 9.5 1 0.368323970248296 0.2235855459302208 
10.5 5.5 9.5 1 -0.08852220808819058 0.1097494201092664 
0.5 6.5 -0.5 1 0.4603664171542725 -0.3830477475133911 
0.5 8.5 -0.5 1 0.4848760221188761 -0.3503013195645028 
0.5 8.5 4.5 1 0.4492821099823156 -0.07267709673049394 
0.5 6.5 4.5 1 0.4219670934559949 -0.07794432019428876 
0.5 2.5 2 1 0.3702263950850949 -0.2794485585453505 
0.5 4.5 2 1 0.4093829051763067 -0.2512661778973415 
0.5 4.5 4.5 1 0.3888485736412308 -0.08433064782057406 
0.5 2.5 4.5 1 0.3478571437678741 -0.09223512853122616 
