0 0 0 1 -0.2782254832845406 -0.07327709339576978 
0 0 6.5 1 -0.3096164153856931 0.2002733917972709 
10 0 0 1 0.1171184868564437 -0.02869808177405434 
10 0 6.5 1 0.1004438973535205 0.2249927296736281 
10 10 0 1 0.3134641035260064 -0.1084647727762763 
10 10 6.5 1 0.2962620657012153 0.3001172512055692 
0 10 0 1 -0.3230134033320354 -0.1941615554048293 
0 10 6.5 1 -0.3795010402734318 0.2685350436459756 
0 5 10 1 -0.358541577681896 0.4229356560460306 
10 5 10 1 0.16486946805988 0.4323288410553634 
0 6 0 1 -0.2993664214243768 -0.1303373661365187 
0 8 0 1 -0.3097784389125338 -0.1584398350868531 
0 8 5 1 -0.3468337407644712 0.1506258029489504 
0 6 5 1 -0.331978529685616 0.1456010537734854 
0 2 2.5 1 -0.2969962775629994 0.02309115158526797 
0 4 2.5 1 -0.305297126331104 0.0150711537333611 
0 4 5 1 -0.3200747160759325 0.1415746096319218 
0 2 5 1 -0.3103222146565958 0.1382758430775181 
0.5 0.5 -0.5 1 -0.2555377736009984 -0.09512345870295277 
0.5 0.5 6 1 -0.2866021075198332 0.1815872612945139 
10.5 0.5 -0.5 1 0.1431182446615923 -0.04830933629143104 
10.5 0.5 6 1 0.1270423913850413 0.2081020983310006 
10.5 10.5 -0.5 1 0.3593144454550373 -0.1416470045453197 
10.5 10.5 6 1 0.3441072794097613 0.2740383661983057 
0.5 10.5 -0.5 1 -0.2856355574022158 -0.2339890534377632 
0.5 10.5 6 1 -0.3413079732114706 0.2378101207730038 
0.5 5.5 9.5 1 -0.3295539659409222 0.4027930515668128 
10.5 5.5 9.5 1 0.1997020447994966 0.4143544845728839 
0.5 6.5 -0.5 1 -0.2696741093157715 -0.1603458910045464 
0.5 8.5 -0.5 1 -0.2766825375383167 -0.1926814795551096 
0.5 8.5 4.5 1 -0.313229143208665 0.1216363598068302 
0.5 6.5 4.5 1 -0.3018691447450793 0.1197743928602255 
0.5 2.5 2 1 -0.2722239348707586 0.0004315660511992136 
0.5 4.5 2 1 -0.2781998177019059 -0.009976917724999663 
0.5 4.5 4.5 1 -0.2928045630439844 0.1182886574909524 
0.5 2.5 4.5 1 -0.2854035151176884 0.1170755845620102 
