-0.7093435988626985 -0.5001886847397243 -0.6282168644131335 0.03153660381812613 
-0.2418482306359157 -0.3422175664017174 -0.2095181165901868 -0.03986972739554016 
0.2341244873763905 -0.432207303816144 0.2549027076356514 -0.07023198611378079 
0.09384798181332918 -0.7512767701708363 0.1458402358272023 -0.002643703322584669 
-0.7093435988626985 -0.5001886847397243 -0.2418482306359157 -0.3422175664017174 
-0.2418482306359157 -0.3422175664017174 0.2341244873763905 -0.432207303816144 
0.2341244873763905 -0.432207303816144 0.09384798181332918 -0.7512767701708363 
0.09384798181332918 -0.7512767701708363 -0.7093435988626985 -0.5001886847397243 
-0.6282168644131335 0.03153660381812613 -0.2663419174597076 0.3208963400684453 
-0.2663419174597076 0.3208963400684453 0.1458402358272023 -0.002643703322584669 
-0.2095181165901868 -0.03986972739554016 0.01709444355960779 0.1146048747710171 
0.01709444355960779 0.1146048747710171 0.2549027076356514 -0.07023198611378079 
-0.2663419174597076 0.3208963400684453 0.01709444355960779 0.1146048747710171 
-0.6282168644131335 0.03153660381812613 -0.2095181165901868 -0.03986972739554016 
0.1458402358272023 -0.002643703322584669 0.2549027076356514 -0.07023198611378079 
-0.2943002392134454 -0.6299366117007043 -0.1146950778027787 -0.6860835101457717 
-0.1146950778027787 -0.6860835101457717 -0.06565956405480892 -0.1450498987041732 
-0.06565956405480892 -0.1450498987041732 -0.239471664313678 -0.1273755414930116 
-0.239471664313678 -0.1273755414930116 -0.2943002392134454 -0.6299366117007043 
-0.5564180843105541 -0.3131906271222548 -0.4204868115019162 -0.340818181116694 
-0.4204868115019162 -0.340818181116694 -0.3917931717032396 -0.1118864890706769 
-0.3917931717032396 -0.1118864890706769 -0.5263777606100151 -0.09820104314422543 
-0.5263777606100151 -0.09820104314422543 -0.5564180843105541 -0.3131906271222548 
