-0.006355870233303274 -0.0989674583402456 0.01786952192768044 0.15272015507442 
0.4053160428734076 -0.1735928271427578 0.4424321461276473 0.133839504999299 
0.3094682607515895 -0.3012503963002723 0.3708098035465748 0.2275860368134959 
-0.2876526561045356 -0.1529790231303668 -0.2569661321110183 0.2299501082322466 
-0.006355870233303274 -0.0989674583402456 0.4053160428734076 -0.1735928271427578 
0.4053160428734076 -0.1735928271427578 0.3094682607515895 -0.3012503963002723 
0.3094682607515895 -0.3012503963002723 -0.2876526561045356 -0.1529790231303668 
-0.2876526561045356 -0.1529790231303668 -0.006355870233303274 -0.0989674583402456 
0.01786952192768044 0.15272015507442 -0.07582290246016558 0.3513369817114446 
-0.07582290246016558 0.3513369817114446 -0.2569661321110183 0.2299501082322466 
0.4424321461276473 0.133839504999299 0.4420233223422832 0.3849359718094642 
0.4420233223422832 0.3849359718094642 0.3708098035465748 0.2275860368134959 
-0.07582290246016558 0.3513369817114446 0.4420233223422832 0.3849359718094642 
0.01786952192768044 0.15272015507442 0.4424321461276473 0.133839504999299 
-0.2569661321110183 0.2299501082322466 0.3708098035465748 0.2275860368134959 
-0.1463167006117172 -0.1258412224134809 -0.2103886318497012 -0.1381436213000174 
-0.2103886318497012 -0.1381436213000174 -0.1879343025653227 0.1273590991389212 
-0.1879343025653227 0.1273590991389212 -0.1249002355242416 0.116848899001847 
-0.1249002355242416 0.116848899001847 -0.1463167006117172 -0.1258412224134809 
-0.03653266599523459 -0.003688749958740757 -0.08218356963301092 -0.00445280730878273 
-0.08218356963301092 -0.00445280730878273 -0.0719111747191149 0.108013587236631 
-0.0719111747191149 0.108013587236631 -0.02674318754407069 0.1004823488558182 
-0.02674318754407069 0.1004823488558182 -0.03653266599523459 -0.003688749958740757 
