0 0 0 1 -0.3672687419195085 -0.3411738719251713 
0 0 6.5 1 -0.3945917643562776 -0.03865989802702599 
10 0 0 1 0.04506964889702138 -0.2534308486915872 
10 0 6.5 1 0.01983313595663406 -0.001337803136938831 
10 10 0 1 0.3235132730588636 -0.3534279929669536 
10 10 6.5 1 0.2821357820468652 0.03565825652122709 
0 10 0 1 -0.2949001334938461 -0.5399167626854016 
0 10 6.5 1 -0.3428730378518278 -0.01607434204695828 
0 5 10 1 -0.3940960030743433 0.1733388394565621 
10 5 10 1 0.106396249678568 0.1761758048374303 
0 6 0 1 -0.3336875034450134 -0.4333966264442864 
0 8 0 1 -0.3167720844396447 -0.4798507361015255 
0 8 5 1 -0.3489089998495835 -0.127470711767088 
0 6 5 1 -0.3620868717308537 -0.1209913508199573 
0 2 2.5 1 -0.3696966965214146 -0.238541344415605 
0 4 2.5 1 -0.3599213537934158 -0.2556519699576023 
0 4 5 1 -0.3725998336656151 -0.1158222859199124 
0 2 5 1 -0.3811820260796004 -0.1116025512868134 
0.5 0.5 -0.5 1 -0.3380011794715752 -0.3653684872865863 
0.5 0.5 6 1 -0.3658546183662394 -0.05911505041393825 
10.5 0.5 -0.5 1 0.07350896026469483 -0.2727033441084207 
10.5 0.5 6 1 0.04785581022720609 -0.01801850865801182 
10.5 10.5 -0.5 1 0.3719585981508609 -0.3848960665854131 
10.5 10.5 6 1 0.3295069403901364 0.01039854624245711 
0.5 10.5 -0.5 1 -0.2422454739439964 -0.5863284072544552 
0.5 10.5 6 1 -0.2918531049927913 -0.05117268404705831 
0.5 5.5 9.5 1 -0.3577784049900508 0.1506519298553632 
10.5 5.5 9.5 1 0.1413443437962675 0.1580972459870875 
0.5 6.5 -0.5 1 -0.2937756536953955 -0.4674205643111466 
0.5 8.5 -0.5 1 -0.2713624667655388 -0.5191398426868844 
0.5 8.5 4.5 1 -0.3044522258480217 -0.160123185927295 
0.5 6.5 4.5 1 -0.3229192355736345 -0.1498098220240741 
0.5 2.5 2 1 -0.3378180525928797 -0.2635914500261757 
0.5 4.5 2 1 -0.3246230401763854 -0.283523900952303 
0.5 4.5 4.5 1 -0.3375985752202643 -0.1416117773008564 
0.5 2.5 4.5 1 -0.3495471590362687 -0.1349387915357775 
