0 0 0 1 0.1696080188659964 -0.3867877605327464 
0 0 6.5 1 0.1235073172984947 0.2550470407826487 
10 0 0 1 -0.233148186966116 -0.2015314941653744 
10 0 6.5 1 -0.2734276555209207 0.1564213832640724 
10 10 0 1 0.1520721298573937 -0.09877175703429675 
10 10 6.5 1 0.1327166972849531 0.1719313489453295 
0 10 0 1 0.5971931777844504 -0.1657639247778658 
0 10 6.5 1 0.586759671538106 0.2409435884126829 
0 5 10 1 0.3970507345687848 0.5366396359273012 
10 5 10 1 -0.05663030643411218 0.3396082516729931 
0 6 0 1 0.4700815473770842 -0.2314694328753787 
0 8 0 1 0.5386488574512434 -0.1960261777392124 
0 8 5 1 0.5280094864442684 0.1380248319799282 
0 6 5 1 0.4558918633076928 0.1309167585048462 
0 2 2.5 1 0.2779662015573929 -0.1110410228278982 
0 4 2.5 1 0.3793861460772723 -0.07960653290521243 
0 4 5 1 0.3697085966005867 0.1224223438883721 
0 2 5 1 0.2649000427899235 0.1120921795138138 
0.5 0.5 -0.5 1 0.1707805542760154 -0.3983029145321578 
0.5 0.5 6 1 0.12806813506193 0.1966640127042111 
10.5 0.5 -0.5 1 -0.2166680875608214 -0.2154819795645554 
10.5 0.5 6 1 -0.2547192840739066 0.1274242635281747 
10.5 10.5 -0.5 1 0.1531154132981274 -0.1124809188099207 
10.5 10.5 6 1 0.1343828707510864 0.1495344423363843 
0.5 10.5 -0.5 1 0.579152138125456 -0.1829759735128725 
0.5 10.5 6 1 0.5684669935705952 0.2044274972297093 
0.5 5.5 9.5 1 0.3849819803947184 0.4738077333254842 
10.5 5.5 9.5 1 -0.04796333739984119 0.307700845362249 
0.5 6.5 -0.5 1 0.4556078097974485 -0.2481186605930781 
0.5 8.5 -0.5 1 0.5220205271761457 -0.2131004373780037 
0.5 8.5 4.5 1 0.5113490482265504 0.1040655973842828 
0.5 6.5 4.5 1 0.441648862900586 0.09447636531599006 
0.5 2.5 2 1 0.2722935953240789 -0.1388465794371413 
0.5 4.5 2 1 0.3684729211857626 -0.1066892686847138 
0.5 4.5 4.5 1 0.3591406265831663 0.0831250235384447 
0.5 2.5 4.5 1 0.2599367534245407 0.06947672465168162 
