0.3824859704360361 -0.4988098872939138 0.3133165025858096 0.08004005308351404 
-0.2438878901484349 -0.4110058657572142 -0.2656268278256487 -0.02057599133198983 
0.06278518651317974 -0.2909002541579764 0.03972512792323686 -0.03050466794098486 
0.5079067547479283 -0.3068265660126359 0.4629995482590232 0.02573309729237247 
0.3824859704360361 -0.4988098872939138 -0.2438878901484349 -0.4110058657572142 
-0.2438878901484349 -0.4110058657572142 0.06278518651317974 -0.2909002541579764 
0.06278518651317974 -0.2909002541579764 0.5079067547479283 -0.3068265660126359 
0.5079067547479283 -0.3068265660126359 0.3824859704360361 -0.4988098872939138 
0.3133165025858096 0.08004005308351404 0.3802186300629109 0.2582390501649079 
0.3802186300629109 0.2582390501649079 0.4629995482590232 0.02573309729237247 
-0.2656268278256487 -0.02057599133198983 -0.09541015293511126 0.1334290372366347 
-0.09541015293511126 0.1334290372366347 0.03972512792323686 -0.03050466794098486 
0.3802186300629109 0.2582390501649079 -0.09541015293511126 0.1334290372366347 
0.3133165025858096 0.08004005308351404 -0.2656268278256487 -0.02057599133198983 
0.4629995482590232 0.02573309729237247 0.03972512792323686 -0.03050466794098486 
0.4733209298177604 -0.3597675643948067 0.4922362806260924 -0.3308135764947348 
0.4922362806260924 -0.3308135764947348 0.4547032609962903 -0.04873616599618519 
0.4547032609962903 -0.04873616599618519 0.4326412741342485 -0.04849347761646716 
0.4326412741342485 -0.04849347761646716 0.4733209298177604 -0.3597675643948067 
0.3957983926613322 -0.2400307796189431 0.4274446400759268 -0.2186177672013155 
0.4274446400759268 -0.2186177672013155 0.4056669465616247 -0.04819675203624084 
0.4056669465616247 -0.04819675203624084 0.3719340589754478 -0.04782568029720426 
0.3719340589754478 -0.04782568029720426 0.3957983926613322 -0.2400307796189431 
