0 0 0 1 0.2565102745933123 -0.0279676142915264 
0 0 6.5 1 0.2646397399088764 0.3496392855030928 
10 0 0 1 -0.205640392481525 -0.189549547144883 
10 0 6.5 1 -0.2505193562174849 0.4428771395643806 
10 10 0 1 -0.5355556447215671 -0.0542335027374075 
10 10 6.5 1 -0.5867214766379888 0.3280601715001984 
0 10 0 1 -0.1057182944337842 0.02452941815389102 
0 10 6.5 1 -0.1189492868384643 0.2961526745700298 
0 5 10 1 0.03697462392066215 0.5051312577727977 
10 5 10 1 -0.4947915540862506 0.6664473480615331 
0 6 0 1 0.01246418721659027 0.007401477112842013 
0 8 0 1 -0.05004777776899956 0.01646120606489444 
0 8 5 1 -0.05835472640045686 0.235015588515802 
0 6 5 1 0.006438811721529913 0.2395818923692405 
0 2 2.5 1 0.1642043720073775 0.1147635138035176 
0 4 2.5 1 0.08167857498020727 0.1180562377447085 
0 4 5 1 0.08012449743866784 0.2447748674773439 
0 2 5 1 0.1646677063406145 0.250733023055516 
0.5 0.5 -0.5 1 0.2171398566028529 -0.05618523240554819 
0.5 0.5 6 1 0.2223410574954013 0.3175446217455593 
10.5 0.5 -0.5 1 -0.2669112743258947 -0.2347051602782423 
10.5 0.5 6 1 -0.3191697491944427 0.3867970281710501 
10.5 10.5 -0.5 1 -0.5719816539257909 -0.08279286306534775 
10.5 10.5 6 1 -0.6256186515871669 0.2955074080659761 
0.5 10.5 -0.5 1 -0.133177719620605 0.003837139438584841 
0.5 10.5 6 1 -0.1478004729062557 0.2734512578855409 
0.5 5.5 9.5 1 0.001502046760505373 0.4768645485426237 
10.5 5.5 9.5 1 -0.5469032021981285 0.6211500503579257 
0.5 6.5 -0.5 1 -0.01878741285566617 -0.01576215558402627 
0.5 8.5 -0.5 1 -0.07928217860700354 -0.005397162300805005 
0.5 8.5 4.5 1 -0.08879205851545433 0.2114548504436624 
0.5 6.5 4.5 1 -0.02619183326563242 0.2144966461699932 
0.5 2.5 2 1 0.1270544812690069 0.08724978112717209 
0.5 4.5 2 1 0.04733537646787801 0.09236574539589226 
0.5 4.5 4.5 1 0.04496464769953886 0.2179541973023864 
0.5 2.5 4.5 1 0.1265602773607646 0.2219189951381816 
