0 0 0 1 0.1993387182102627 -0.4262757176695172 
0 0 6.5 1 0.150650924004048 0.2063963274959999 
10 0 0 1 -0.2297673970095933 -0.2381833391133513 
10 0 6.5 1 -0.270153142436691 0.1201781074606387 
10 10 0 1 0.1468721745100502 -0.1272713361453483 
10 10 6.5 1 0.1255895038607562 0.14053353668774 
0 10 0 1 0.5931986477405186 -0.192778657752263 
0 10 6.5 1 0.5767208901663109 0.2033592065092529 
0 5 10 1 0.3993042974327387 0.4842703497496478 
10 5 10 1 -0.05882570784394645 0.3037018600730076 
0 6 0 1 0.4771884919433391 -0.2615544540905476 
0 8 0 1 0.5398791645558577 -0.2243887343974663 
0 8 5 1 0.5247590850579932 0.10218089902373 
0 6 5 1 0.4587767179562979 0.09345374169683368 
0 2 2.5 1 0.2976270245329628 -0.1486766819626691 
0 4 2.5 1 0.3912235630822365 -0.1146700953846652 
0 4 5 1 0.3796516437659093 0.08298826430804021 
0 2 5 1 0.283022783472771 0.07020764877181411 
0.5 0.5 -0.5 1 0.1968982060670338 -0.4365277167881812 
0.5 0.5 6 1 0.1515016771086934 0.1512130995223948 
10.5 0.5 -0.5 1 -0.2143793778853451 -0.2515782343833127 
10.5 0.5 6 1 -0.2526788851232116 0.09192155426320237 
10.5 10.5 -0.5 1 0.1473418719369916 -0.1406411538552553 
10.5 10.5 6 1 0.1267122362209826 0.1187810129099419 
0.5 10.5 -0.5 1 0.574746356349609 -0.2093736381966821 
0.5 10.5 6 1 0.5583981312538512 0.1686903526805113 
0.5 5.5 9.5 1 0.386181737572464 0.4252322069031333 
10.5 5.5 9.5 1 -0.0510643177301281 0.2727548000893234 
0.5 6.5 -0.5 1 0.4614590549214979 -0.2774794964701048 
0.5 8.5 -0.5 1 0.5224670557191775 -0.2408028151166499 
0.5 8.5 4.5 1 0.5075974685914876 0.06984467375412093 
0.5 6.5 4.5 1 0.4435376958731079 0.05878882794753067 
0.5 2.5 2 1 0.2893886941302397 -0.1750191801054613 
0.5 4.5 2 1 0.3785584705187173 -0.1404608976089569 
0.5 4.5 4.5 1 0.3674368106098867 0.04565484982815795 
0.5 2.5 4.5 1 0.2755476466563473 0.02979602946622835 
