0 0 0 1 0.3981744494322128 -0.6400749792350912 
0 0 6.5 1 0.3565256541665731 -0.1027761486546446 
10 0 0 1 -0.3179870382971051 -0.5615380450491378 
10 0 6.5 1 -0.295502947677143 -0.1242852254581215 
10 10 0 1 -0.0759147021201914 -0.422053467258881 
10 10 6.5 1 -0.07384655174515535 -0.1520367767420645 
0 10 0 1 0.359414025185418 -0.4479043833005457 
0 10 6.5 1 0.3371167903954765 -0.1428411151281227 
0 5 10 1 0.3302990911236963 0.05941690276395199 
10 5 10 1 -0.15580249320527 0.02200677113757612 
0 6 0 1 0.3699960018030203 -0.5003688439530429 
0 8 0 1 0.3641986770143055 -0.471626244223486 
0 8 5 1 0.3450068866792815 -0.2110583093615892 
0 6 5 1 0.3485739204841241 -0.2121644602975405 
0 2 2.5 1 0.3718484206554011 -0.3918463198918224 
0 4 2.5 1 0.364683511721766 -0.369831811718735 
0 4 5 1 0.3529356091715709 -0.2135170367764619 
0 2 5 1 0.3583907862817144 -0.2152087082313198 
0.5 0.5 -0.5 1 0.3558782474187735 -0.6629346002949302 
0.5 0.5 6 1 0.3196811243076565 -0.1432927965936343 
10.5 0.5 -0.5 1 -0.3288047216097467 -0.5828073549537652 
10.5 0.5 6 1 -0.3061754505165906 -0.1572864641794274 
10.5 10.5 -0.5 1 -0.08763308466714259 -0.4381599335196559 
10.5 10.5 6 1 -0.08502751656450687 -0.1726388239118823 
0.5 10.5 -0.5 1 0.3360604674053997 -0.4654835464289666 
0.5 10.5 6 1 0.3155450731151723 -0.1661513856545041 
0.5 5.5 9.5 1 0.3044370414326675 0.02590938869251561 
10.5 5.5 9.5 1 -0.1671083980425446 -0.006344616872183479 
0.5 6.5 -0.5 1 0.3415414988796163 -0.5200928639270036 
0.5 8.5 -0.5 1 0.3385453909770447 -0.4902416564527207 
0.5 8.5 4.5 1 0.321022759012243 -0.2351153966119719 
0.5 6.5 4.5 1 0.3221550440617957 -0.238539100605835 
0.5 2.5 2 1 0.3371454283739137 -0.419563060906932 
0.5 4.5 2 1 0.3340597226204032 -0.3951321872027425 
0.5 4.5 4.5 1 0.323532141187818 -0.2427030458351413 
0.5 2.5 4.5 1 0.3252430703899042 -0.2478764031489321 
