-0.5879158685676615 -0.2808393274397422 -0.543059044459985 0.3209445418542259 
-0.2506021885749063 -0.1326145018788449 -0.2230015354602269 0.1803207142221161 
0.2373653421920879 -0.1921207012938379 0.2733721129901368 0.1385201842752454 
0.357739219858494 -0.4184947113143776 0.434919686281352 0.2523762056221419 
-0.5879158685676615 -0.2808393274397422 -0.2506021885749063 -0.1326145018788449 
-0.2506021885749063 -0.1326145018788449 0.2373653421920879 -0.1921207012938379 
0.2373653421920879 -0.1921207012938379 0.357739219858494 -0.4184947113143776 
0.357739219858494 -0.4184947113143776 -0.5879158685676615 -0.2808393274397422 
-0.543059044459985 0.3209445418542259 -0.04871600348035034 0.6445430938511992 
-0.04871600348035034 0.6445430938511992 0.434919686281352 0.2523762056221419 
-0.2230015354602269 0.1803207142221161 0.03541306573462402 0.3367774341839438 
0.03541306573462402 0.3367774341839438 0.2733721129901368 0.1385201842752454 
-0.04871600348035034 0.6445430938511992 0.03541306573462402 0.3367774341839438 
-0.543059044459985 0.3209445418542259 -0.2230015354602269 0.1803207142221161 
0.434919686281352 0.2523762056221419 0.2733721129901368 0.1385201842752454 
-0.04608700720314713 -0.3597112764392669 0.1511726231317859 -0.3884256041778463 
0.1511726231317859 -0.3884256041778463 0.2043851395964542 0.1128368751413057 
0.2043851395964542 0.1128368751413057 0.001813623540585191 0.130619958682463 
0.001813623540585191 0.130619958682463 -0.04608700720314713 -0.3597112764392669 
-0.3960401191657033 -0.07338252558921964 -0.2133686148217279 -0.09473538585379797 
-0.2133686148217279 -0.09473538585379797 -0.1916511726018595 0.147603593396068 
-0.1916511726018595 0.147603593396068 -0.3766098455518876 0.1638405036822348 
-0.3766098455518876 0.1638405036822348 -0.3960401191657033 -0.07338252558921964 
