0.1895567136970719 -0.4132880863227386 0.1417553378594748 0.2222374576321443 
-0.2308601573691519 -0.2259963645080185 -0.2712460475107182 0.1321402812440185 
0.1486072813830959 -0.1177642927901748 0.1279359391932338 0.1509441149615862 
0.594538802806172 -0.1838088813756477 0.5800181629613103 0.2157106430277409 
0.1895567136970719 -0.4132880863227386 -0.2308601573691519 -0.2259963645080185 
-0.2308601573691519 -0.2259963645080185 0.1486072813830959 -0.1177642927901748 
0.1486072813830959 -0.1177642927901748 0.594538802806172 -0.1838088813756477 
0.594538802806172 -0.1838088813756477 0.1895567136970719 -0.4132880863227386 
0.1417553378594748 0.2222374576321443 0.3985789917092814 0.5013462293472187 
0.3985789917092814 0.5013462293472187 0.5800181629613103 0.2157106430277409 
-0.2712460475107182 0.1321402812440185 -0.05812188733757817 0.3155482897269351 
-0.05812188733757817 0.3155482897269351 0.1279359391932338 0.1509441149615862 
0.3985789917092814 0.5013462293472187 -0.05812188733757817 0.3155482897269351 
0.1417553378594748 0.2222374576321443 -0.2712460475107182 0.1321402812440185 
0.5800181629613103 0.2157106430277409 0.1279359391932338 0.1509441149615862 
0.4748881696418102 -0.2516077616431078 0.5395081793393482 -0.2149914547795481 
0.5395081793393482 -0.2149914547795481 0.5258465811704841 0.1139626301450261 
0.5258465811704841 0.1139626301450261 0.4578577333767335 0.1057439991950275 
0.4578577333767335 0.1057439991950275 0.4748881696418102 -0.2516077616431078 
0.2911923564102489 -0.1363369630497059 0.3873679771091851 -0.1031504923981273 
0.3873679771091851 -0.1031504923981273 0.3764185820989677 0.09589946805569283 
0.3764185820989677 0.09589946805569283 0.2770996525714301 0.08389359275961554 
0.2770996525714301 0.08389359275961554 0.2911923564102489 -0.1363369630497059 
