0 0 0 1 -0.2970410465320353 -0.1225474666645869 
0 0 6.5 1 -0.3296499217898594 0.1539724033028673 
10 0 0 1 0.09962381962732718 -0.06934728151136904 
10 0 6.5 1 0.0795522920868752 0.1816018769530872 
10 10 0 1 0.3130417583718838 -0.1508980839469038 
10 10 6.5 1 0.2888857236452699 0.2493745424138073 
0 10 0 1 -0.3190370053469939 -0.2551508919871061 
0 10 6.5 1 -0.3761010249550796 0.2143846613400028 
0 5 10 1 -0.3702390510363421 0.3733150537388455 
10 5 10 1 0.1472592779204076 0.3812676718610933 
0 6 0 1 -0.3073884857806114 -0.1849273746840882 
0 8 0 1 -0.3125077159410667 -0.2157888370100265 
0 8 5 1 -0.3503394731356605 0.09829096691121281 
0 6 5 1 -0.3408897559807484 0.09515683784945196 
0 2 2.5 1 -0.3133592482338199 -0.02576917908507767 
0 4 2.5 1 -0.3181183440016722 -0.03521510708440374 
0 4 5 1 -0.3333261188419114 0.09264825324519001 
0 2 5 1 -0.3271351323512836 0.09059492716535499 
0.5 0.5 -0.5 1 -0.2730211948966913 -0.144553980018788 
0.5 0.5 6 1 -0.3054403622680571 0.1351770157220873 
10.5 0.5 -0.5 1 0.1261339667698831 -0.08859978635167813 
10.5 0.5 6 1 0.1064482526176576 0.1649945229353811 
10.5 10.5 -0.5 1 0.3594817889135192 -0.1832072064890062 
10.5 10.5 6 1 0.3366409249246708 0.2238364654281045 
0.5 10.5 -0.5 1 -0.2786011757356419 -0.2956779736717849 
0.5 10.5 6 1 -0.3351622473597737 0.1831817094847437 
0.5 5.5 9.5 1 -0.3396648032530071 0.3529105097859209 
10.5 5.5 9.5 1 0.182107632681627 0.3635050551316855 
0.5 6.5 -0.5 1 -0.2756333015936813 -0.2152983082324855 
0.5 8.5 -0.5 1 -0.2769340197301248 -0.2505259774789623 
0.5 8.5 4.5 1 -0.3144556807980349 0.06895542004013214 
0.5 6.5 4.5 1 -0.308884086135051 0.06907554864334967 
0.5 2.5 2 1 -0.2871289018508091 -0.04859529878059474 
0.5 4.5 2 1 -0.2893365849566573 -0.06048176172881356 
0.5 4.5 4.5 1 -0.3044427784619161 0.06917130724021561 
0.5 2.5 4.5 1 -0.3008194871602947 0.06924942866674469 
