-0.6060887954879346 -0.4899674500343098 -0.564358199170216 -0.07287591468697474 
-0.1240366153635362 -0.3930397210247448 -0.120635158678325 -0.1089665761387023 
0.2852165575011512 -0.4619355990137047 0.2603620294698735 -0.07065787222251665 
-0.2024206077228184 -0.6833488467006256 -0.1848025191996603 0.01510845000477905 
-0.6060887954879346 -0.4899674500343098 -0.1240366153635362 -0.3930397210247448 
-0.1240366153635362 -0.3930397210247448 0.2852165575011512 -0.4619355990137047 
0.2852165575011512 -0.4619355990137047 -0.2024206077228184 -0.6833488467006256 
-0.2024206077228184 -0.6833488467006256 -0.6060887954879346 -0.4899674500343098 
-0.564358199170216 -0.07287591468697474 -0.4019481893673391 0.2030673729538967 
-0.4019481893673391 0.2030673729538967 -0.1848025191996603 0.01510845000477905 
-0.120635158678325 -0.1089665761387023 0.03760755945222283 0.06838934870712961 
0.03760755945222283 0.06838934870712961 0.2603620294698735 -0.07065787222251665 
-0.4019481893673391 0.2030673729538967 0.03760755945222283 0.06838934870712961 
-0.564358199170216 -0.07287591468697474 -0.120635158678325 -0.1089665761387023 
-0.1848025191996603 0.01510845000477905 0.2603620294698735 -0.07065787222251665 
-0.4171248104708149 -0.5804925903594778 -0.3230277214687907 -0.625570768538914 
-0.3230277214687907 -0.625570768538914 -0.3001822330207604 -0.1399013318607287 
-0.3001822330207604 -0.1399013318607287 -0.3892545104344792 -0.1475521311364627 
-0.3892545104344792 -0.1475521311364627 -0.4171248104708149 -0.5804925903594778 
-0.5378731501863733 -0.3308844474992437 -0.476698972995095 -0.3418993846553674 
-0.476698972995095 -0.3418993846553674 -0.4619362786904652 -0.1537950794036227 
-0.4619362786904652 -0.1537950794036227 -0.5223704740534661 -0.1589860311962351 
-0.5223704740534661 -0.1589860311962351 -0.5378731501863733 -0.3308844474992437 
