0 0 0 1 0.3419640667133159 -0.6320268515731309 
0 0 6.5 1 0.3397239942334741 -0.1419627224701666 
10 0 0 1 -0.376009584889323 -0.5649622396130556 
10 0 6.5 1 -0.3270831273584824 -0.1091879062167123 
10 10 0 1 -0.1877305137570137 -0.4065199917864176 
10 10 6.5 1 -0.1660239831145648 -0.1350592452010198 
0 10 0 1 0.2338913365631362 -0.4388621517772206 
0 10 6.5 1 0.2374268692599479 -0.1555754045014703 
0 5 10 1 0.2767048569410431 0.02652691191344194 
10 5 10 1 -0.2118755205977081 0.04319914552883351 
0 6 0 1 0.2639050241882758 -0.492507367844418 
0 8 0 1 0.2475103721874952 -0.4632042492169117 
0 8 5 1 0.249983551166516 -0.2224856349007851 
0 6 5 1 0.2659332409047492 -0.2270591653435767 
0 2 2.5 1 0.3093658648740289 -0.4021142460839596 
0 4 2.5 1 0.2846928709946528 -0.3770281158575498 
0 4 5 1 0.2853344323756484 -0.2326224045836408 
0 2 5 1 0.3094434088406099 -0.2395355884522106 
0.5 0.5 -0.5 1 0.2959513694390601 -0.6518069345330785 
0.5 0.5 6 1 0.2971537642915607 -0.1751678536069598 
10.5 0.5 -0.5 1 -0.3970896900786007 -0.5855576385198884 
10.5 0.5 6 1 -0.3481059639698198 -0.141386465220918 
10.5 10.5 -0.5 1 -0.2038606596813615 -0.4218090180632268 
10.5 10.5 6 1 -0.1818494298392442 -0.1544873079370563 
0.5 10.5 -0.5 1 0.2090508949573222 -0.4541313740081101 
0.5 10.5 6 1 0.2136206094139091 -0.1753562773475057 
0.5 5.5 9.5 1 0.2469926182978028 -0.001476903230203512 
10.5 5.5 9.5 1 -0.2299294609303792 0.01605837988502901 
0.5 6.5 -0.5 1 0.2334287966433406 -0.5095846429222972 
0.5 8.5 -0.5 1 0.22013618239837 -0.4793474665732897 
0.5 8.5 4.5 1 0.2235828084137245 -0.2428667622262031 
0.5 6.5 4.5 1 0.2366602314750398 -0.2492856069142036 
0.5 2.5 2 1 0.2710301485289797 -0.4254094064706759 
0.5 4.5 2 1 0.2511126567219756 -0.3984323939211186 
0.5 4.5 4.5 1 0.2524986677118055 -0.2570596509156807 
0.5 2.5 4.5 1 0.2720757072998883 -0.2666687287880992 
