0 0 0 1 -0.7187142506949165 -0.5472339593714621 
0 0 6.5 1 -0.6356055227095451 -0.02277187293966913 
10 0 0 1 -0.2361111095479833 -0.3822525796484517 
10 0 6.5 1 -0.2050573025050626 -0.07932267330548287 
10 10 0 1 0.236912798053888 -0.4781622282416211 
10 10 6.5 1 0.2532164298821682 -0.1077130797518068 
0 10 0 1 0.0466899190756566 -0.8219994317612508 
0 10 6.5 1 0.09601976997528666 -0.05571541273294737 
0 5 10 1 -0.296915616834077 0.2622743246649288 
10 5 10 1 0.01523129098307245 0.07631539751261314 
0 6 0 1 -0.3301762461385812 -0.6867116792214955 
0 8 0 1 -0.1574583943968654 -0.7487140878812066 
0 8 5 1 -0.1085627589927941 -0.1985690693812788 
0 6 5 1 -0.2744790594529539 -0.1800930842513525 
0 2 2.5 1 -0.5740812382350143 -0.3629645543003446 
0 4 2.5 1 -0.4472378165657665 -0.3921015007479276 
0 4 5 1 -0.4180010288775983 -0.1641108705354422 
0 2 5 1 -0.5433759958910012 -0.1501494573422831 
0.5 0.5 -0.5 1 -0.6581464865730755 -0.5847332921413876 
0.5 0.5 6 1 -0.5800533444377187 -0.06587402801779958 
10.5 0.5 -0.5 1 -0.2056307574961229 -0.4054409156612451 
10.5 0.5 6 1 -0.1759770666181167 -0.1043737037832489 
10.5 10.5 -0.5 1 0.2686229844958491 -0.5052738664011136 
10.5 10.5 6 1 0.2833424344505324 -0.1376280584611632 
0.5 10.5 -0.5 1 0.1163489181175357 -0.8697637618231633 
0.5 10.5 6 1 0.1585537857458803 -0.1155989933156072 
0.5 5.5 9.5 1 -0.2401968339676541 0.2089507905096475 
10.5 5.5 9.5 1 0.04424356691541764 0.04800815552658076 
0.5 6.5 -0.5 1 -0.2635790965755897 -0.7299423247721517 
0.5 8.5 -0.5 1 -0.0891192160916956 -0.7941472011003916 
0.5 8.5 4.5 1 -0.04552516286956677 -0.2521489381741117 
0.5 6.5 4.5 1 -0.2128311695227692 -0.2302113006254328 
0.5 2.5 2 1 -0.5136653044283055 -0.404949279237205 
0.5 4.5 2 1 -0.3849684721699527 -0.4364284096259091 
0.5 4.5 4.5 1 -0.3579476248656872 -0.2111832199046919 
0.5 2.5 4.5 1 -0.4850144450549165 -0.194521858477588 
