-0.1755037430730479 -0.01761401402368027 -0.1886210430412441 0.2411452523483496 
0.2149140211235375 -0.01509190329045258 0.2222219138980542 0.2482039072542771 
0.3249003503358706 -0.150629426685456 0.3469956779052956 0.2805543799534981 
-0.3070805818506784 -0.1512199466026723 -0.3403022879672002 0.2679047524204259 
-0.1755037430730479 -0.01761401402368027 0.2149140211235375 -0.01509190329045258 
0.2149140211235375 -0.01509190329045258 0.3249003503358706 -0.150629426685456 
0.3249003503358706 -0.150629426685456 -0.3070805818506784 -0.1512199466026723 
-0.3070805818506784 -0.1512199466026723 -0.1755037430730479 -0.01761401402368027 
-0.1886210430412441 0.2411452523483496 -0.2572328355144996 0.4413216224811827 
-0.2572328355144996 0.4413216224811827 -0.3403022879672002 0.2679047524204259 
0.2222219138980542 0.2482039072542771 0.2758330096138351 0.4549385033272633 
0.2758330096138351 0.4549385033272633 0.3469956779052956 0.2805543799534981 
-0.2572328355144996 0.4413216224811827 0.2758330096138351 0.4549385033272633 
-0.1886210430412441 0.2411452523483496 0.2222219138980542 0.2482039072542771 
-0.3403022879672002 0.2679047524204259 0.3469956779052956 0.2805543799534981 
-0.2389344535826919 -0.08202291235655196 -0.269294434396096 -0.1128510853643441 
-0.269294434396096 -0.1128510853643441 -0.2892788683002552 0.1690197589532408 
-0.2892788683002552 0.1690197589532408 -0.2552812434702738 0.1723117687445584 
-0.2552812434702738 0.1723117687445584 -0.2389344535826919 -0.08202291235655196 
-0.1988442399943346 0.06858875753134733 -0.2206736772210292 0.05648157777041145 
-0.2206736772210292 0.05648157777041145 -0.2276529269545524 0.1749870347062902 
-0.2276529269545524 0.1749870347062902 -0.2047573291125195 0.1772040287654626 
-0.2047573291125195 0.1772040287654626 -0.1988442399943346 0.06858875753134733 
