0 0 0 1 0.2776184097593742 -0.2594978139250554 
0 0 6.5 1 0.2439254044037214 0.06183035838827021 
10 0 0 1 0.581087739866336 -0.4933499210465081 
10 0 6.5 1 0.5106546248345826 0.1446389292511867 
10 10 0 1 -0.4159893497070286 -0.6099268961316382 
10 10 6.5 1 -0.4756106741192493 0.04977959703307847 
0 10 0 1 -0.2206802122755251 -0.3134832525674179 
0 10 6.5 1 -0.2516574327103496 0.01326375890945121 
0 5 10 1 -0.01917863171661359 0.2104772671716954 
10 5 10 1 -0.009219341162419643 0.4403590938554847 
0 6 0 1 -0.01947451877829901 -0.2916847222475252 
0 8 0 1 -0.1197590121192602 -0.3025494971488286 
0 8 5 1 -0.1440534324017433 -0.05167440284136184 
0 6 5 1 -0.04419296638042823 -0.04165125950063445 
0 2 2.5 1 0.1664019463742861 -0.1456674526897352 
0 4 2.5 1 0.0675796026045013 -0.1559789706009212 
0 4 5 1 0.0550425892780064 -0.03169083934148044 
0 2 5 1 0.1536590821562747 -0.02179255543333483 
0.5 0.5 -0.5 1 0.2629473310150556 -0.2938080936291096 
0.5 0.5 6 1 0.2284526434349953 0.03631317740633164 
10.5 0.5 -0.5 1 0.5677541896824512 -0.5762680863160602 
10.5 0.5 6 1 0.493688971446801 0.09734279672887595 
10.5 10.5 -0.5 1 -0.4862979370471595 -0.7022636397619832 
10.5 10.5 6 1 -0.5482814532963123 -0.004400392115451417 
0.5 10.5 -0.5 1 -0.2491820904359157 -0.3498254823890108 
0.5 10.5 6 1 -0.2808078292095333 -0.01398254179492495 
0.5 5.5 9.5 1 -0.04176606360743174 0.1888275011063819 
10.5 5.5 9.5 1 -0.05471743205621285 0.4087774238739903 
0.5 6.5 -0.5 1 -0.04233918792965277 -0.3272007340410408 
0.5 8.5 -0.5 1 -0.1454244687540714 -0.3384763374519998 
0.5 8.5 4.5 1 -0.1702440820592575 -0.0806310262627716 
0.5 6.5 4.5 1 -0.06760691636760652 -0.07024431737428614 
0.5 2.5 2 1 0.1487343602207621 -0.1769433165526199 
0.5 4.5 2 1 0.04719257760487301 -0.1876333999159635 
0.5 4.5 4.5 1 0.03437070217030954 -0.05992435355068927 
0.5 2.5 4.5 1 0.1356951105756418 -0.04967049349607743 
