0 0 0 1 0.2947208595718041 -0.5316587851224474 
0 0 6.5 1 0.2353166701718195 0.0815596487348588 
10 0 0 1 -0.2231569984357146 -0.3530869504826336 
10 0 6.5 1 -0.2611612411807094 0.01384710138733724 
10 10 0 1 0.125215733707122 -0.219712705787084 
10 10 6.5 1 0.09934858680854713 0.04227647463886357 
0 10 0 1 0.5751013239157944 -0.2731665367165687 
0 10 6.5 1 0.5410177409583024 0.09415499879669385 
0 5 10 1 0.403192228592626 0.3391848173278665 
10 5 10 1 -0.06736049206393364 0.1960942566855182 
0 6 0 1 0.4950970398259201 -0.3469251964893907 
0 8 0 1 0.538587975609637 -0.3068294294668492 
0 8 5 1 0.509956267429259 -1.619276886551862e-05 
0 6 5 1 0.4635217061168683 -0.01084491689358281 
0 2 2.5 1 0.3574811520705506 -0.248452975458978 
0 4 2.5 1 0.4248659320839011 -0.21019372311834 
0 4 5 1 0.4072274156858732 -0.02397296900917999 
0 2 5 1 0.3375600253892022 -0.04021968112811949 
0.5 0.5 -0.5 1 0.2803945266096542 -0.5413041734338558 
0.5 0.5 6 1 0.2246702984945475 0.03271339815128463 
10.5 0.5 -0.5 1 -0.211810219266073 -0.3659624542499834 
10.5 0.5 6 1 -0.2482751961327617 -0.01343391813425391 
10.5 10.5 -0.5 1 0.1236218003100005 -0.2327514491580011 
10.5 10.5 6 1 0.09847815105448657 0.0218106947815329 
0.5 10.5 -0.5 1 0.5553881748168079 -0.2891515310205625 
0.5 10.5 6 1 0.5225439987320702 0.06373485591975576 
0.5 5.5 9.5 1 0.3869125154832931 0.2894226506055921 
10.5 5.5 9.5 1 -0.06290274936939252 0.1672089633957723 
0.5 6.5 -0.5 1 0.4754704929436196 -0.3624312405383955 
0.5 8.5 -0.5 1 0.5187674232697119 -0.3227305584997898 
0.5 8.5 4.5 1 0.4912696718731044 -0.02896585326713863 
0.5 6.5 4.5 1 0.4452697512702036 -0.04194445524123305 
0.5 2.5 2 1 0.3411784274673549 -0.2730202516962403 
0.5 4.5 2 1 0.4067833125291471 -0.2342323362810909 
0.5 4.5 4.5 1 0.3899991217275752 -0.05753873219409727 
0.5 2.5 4.5 1 0.3223411286197819 -0.07662802955381266 
