0 0 0 1 0.2876388874579111 -0.2671342521451274 
0 0 6.5 1 0.2530152964159528 0.08093543875061382 
10 0 0 1 0.1928014051339026 -0.5786608197795887 
10 0 6.5 1 0.1229379270556674 0.1207937927311664 
10 10 0 1 -0.5849449701778927 -0.4887994555597672 
10 10 6.5 1 -0.6365443532388656 0.01517543619513935 
0 10 0 1 -0.1779186800374109 -0.2654701421225632 
0 10 6.5 1 -0.2073821079442473 0.02628532600782135 
0 5 10 1 -0.0146155043947844 0.2224030990536047 
10 5 10 1 -0.350601513746719 0.3757767948793841 
0 6 0 1 -0.01100491497630807 -0.2660667662325233 
0 8 0 1 -0.09724994835184929 -0.265758488085078 
0 8 5 1 -0.1206059037590689 -0.03387881277786404 
0 6 5 1 -0.03510146189676851 -0.02616662852206742 
0 2 2.5 1 0.1678406195687637 -0.1379413437996987 
0 4 2.5 1 0.06897773753904195 -0.1421996450315034 
0 4 5 1 0.05653010294581703 -0.01790180044622249 
0 2 5 1 0.1549718554541824 -0.00902271864330647 
0.5 0.5 -0.5 1 0.2597439675297371 -0.3020691514625746 
0.5 0.5 6 1 0.224546570109145 0.05140641591592571 
10.5 0.5 -0.5 1 0.1328291213396534 -0.6599184228461077 
10.5 0.5 6 1 0.06059048586852792 0.06171372498692213 
10.5 10.5 -0.5 1 -0.6455169510175657 -0.54480234028465 
10.5 10.5 6 1 -0.6983960398609314 -0.0294149612429224 
0.5 10.5 -0.5 1 -0.2073301794516396 -0.2946625714400917 
0.5 10.5 6 1 -0.2372073141262202 0.0008815187881999357 
0.5 5.5 9.5 1 -0.04437318967788573 0.1975120162936266 
10.5 5.5 9.5 1 -0.4152268178274213 0.3333062686379568 
0.5 6.5 -0.5 1 -0.04014360879492223 -0.2973137152087123 
0.5 8.5 -0.5 1 -0.1265673363134499 -0.295943259879844 
0.5 8.5 4.5 1 -0.1502615207008184 -0.06095116126447197 
0.5 6.5 4.5 1 -0.06460047196810143 -0.05408057197737298 
0.5 2.5 2 1 0.1391831236869283 -0.1696300971252021 
0.5 4.5 2 1 0.0399280568513821 -0.1727987584610872 
0.5 4.5 4.5 1 0.02728795928530006 -0.04671050494319685 
0.5 2.5 4.5 1 0.1261084647826536 -0.0387844391704753 
