0 0 0 1 0.3028796273547286 -0.4255202891143074 
0 0 6.5 1 0.3269918656217249 0.008017774206233756 
10 0 0 1 -0.3822008432543191 -0.3787348906437442 
10 0 6.5 1 -0.3279722819798334 0.07105705836477851 
10 10 0 1 -0.254473413071932 -0.260722648597374 
10 10 6.5 1 -0.2252233692149194 0.005856453588342213 
0 10 0 1 0.1528426613374075 -0.291735784199827 
0 10 6.5 1 0.1712579999431866 -0.03094373652831789 
0 5 10 1 0.2410727768315961 0.1509773081983506 
10 5 10 1 -0.24420866086535 0.2018607879950603 
0 6 0 1 0.1956723318387736 -0.3299260143529354 
0 8 0 1 0.172391566429093 -0.3091670923549745 
0 8 5 1 0.1874467404512725 -0.0898242804974487 
0 6 5 1 0.2116010164830623 -0.08965111486773655 
0 2 2.5 1 0.2677464107556808 -0.235551416370905 
0 4 2.5 1 0.2324028324118918 -0.2205632842513303 
0 4 5 1 0.2407247078891986 -0.08944232275344394 
0 2 5 1 0.2765272457554822 -0.08918564898658175 
0.5 0.5 -0.5 1 0.2569053954948806 -0.4463000676655174 
0.5 0.5 6 1 0.2822105382005348 -0.02330178081304933 
10.5 0.5 -0.5 1 -0.4106385678239036 -0.4017334227357626 
10.5 0.5 6 1 -0.356714663919329 0.03673555150027712 
10.5 10.5 -0.5 1 -0.2735844570689022 -0.2764279432487117 
10.5 10.5 6 1 -0.2443395398520466 -0.01386348708150572 
0.5 10.5 -0.5 1 0.127469117110051 -0.3065385537060124 
0.5 10.5 6 1 0.1462072822601297 -0.04959267255566366 
0.5 5.5 9.5 1 0.209184884678395 0.1246843630608822 
10.5 5.5 9.5 1 -0.2672373405601264 0.1737386885438459 
0.5 6.5 -0.5 1 0.164709187114582 -0.3467492939153139 
0.5 8.5 -0.5 1 0.1444958692181276 -0.3249235434641612 
0.5 8.5 4.5 1 0.1598577352131046 -0.1091153972202065 
0.5 6.5 4.5 1 0.1810244404778489 -0.1107103640584041 
0.5 2.5 2 1 0.2284659842787622 -0.2582089367763285 
0.5 4.5 2 1 0.1978830663009682 -0.2412315007327279 
0.5 4.5 4.5 1 0.2064539010502196 -0.1126265407055906 
0.5 2.5 4.5 1 0.2375780137053161 -0.1149718243447922 
