0.2574324186437844 -0.02816463498768577 0.2726138550631026 0.3521548515658509 
-0.2363392633113346 -0.1730727343802376 -0.2745485568914622 0.4451501704796629 
-0.5178773878780835 -0.03204292982594358 -0.561227099604764 0.3383042978355268 
-0.08944554657041399 0.03385963494241901 -0.09750189914793807 0.3033479349573669 
0.2574324186437844 -0.02816463498768577 -0.2363392633113346 -0.1730727343802376 
-0.2363392633113346 -0.1730727343802376 -0.5178773878780835 -0.03204292982594358 
-0.5178773878780835 -0.03204292982594358 -0.08944554657041399 0.03385963494241901 
-0.08944554657041399 0.03385963494241901 0.2574324186437844 -0.02816463498768577 
0.2726138550631026 0.3521548515658509 0.05468673472556166 0.5104383884056659 
0.05468673472556166 0.5104383884056659 -0.09750189914793807 0.3033479349573669 
-0.2745485568914622 0.4451501704796629 -0.4835246871900453 0.6653303011107238 
-0.4835246871900453 0.6653303011107238 -0.561227099604764 0.3383042978355268 
0.05468673472556166 0.5104383884056659 -0.4835246871900453 0.6653303011107238 
0.2726138550631026 0.3521548515658509 -0.2745485568914622 0.4451501704796629 
-0.09750189914793807 0.3033479349573669 -0.561227099604764 0.3383042978355268 
0.02254138833452683 0.01383556718446846 -0.03683483980036466 0.0244524629535493 
-0.03683483980036466 0.0244524629535493 -0.04105348280324229 0.2417053373363962 
-0.04105348280324229 0.2417053373363962 0.02079530836634624 0.2452129661913295 
0.02079530836634624 0.2452129661913295 0.02254138833452683 0.01383556718446846 
0.17038684788415 0.1174094776246207 0.09080443660345533 0.1224886745443286 
0.09080443660345533 0.1224886745443286 0.09156719494403751 0.2492266503197274 
0.09156719494403751 0.2492266503197274 0.1733433441070785 0.2538644189005731 
0.1733433441070785 0.2538644189005731 0.17038684788415 0.1174094776246207 
