-0.6187372417350647 -0.5029339667627816 -0.5724797738692673 -0.07765451997232636 
-0.1331724346131953 -0.4017373849313877 -0.1274631825419694 -0.1153860353953303 
0.2824574577744287 -0.4746051680520197 0.260075790099876 -0.0825255799322886 
-0.1913732246923896 -0.7076630683839636 -0.1706666304816306 0.002380518880776065 
-0.6187372417350647 -0.5029339667627816 -0.1331724346131953 -0.4017373849313877 
-0.1331724346131953 -0.4017373849313877 0.2824574577744287 -0.4746051680520197 
0.2824574577744287 -0.4746051680520197 -0.1913732246923896 -0.7076630683839636 
-0.1913732246923896 -0.7076630683839636 -0.6187372417350647 -0.5029339667627816 
-0.5724797738692673 -0.07765451997232636 -0.3991457620417895 0.1990503459066017 
-0.3991457620417895 0.1990503459066017 -0.1706666304816306 0.002380518880776065 
-0.1274631825419694 -0.1153860353953303 0.0353345363711228 0.06045978292035652 
0.0353345363711228 0.06045978292035652 0.260075790099876 -0.0825255799322886 
-0.3991457620417895 0.1990503459066017 0.0353345363711228 0.06045978292035652 
-0.5724797738692673 -0.07765451997232636 -0.1274631825419694 -0.1153860353953303 
-0.1706666304816306 0.002380518880776065 0.260075790099876 -0.0825255799322886 
-0.4182006234916664 -0.5990012070026665 -0.3186564744042706 -0.6466879176324772 
-0.3186564744042706 -0.6466879176324772 -0.2928177075372894 -0.1522801588456781 
-0.2928177075372894 -0.1522801588456781 -0.3870280154737902 -0.1579745240108567 
-0.3870280154737902 -0.1579745240108567 -0.4182006234916664 -0.5990012070026665 
-0.5454302732952897 -0.3416482784855474 -0.4804828686767804 -0.3541873674114804 
-0.4804828686767804 -0.3541873674114804 -0.464063924586138 -0.1626308148873591 
-0.464063924586138 -0.1626308148873591 -0.5282294299211809 -0.1665091783742106 
-0.5282294299211809 -0.1665091783742106 -0.5454302732952897 -0.3416482784855474 
