-0.525224426877073 -0.4466482894117654 -0.5121507515766528 -0.07296446504280929 
-0.06518882938999118 -0.3549287107542415 -0.07581466273984999 -0.0828969632448746 
0.3027040691031324 -0.4161865246304717 0.2645532286404005 -0.02578623203545176 
-0.2582387190007916 -0.6162718641957499 -0.2630149840176894 0.02450716173929987 
-0.525224426877073 -0.4466482894117654 -0.06518882938999118 -0.3549287107542415 
-0.06518882938999118 -0.3549287107542415 0.3027040691031324 -0.4161865246304717 
0.3027040691031324 -0.4161865246304717 -0.2582387190007916 -0.6162718641957499 
-0.2582387190007916 -0.6162718641957499 -0.525224426877073 -0.4466482894117654 
-0.5121507515766528 -0.07296446504280929 -0.4144718140369716 0.1896507172562711 
-0.4144718140369716 0.1896507172562711 -0.2630149840176894 0.02450716173929987 
-0.07581466273984999 -0.0828969632448746 0.05471556469577771 0.09996542389049236 
0.05471556469577771 0.09996542389049236 0.2645532286404005 -0.02578623203545176 
-0.4144718140369716 0.1896507172562711 0.05471556469577771 0.09996542389049236 
-0.5121507515766528 -0.07296446504280929 -0.07581466273984999 -0.0828969632448746 
-0.2630149840176894 0.02450716173929987 0.2645532286404005 -0.02578623203545176 
-0.4017582508725285 -0.525089844599821 -0.3392892469165487 -0.5647781704225588 
-0.3392892469165487 -0.5647781704225588 -0.3370043380960551 -0.1246352631198338 
-0.3370043380960551 -0.1246352631198338 -0.3958726750343614 -0.1347373545663698 
-0.3958726750343614 -0.1347373545663698 -0.4017582508725285 -0.525089844599821 
-0.4869206937563562 -0.3046097695798582 -0.4472268797624859 -0.3132075586567352 
-0.4472268797624859 -0.3132075586567352 -0.443306023360405 -0.1428771466401166 
-0.443306023360405 -0.1428771466401166 -0.4823412480190922 -0.1495757800591548 
-0.4823412480190922 -0.1495757800591548 -0.4869206937563562 -0.3046097695798582 
