-0.5622854754382274 -0.4577189273401126 -0.5362924848640327 -0.06600273345669373 
-0.0922826886358198 -0.3678508000036088 -0.09672166944841173 -0.0909207413408374 
0.2944563047649922 -0.4280092329532518 0.2618023454739844 -0.03832623973160399 
-0.2361168254509375 -0.6270124485927204 -0.230085027920687 0.03662601995995235 
-0.5622854754382274 -0.4577189273401126 -0.0922826886358198 -0.3678508000036088 
-0.0922826886358198 -0.3678508000036088 0.2944563047649922 -0.4280092329532518 
0.2944563047649922 -0.4280092329532518 -0.2361168254509375 -0.6270124485927204 
-0.2361168254509375 -0.6270124485927204 -0.5622854754382274 -0.4577189273401126 
-0.5362924848640327 -0.06600273345669373 -0.4101123114691986 0.2048017098008666 
-0.4101123114691986 0.2048017098008666 -0.230085027920687 0.03662601995995235 
-0.09672166944841173 -0.0909207413408374 0.04609879161896382 0.09050784038437593 
0.04609879161896382 0.09050784038437593 0.2618023454739844 -0.03832623973160399 
-0.4101123114691986 0.2048017098008666 0.04609879161896382 0.09050784038437593 
-0.5362924848640327 -0.06600273345669373 -0.09672166944841173 -0.0909207413408374 
-0.230085027920687 0.03662601995995235 0.2618023454739844 -0.03832623973160399 
-0.4106937938134943 -0.5364005835196852 -0.3344917799806131 -0.5759522303404667 
-0.3344917799806131 -0.5759522303404667 -0.3225585081908601 -0.1171868493536772 
-0.3225585081908601 -0.1171868493536772 -0.3946524170482462 -0.1284819343302225 
-0.3946524170482462 -0.1284819343302225 -0.4106937938134943 -0.5364005835196852 
-0.5109156923203783 -0.3071634189282484 -0.461963906227163 -0.3152121713310891 
-0.461963906227163 -0.3152121713310891 -0.4530722089402402 -0.137634670312918 
-0.4530722089402402 -0.137634670312918 -0.501371270093143 -0.1452017728414904 
-0.501371270093143 -0.1452017728414904 -0.5109156923203783 -0.3071634189282484 
