-0.3453479621955196 -0.2835978153288026 -0.3757306993478126 0.00864501166721671 
0.06042693225406551 -0.2051667067918207 0.03550287799169092 0.04455085976281689 
0.3203530727987708 -0.302127533363603 0.2825324931209015 0.08659507672258013 
-0.3009584080224518 -0.4654207808689986 -0.3530775292918646 0.0371380221547077 
-0.3453479621955196 -0.2835978153288026 0.06042693225406551 -0.2051667067918207 
0.06042693225406551 -0.2051667067918207 0.3203530727987708 -0.302127533363603 
0.3203530727987708 -0.302127533363603 -0.3009584080224518 -0.4654207808689986 
-0.3009584080224518 -0.4654207808689986 -0.3453479621955196 -0.2835978153288026 
-0.3757306993478126 0.00864501166721671 -0.3881995584180446 0.2192509243581606 
-0.3881995584180446 0.2192509243581606 -0.3530775292918646 0.0371380221547077 
0.03550287799169092 0.04455085976281689 0.1158101882474696 0.2254961010828152 
0.1158101882474696 0.2254961010828152 0.2825324931209015 0.08659507672258013 
-0.3881995584180446 0.2192509243581606 0.1158101882474696 0.2254961010828152 
-0.3757306993478126 0.00864501166721671 0.03550287799169092 0.04455085976281689 
-0.3530775292918646 0.0371380221547077 0.2825324931209015 0.08659507672258013 
-0.3246642737967348 -0.3683197647386513 -0.3143018167662105 -0.4107651711562703 
-0.3143018167662105 -0.4107651711562703 -0.3493393776302696 -0.07316669215905945 
-0.3493393776302696 -0.07316669215905945 -0.3558075395104506 -0.06841719001120462 
-0.3558075395104506 -0.06841719001120462 -0.3246642737967348 -0.3683197647386513 
-0.3524363915983246 -0.1842547868214161 -0.3469393762409094 -0.1996969910538021 
-0.3469393762409094 -0.1996969910538021 -0.3609723637013718 -0.06462471480070686 
-0.3609723637013718 -0.06462471480070686 -0.3651917286129072 -0.06152648023559409 
-0.3651917286129072 -0.06152648023559409 -0.3524363915983246 -0.1842547868214161 
