0.2796463037326288 -0.2931006922803033 0.244943577235443 0.02755160756799597 
0.6117045386062503 -0.5358271070139285 0.5355679539004784 0.09766975327228142 
-0.3898718576195913 -0.6708867486755619 -0.4444813656947617 0.006752047470245757 
-0.2206187300951743 -0.3513135582464043 -0.2498882116124239 -0.01972304981605286 
0.2796463037326288 -0.2931006922803033 0.6117045386062503 -0.5358271070139285 
0.6117045386062503 -0.5358271070139285 -0.3898718576195913 -0.6708867486755619 
-0.3898718576195913 -0.6708867486755619 -0.2206187300951743 -0.3513135582464043 
-0.2206187300951743 -0.3513135582464043 0.2796463037326288 -0.2931006922803033 
0.244943577235443 0.02755160756799597 -0.01554124363074641 0.1763891977483446 
-0.01554124363074641 0.1763891977483446 -0.2498882116124239 -0.01972304981605286 
0.5355679539004784 0.09766975327228142 0.02653145713680899 0.3925524511913688 
0.02653145713680899 0.3925524511913688 -0.4444813656947617 0.006752047470245757 
-0.01554124363074641 0.1763891977483446 0.02653145713680899 0.3925524511913688 
0.244943577235443 0.02755160756799597 0.5355679539004784 0.09766975327228142 
-0.2498882116124239 -0.01972304981605286 -0.4444813656947617 0.006752047470245757 
-0.01670039092656964 -0.3275847942046266 -0.1180079296103843 -0.3393733498141046 
-0.1180079296103843 -0.3393733498141046 -0.1414757255542599 -0.08527081834400792 
-0.1414757255542599 -0.08527081834400792 -0.04102882685495456 -0.07519720138159187 
-0.04102882685495456 -0.07519720138159187 -0.01670039092656964 -0.3275847942046266 
0.1690487271069104 -0.1793233568817766 0.07068319135930917 -0.1899743434273983 
0.07068319135930917 -0.1899743434273983 0.05816288182228525 -0.06524946489593585 
0.05816288182228525 -0.06524946489593585 0.1561227817767418 -0.05542526402367321 
0.1561227817767418 -0.05542526402367321 0.1690487271069104 -0.1793233568817766 
