0 0 0 1 -0.6984490903488455 -0.5946340920806381 
0 0 6.5 1 -0.6242337239924752 -0.1089242711170402 
10 0 0 1 -0.1949697046317906 -0.4463408661842448 
10 0 6.5 1 -0.1737969094310381 -0.1458114236241715 
10 10 0 1 0.2587856268492396 -0.5463637274618671 
10 10 6.5 1 0.2559837305258533 -0.1537742690577437 
0 10 0 1 -0.0942367646240336 -0.8865560912359045 
0 10 6.5 1 -0.05553162240431529 -0.1041646097084556 
0 5 10 1 -0.3690008562524442 0.1693364751703339 
10 5 10 1 0.02045283588826675 0.01819157459591917 
0 6 0 1 -0.4072358173953931 -0.7353322493370965 
0 8 0 1 -0.2678082385458351 -0.8026959488550027 
0 8 5 1 -0.2247742056941647 -0.2520803977237191 
0 6 5 1 -0.3568209194949684 -0.2399411718819947 
0 2 2.5 1 -0.5877833957241432 -0.4202198335553686 
0 4 2.5 1 -0.4932786309493177 -0.4462582733131907 
0 4 5 1 -0.4669716161120528 -0.2298148753285253 
0 2 5 1 -0.560255525580844 -0.221239164416485 
0.5 0.5 -0.5 1 -0.6452613446445815 -0.6320759263479804 
0.5 0.5 6 1 -0.5757168600574601 -0.1458187309501909 
10.5 0.5 -0.5 1 -0.1639280261264445 -0.4699088937395736 
10.5 0.5 6 1 -0.1444163120829043 -0.1691435891896402 
10.5 10.5 -0.5 1 0.2972175524378641 -0.5766302225394226 
10.5 10.5 6 1 0.2918973840683473 -0.1836797101083295 
0.5 10.5 -0.5 1 -0.01415693590168229 -0.944116806327056 
0.5 10.5 6 1 0.01434609322022078 -0.1607148906595942 
0.5 5.5 9.5 1 -0.3147216813758401 0.1252936302406747 
10.5 5.5 9.5 1 0.05179675826777517 -0.007823333026751925 
0.5 6.5 -0.5 1 -0.3405530972572369 -0.782734721207332 
0.5 8.5 -0.5 1 -0.1950163128364119 -0.8546933791581751 
0.5 8.5 4.5 1 -0.1587164226955504 -0.3034766674999608 
0.5 6.5 4.5 1 -0.2958255741918646 -0.2868015479147669 
0.5 2.5 2 1 -0.5329178530526004 -0.4603020487283733 
0.5 4.5 2 1 -0.434312059212897 -0.4896064939886958 
0.5 4.5 4.5 1 -0.4103367361228144 -0.2728747800936605 
0.5 2.5 4.5 1 -0.507411375145051 -0.2610686300539321 
