0 0 0 1 0.2693508022512418 -0.1888201022152612 
0 0 6.5 1 0.2488260024996893 0.1632045426202952 
10 0 0 1 0.001761441140524554 -0.4817460152405266 
10 0 6.5 1 -0.05685619817293589 0.1706085602010244 
10 10 0 1 -0.5692819769472678 -0.3338982653859661 
10 10 6.5 1 -0.6341509785256615 0.09661992768122674 
0 10 0 1 -0.1524225194850971 -0.1570748828884495 
0 10 6.5 1 -0.1808585019060901 0.1183889749960562 
0 5 10 1 -0.007205550933593576 0.3130813591802137 
10 5 10 1 -0.4454395249645104 0.4302822876743309 
0 6 0 1 -0.007384298301319066 -0.1679913394421618 
0 8 0 1 -0.08314351950147467 -0.1622892407813774 
0 8 5 1 -0.1042319407281806 0.05767676229106491 
0 6 5 1 -0.02761405109743903 0.06237539983236472 
0 2 2.5 1 0.1589057736843837 -0.05565935131470907 
0 4 2.5 1 0.06638509904239567 -0.05489954409660662 
0 4 5 1 0.05671699392868763 0.06754705120473321 
0 2 5 1 0.1499876586189051 0.07326693005714692 
0.5 0.5 -0.5 1 0.2366057579941365 -0.2210157895367042 
0.5 0.5 6 1 0.2146935472798016 0.132210419363568 
10.5 0.5 -0.5 1 -0.06252765513924033 -0.5453253877658301 
10.5 0.5 6 1 -0.1266332215537432 0.1110296281731116 
10.5 10.5 -0.5 1 -0.6165367815875668 -0.3747951827972145 
10.5 10.5 6 1 -0.6841996854874618 0.05747956385007968 
0.5 10.5 -0.5 1 -0.1803275316646679 -0.1821843755823903 
0.5 10.5 6 1 -0.2097429178381914 0.09401411240904639 
0.5 5.5 9.5 1 -0.03921019113279924 0.2863693369535224 
10.5 5.5 9.5 1 -0.5061550770173571 0.3848010884210413 
0.5 6.5 -0.5 1 -0.03708714681233836 -0.1955251828941016 
0.5 8.5 -0.5 1 -0.1119247178503605 -0.1885551261190934 
0.5 8.5 4.5 1 -0.1338121865594102 0.03201557485532613 
0.5 6.5 4.5 1 -0.05817231846130642 0.03550472726588925 
0.5 2.5 2 1 0.1267355244250994 -0.08574724228262667 
0.5 4.5 2 1 0.03526225513940745 -0.08347865887688524 
0.5 4.5 4.5 1 0.02512900988009295 0.03934729121918083 
0.5 2.5 4.5 1 0.1173179231902826 0.04359982598941941 
