0 0 0 1 0.3019552290459539 -0.5362634413655413 
0 0 6.5 1 0.2415834301769545 0.07584799671076128 
10 0 0 1 -0.2232429220655761 -0.3606601288358375 
10 0 6.5 1 -0.2607971795665053 0.007506608115297741 
10 10 0 1 0.1228178637458329 -0.2262402500855194 
10 10 6.5 1 0.09674142975901347 0.03553189779561388 
0 10 0 1 0.5728731777882657 -0.277938013520469 
0 10 6.5 1 0.5375653130371294 0.08733931526435318 
0 5 10 1 0.4029608578115123 0.3305637419179474 
10 5 10 1 -0.06838477740787222 0.1891686109496881 
0 6 0 1 0.4957722232157199 -0.351455243256181 
0 8 0 1 0.5377049589931195 -0.3114715804508995 
0 8 5 1 0.5081025111046497 -0.006025822716823921 
0 6 5 1 0.4632231876726797 -0.01665722668602264 
0 2 2.5 1 0.3616571803778751 -0.2530483347241053 
0 4 2.5 1 0.4268647004825117 -0.2149800365116638 
0 4 5 1 0.4087693763044348 -0.0295567185243056 
0 2 5 1 0.3413113165409479 -0.04553676968107268 
0.5 0.5 -0.5 1 0.2866689976680291 -0.5462496833900028 
0.5 0.5 6 1 0.2300547824947404 0.0271341973998376 
10.5 0.5 -0.5 1 -0.2122665229641033 -0.3736485139605862 
10.5 0.5 6 1 -0.2483320296360226 -0.01985443578374129 
10.5 10.5 -0.5 1 0.1210399034808867 -0.2393343369373568 
10.5 10.5 6 1 0.09569032013174569 0.01508894619976465 
0.5 10.5 -0.5 1 0.5530699199289251 -0.2940108852305228 
0.5 10.5 6 1 0.519080211016529 0.05711421211430507 
0.5 5.5 9.5 1 0.3864472731412357 0.2813062929632926 
10.5 5.5 9.5 1 -0.06422484429310105 0.1603417250742066 
0.5 6.5 -0.5 1 0.4758516380559319 -0.3671241704634801 
0.5 8.5 -0.5 1 0.5177066170738782 -0.3274942415770562 
0.5 8.5 4.5 1 0.4893048518338656 -0.03486971293686776 
0.5 6.5 4.5 1 0.4447486222246845 -0.0476680660128978 
0.5 2.5 2 1 0.3447309240134065 -0.2777721505084316 
0.5 4.5 2 1 0.4083712201614133 -0.2391170725351942 
0.5 4.5 4.5 1 0.3911655033323013 -0.0630593071595299 
0.5 2.5 4.5 1 0.3255030827109847 -0.08192021281311868 
