0 0 0 1 0.2346857454636472 -0.3965465183755044 
0 0 6.5 1 0.2107455457632522 -0.08691445799948393 
10 0 0 1 0.7159086631650419 -0.5487803788146207 
10 0 6.5 1 0.6309119732099564 -0.006020313745260773 
10 10 0 1 -0.1117393533541659 -0.7481467689570536 
10 10 6.5 1 -0.1242783933885499 0.02220793056494337 
0 10 0 1 -0.2544682397255759 -0.4601815083879358 
0 10 6.5 1 -0.2517170863017583 -0.08790489200068904 
0 5 10 1 -0.006920666307402711 0.0788411903497749 
10 5 10 1 0.2843673721915965 0.2958365046863743 
0 6 0 1 -0.03685514307153045 -0.4318717988661017 
0 8 0 1 -0.1414345647634147 -0.4454767385300288 
0 8 5 1 -0.1447903670302454 -0.1662845487820982 
0 6 5 1 -0.04493082725674664 -0.163266992670821 
0 2 2.5 1 0.1424835956124392 -0.2799127848966632 
0 4 2.5 1 0.05397890203562332 -0.2868955750966604 
0 4 5 1 0.04805075427559106 -0.1604572747387584 
0 2 5 1 0.1348413134987677 -0.1578346371522135 
0.5 0.5 -0.5 1 0.2296337514563657 -0.4297925515730552 
0.5 0.5 6 1 0.2051618493895601 -0.1078129276251717 
10.5 0.5 -0.5 1 0.7382958914443385 -0.619645331266433 
10.5 0.5 6 1 0.6460803201530262 -0.0377883678003717 
10.5 10.5 -0.5 1 -0.1587467979798431 -0.8714168082117848 
10.5 10.5 6 1 -0.1659213427411418 -0.02004782517370421 
0.5 10.5 -0.5 1 -0.2818571694248145 -0.5032060479085414 
0.5 10.5 6 1 -0.2771752197452734 -0.1129581273665076 
0.5 5.5 9.5 1 -0.02060414285948655 0.06272094331262641 
10.5 5.5 9.5 1 0.278421637050643 0.2805878950466467 
0.5 6.5 -0.5 1 -0.05338636633715794 -0.4704139888894965 
0.5 8.5 -0.5 1 -0.1629985473106011 -0.4861464547411981 
0.5 8.5 4.5 1 -0.1654115501897032 -0.1938567509918203 
0.5 6.5 4.5 1 -0.06097614054397178 -0.1897030489286247 
0.5 2.5 2 1 0.1340167788237759 -0.3093301092018918 
0.5 4.5 2 1 0.04186716623504989 -0.3176513378388235 
0.5 4.5 4.5 1 0.03600133713748251 -0.1858459706589515 
0.5 2.5 4.5 1 0.1262922192885954 -0.1822548378740938 
