0.1729586660919784 -0.4012615045457484 0.167912759158395 -0.1051325185260506 
0.6629854274122651 -0.5317219746313705 0.6130626970568498 -0.05726104810244868 
0.05538861430047992 -0.7135829124224392 0.05871577905556045 0.03099247329182976 
-0.2803158789626896 -0.4536026282845398 -0.2549741950863209 -0.07100662449612075 
0.1729586660919784 -0.4012615045457484 0.6629854274122651 -0.5317219746313705 
0.6629854274122651 -0.5317219746313705 0.05538861430047992 -0.7135829124224392 
0.05538861430047992 -0.7135829124224392 -0.2803158789626896 -0.4536026282845398 
-0.2803158789626896 -0.4536026282845398 0.1729586660919784 -0.4012615045457484 
0.167912759158395 -0.1051325185260506 -0.01443692122679092 0.07312683287857923 
-0.01443692122679092 0.07312683287857923 -0.2549741950863209 -0.07100662449612075 
0.6130626970568498 -0.05726104810244868 0.3765596947547012 0.2427723558282739 
0.3765596947547012 0.2427723558282739 0.05871577905556045 0.03099247329182976 
-0.01443692122679092 0.07312683287857923 0.3765596947547012 0.2427723558282739 
0.167912759158395 -0.1051325185260506 0.6130626970568498 -0.05726104810244868 
-0.2549741950863209 -0.07100662449612075 0.05871577905556045 0.03099247329182976 
-0.06980755953400114 -0.4292945304319831 -0.1690910976748447 -0.4407591317685267 
-0.1690910976748447 -0.4407591317685267 -0.1561151031046855 -0.1583668266809002 
-0.1561151031046855 -0.1583668266809002 -0.06238379380385602 -0.1618792761211925 
-0.06238379380385602 -0.1618792761211925 -0.06980755953400114 -0.4292945304319831 
0.09944879505028839 -0.2860510628803198 0.02083681686466472 -0.2889779042622168 
0.02083681686466472 -0.2889779042622168 0.02224461307383029 -0.1650506070519952 
0.02224461307383029 -0.1650506070519952 0.0990347772524174 -0.1679282108238935 
0.0990347772524174 -0.1679282108238935 0.09944879505028839 -0.2860510628803198 
