0 0 0 1 -0.2151398161477767 -0.3442502264957307 
0 0 6.5 1 -0.2370079460639638 0.3255298790669096 
10 0 0 1 -0.2474790729547594 -0.07953020160234668 
10 0 6.5 1 -0.2603257164745196 0.2631379464822165 
10 10 0 1 0.2157167857589785 -0.05181212623454754 
10 10 6.5 1 0.2328263894826534 0.2493952519160599 
0 10 0 1 0.5838182002536271 -0.2413962003772253 
0 10 6.5 1 0.6560117761071651 0.2861804898554992 
0 5 10 1 0.2914517141352219 0.6871400720058165 
10 5 10 1 0.005253811040328168 0.4464089366355551 
0 6 0 1 0.3073788254080989 -0.2769836806914103 
0 8 0 1 0.4515505698340891 -0.2584237012402607 
0 8 5 1 0.4966541702453195 0.154267160976012 
0 6 5 1 0.3414642141907103 0.1542793365488615 
0 2 2.5 1 -0.02179385715217316 -0.09412815402478827 
0 4 2.5 1 0.1594539774793644 -0.08189690105052051 
0 4 5 1 0.1702371034894522 0.1542927703316472 
0 2 5 1 -0.0196484969105995 0.1543076679836572 
0.5 0.5 -0.5 1 -0.1696099915860667 -0.3563743262326204 
0.5 0.5 6 1 -0.1837696822712981 0.2625530825685413 
10.5 0.5 -0.5 1 -0.2220272538911367 -0.09517860606018978 
10.5 0.5 6 1 -0.2326832885108127 0.2337656192913565 
10.5 10.5 -0.5 1 0.2240424925400898 -0.0665099009208646 
10.5 10.5 6 1 0.241089431814503 0.2240482344197634 
0.5 10.5 -0.5 1 0.5787882891135541 -0.256510074470339 
0.5 10.5 6 1 0.6462946802028925 0.2390868276821724 
0.5 5.5 9.5 1 0.304960351033658 0.6031120188403686 
10.5 5.5 9.5 1 0.0225064494132646 0.4114183862353278 
0.5 6.5 -0.5 1 0.317556841090409 -0.2913680956154722 
0.5 8.5 -0.5 1 0.4534920136559991 -0.2732292721487094 
0.5 8.5 4.5 1 0.4961068655121013 0.1140075807671801 
0.5 6.5 4.5 1 0.3504252090317919 0.1121625307529975 
0.5 2.5 2 1 0.01109920741142519 -0.1223731103845544 
0.5 4.5 2 1 0.1796574329709603 -0.109589111971752 
0.5 4.5 4.5 1 0.1906585064301739 0.1101390944191248 
0.5 2.5 4.5 1 0.01466030180393193 0.1079100870218506 
