0 0 0 1 0.02944983302434004 -0.2320963650799227 
0 0 6.5 1 0.05458069242354127 0.02474947107951356 
10 0 0 1 0.4568375724681601 -0.3357398935080022 
10 0 6.5 1 0.4855268973534208 -0.0003815467679823141 
10 10 0 1 0.2663521932423556 -0.5061122652993889 
10 10 6.5 1 0.3185068724868153 0.07038435165885892 
0 10 0 1 -0.2979584821880448 -0.2947152203935559 
0 10 6.5 1 -0.2575661230754639 0.0831948024249432 
0 5 10 1 -0.05536336499913395 0.2109303537820434 
10 5 10 1 0.4434997483038971 0.249901361560691 
0 6 0 1 -0.1356968763763047 -0.2636816896455904 
0 8 0 1 -0.2098052432745364 -0.2778553709136417 
0 8 5 1 -0.1819942802499814 -0.01160162634046049 
0 6 5 1 -0.1105975722246995 -0.01858960356463251 
0 2 2.5 1 -0.007517800020202367 -0.1351238151555755 
0 4 2.5 1 -0.06106026977672072 -0.1377120799780238 
0 4 5 1 -0.0496693391870158 -0.02455297521792523 
0 2 5 1 0.002935550333593239 -0.02970169677690711 
0.5 0.5 -0.5 1 0.03286993159337882 -0.2588515263461921 
0.5 0.5 6 1 0.05870213346416931 0.005621916475231749 
10.5 0.5 -0.5 1 0.477734021111864 -0.3749370611046587 
10.5 0.5 6 1 0.5073086489954712 -0.02645714974908847 
10.5 10.5 -0.5 1 0.2904276682269679 -0.5871320556261639 
10.5 10.5 6 1 0.345651519468686 0.02926109412122902 
0.5 10.5 -0.5 1 -0.3071044321078211 -0.3374255896747036 
0.5 10.5 6 1 -0.2648712562313473 0.05723174577751356 
0.5 5.5 9.5 1 -0.0542420349765769 0.1945661705306319 
10.5 5.5 9.5 1 0.4690629359383164 0.2289181169005346 
0.5 6.5 -0.5 1 -0.1374336429711709 -0.2982116819391816 
0.5 8.5 -0.5 1 -0.2146349612231121 -0.3160542663132903 
0.5 8.5 4.5 1 -0.1856929071066412 -0.03903441970780348 
0.5 6.5 4.5 1 -0.1114159556206909 -0.04402603338678003 
0.5 2.5 2 1 -0.0050165932997292 -0.1606699967389107 
0.5 4.5 2 1 -0.06016108459792682 -0.1652866324766104 
0.5 4.5 4.5 1 -0.04839311622676253 -0.04826134004534938 
0.5 2.5 4.5 1 0.005753245994064502 -0.05190012323342116 
