0.2746444628018516 -0.2186946088874467 0.2499285551012268 0.1312378253688773 
0.04843961210599616 -0.5295209387513675 -0.01229528573301985 0.1325724837389268 
-0.5724170362487516 -0.3874094297700966 -0.6359925543542572 0.05780374654877467 
-0.1582210577649421 -0.1927734772946265 -0.1877937317683185 0.0855276229805596 
0.2746444628018516 -0.2186946088874467 0.04843961210599616 -0.5295209387513675 
0.04843961210599616 -0.5295209387513675 -0.5724170362487516 -0.3874094297700966 
-0.5724170362487516 -0.3874094297700966 -0.1582210577649421 -0.1927734772946265 
-0.1582210577649421 -0.1927734772946265 0.2746444628018516 -0.2186946088874467 
0.2499285551012268 0.1312378253688773 -0.009825270570025628 0.2793738787605823 
-0.009825270570025628 0.2793738787605823 -0.1877937317683185 0.0855276229805596 
-0.01229528573301985 0.1325724837389268 -0.4245798129899857 0.3946448975686062 
-0.4245798129899857 0.3946448975686062 -0.6359925543542572 0.05780374654877467 
-0.009825270570025628 0.2793738787605823 -0.4245798129899857 0.3946448975686062 
0.2499285551012268 0.1312378253688773 -0.01229528573301985 0.1325724837389268 
-0.1877937317683185 0.0855276229805596 -0.6359925543542572 0.05780374654877467 
-0.007875689410755482 -0.2017765553692605 -0.08620933926216427 -0.1970857293517816 
-0.08620933926216427 -0.1970857293517816 -0.1084844784653668 0.02490103180278739 
-0.1084844784653668 0.02490103180278739 -0.02964506702452004 0.03005126208028285 
-0.02964506702452004 0.03005126208028285 -0.007875689410755482 -0.2017765553692605 
0.1614466149185558 -0.08664679156144538 0.06721940672230171 -0.08681253476435305 
0.06721940672230171 -0.08681253476435305 0.05657877572376498 0.03568388461574419 
0.05657877572376498 0.03568388461574419 0.1512755100705831 0.0418700037089702 
0.1512755100705831 0.0418700037089702 0.1614466149185558 -0.08664679156144538 
