-0.7026229658439079 -0.4735752863011036 -0.623114225501514 0.06190133840998369 
-0.2438493027867925 -0.320250555335337 -0.2111324522718722 -0.01807887063277006 
0.2334188608123078 -0.4070896704709732 0.2562338330659481 -0.04919046334958115 
0.1180414379406722 -0.7120807957642941 0.1715023343162285 0.02749632089536644 
-0.7026229658439079 -0.4735752863011036 -0.2438493027867925 -0.320250555335337 
-0.2438493027867925 -0.320250555335337 0.2334188608123078 -0.4070896704709732 
0.2334188608123078 -0.4070896704709732 0.1180414379406722 -0.7120807957642941 
0.1180414379406722 -0.7120807957642941 -0.7026229658439079 -0.4735752863011036 
-0.623114225501514 0.06190133840998369 -0.2496793731452244 0.3538014856125649 
-0.2496793731452244 0.3538014856125649 0.1715023343162285 0.02749632089536644 
-0.2111324522718722 -0.01807887063277006 0.01852773855441781 0.1360198079347354 
0.01852773855441781 0.1360198079347354 0.2562338330659481 -0.04919046334958115 
-0.2496793731452244 0.3538014856125649 0.01852773855441781 0.1360198079347354 
-0.623114225501514 0.06190133840998369 -0.2111324522718722 -0.01807887063277006 
0.1715023343162285 0.02749632089536644 0.2562338330659481 -0.04919046334958115 
-0.2746927288547222 -0.5979424682053412 -0.09208102464997292 -0.6510139762961538 
-0.09208102464997292 -0.6510139762961538 -0.04302423320306289 -0.1147877745786179 
-0.04302423320306289 -0.1147877745786179 -0.2204875203148493 -0.09762793739587246 
-0.2204875203148493 -0.09762793739587246 -0.2746927288547222 -0.5979424682053412 
-0.5457541099841839 -0.2851299965946069 -0.4053407249417275 -0.3118691607214847 
-0.4053407249417275 -0.3118691607214847 -0.3770669454704617 -0.08248746814407919 
-0.3770669454704617 -0.08248746814407919 -0.5162440699695648 -0.06902971677005608 
-0.5162440699695648 -0.06902971677005608 -0.5457541099841839 -0.2851299965946069 
