0 0 0 1 0.2914099268836952 -0.2770485578547214 
0 0 6.5 1 0.253243020779377 0.06932969842450315 
10 0 0 1 0.288327688122893 -0.5496795874987696 
10 0 6.5 1 0.2109946102087945 0.1625338133105744 
10 10 0 1 -0.5897087626140217 -0.5102143324577838 
10 10 6.5 1 -0.6258848595541897 0.03704527419511475 
0 10 0 1 -0.1930722642162263 -0.2908266362551705 
0 10 6.5 1 -0.2191459803627528 0.01127767632399394 
0 5 10 1 -0.01567510418206789 0.2078847265614954 
10 5 10 1 -0.2887387496901228 0.4097332561268618 
0 6 0 1 -0.0152690302211914 -0.2857701306852233 
0 8 0 1 -0.1065502598224501 -0.2883660567296465 
0 8 5 1 -0.1282259148912355 -0.04903996275253553 
0 6 5 1 -0.03863641609751561 -0.03997273955560431 
0 2 2.5 1 0.1695226032004875 -0.1493648119893895 
0 4 2.5 1 0.06848756034853445 -0.1559239766093521 
0 4 5 1 0.05595747556331172 -0.0303990290169404 
0 2 5 1 0.1559871194391017 -0.02027517388276128 
0.5 0.5 -0.5 1 0.2659676969848315 -0.3122364594445376 
0.5 0.5 6 1 0.2274915093406708 0.04156983875548328 
10.5 0.5 -0.5 1 0.2344923089448858 -0.6354825245180041 
10.5 0.5 6 1 0.1559436495391092 0.108844339585357 
10.5 10.5 -0.5 1 -0.6584735942567207 -0.5738216887115846 
10.5 10.5 6 1 -0.6938878955865895 -0.007805286082889116 
0.5 10.5 -0.5 1 -0.2235572543215364 -0.3215876455100662 
0.5 10.5 6 1 -0.2496168004014507 -0.01384982260012794 
0.5 5.5 9.5 1 -0.04430115619091742 0.1848014539437422 
10.5 5.5 9.5 1 -0.3529289697118197 0.3726120802597591 
0.5 6.5 -0.5 1 -0.0441997376589804 -0.3181614554740184 
0.5 8.5 -0.5 1 -0.1363217473868766 -0.3199212228799434 
0.5 8.5 4.5 1 -0.1580232553688633 -0.07599760913328184 
0.5 6.5 4.5 1 -0.06763468733773184 -0.06751181899829017 
0.5 2.5 2 1 0.1426437476938364 -0.180819797580559 
0.5 4.5 2 1 0.04048346117340822 -0.1866013808285999 
0.5 4.5 4.5 1 0.02789699968924314 -0.05854318651510481 
0.5 2.5 4.5 1 0.1290236260390215 -0.04904929423474057 
