0 0 0 1 0.3764495618157654 -0.6875201449850628 
0 0 6.5 1 0.3526772641034676 -0.1634518852941641 
10 0 0 1 -0.3505360646801933 -0.6065516179123281 
10 0 6.5 1 -0.3133372579043521 -0.1534472010041887 
10 10 0 1 -0.1305852275782849 -0.4451550544024439 
10 10 6.5 1 -0.1183917339187808 -0.1718050936119592 
0 10 0 1 0.3003358240804722 -0.4768948255618538 
0 10 6.5 1 0.2904060677535177 -0.1792226548636016 
0 5 10 1 0.3065492875975065 0.01056855982238419 
10 5 10 1 -0.1832351216998122 0.002103587392640841 
0 6 0 1 0.3211957996729328 -0.5346194775504667 
0 8 0 1 0.3097751770628502 -0.5030158228511498 
0 8 5 1 0.3009095685593275 -0.2489570665651577 
0 6 5 1 0.3108737203233808 -0.2536501669709686 
0 2 2.5 1 0.3454515268917687 -0.439015749360701 
0 4 2.5 1 0.3289940262292733 -0.4120072030626908 
0 4 5 1 0.3230443700214702 -0.2593825245654348 
0 2 5 1 0.3382456943618426 -0.2665423253312195 
0.5 0.5 -0.5 1 0.3315011405271941 -0.7078231860660932 
0.5 0.5 6 1 0.3124835759736744 -0.1996026010101953 
10.5 0.5 -0.5 1 -0.3663160209180775 -0.6268268609979686 
10.5 0.5 6 1 -0.3289968086155212 -0.185576982486628 
10.5 10.5 -0.5 1 -0.144496784130662 -0.4606588359075395 
10.5 10.5 6 1 -0.1318533003544707 -0.1916408652763004 
0.5 10.5 -0.5 1 0.2760839307719013 -0.4930515267072414 
0.5 10.5 6 1 0.2676295962807826 -0.2005175114975613 
0.5 5.5 9.5 1 0.278623652062775 -0.01978866892583453 
10.5 5.5 9.5 1 -0.1978209801282221 -0.02535635383809482 
0.5 6.5 -0.5 1 0.2914502440502685 -0.5526043012983094 
0.5 8.5 -0.5 1 0.283054277342205 -0.520065389473355 
0.5 8.5 4.5 1 0.2755766916861809 -0.2708784422815876 
0.5 6.5 4.5 1 0.2828346012040512 -0.277589454392636 
0.5 2.5 2 1 0.3084738366870289 -0.46389406161714 
0.5 4.5 2 1 0.2965670213468536 -0.4348785246357073 
0.5 4.5 4.5 1 0.2916564219767315 -0.2857465340450052 
0.5 2.5 4.5 1 0.3026086694058808 -0.2958735086179519 
