0 0 0 1 0.282093586568125 -0.2506041019199651 
0 0 6.5 1 0.2518497878217766 0.09800394532513812 
10 0 0 1 0.1203329249059296 -0.5726638050893791 
10 0 6.5 1 0.05553264653819891 0.1084074461320279 
10 10 0 1 -0.5783549899903454 -0.4505125509765052 
10 10 6.5 1 -0.6375836975471512 0.0219410735135379 
0 10 0 1 -0.1674725096415908 -0.2359751594457434 
0 10 6.5 1 -0.197695666258083 0.04837331523416035 
0 5 10 1 -0.01260637545824357 0.2428847321155065 
10 5 10 1 -0.3898509380298797 0.3691661330356709 
0 6 0 1 -0.00889895107804135 -0.2411351648058377 
0 8 0 1 -0.09119085903488337 -0.2384573748262459 
0 8 5 1 -0.1145078063595669 -0.01202764561620512 
0 6 5 1 -0.03229959921028141 -0.005721151395721464 
0 2 2.5 1 0.1651874783555203 -0.1200335394512869 
0 4 2.5 1 0.06849531371438115 -0.1221135824241329 
0 4 5 1 0.05672350412152263 0.001108138600008812 
0 2 5 1 0.1534455587617159 0.008528043494346174 
0.5 0.5 -0.5 1 0.2523853199740373 -0.2847825467642843 
0.5 0.5 6 1 0.2213090113790944 0.06762619982991096 
10.5 0.5 -0.5 1 0.05772791760211807 -0.6479724413425931 
10.5 0.5 6 1 -0.01061809197741892 0.04773028991174092 
10.5 10.5 -0.5 1 -0.6332912399430783 -0.5005272693034907 
10.5 10.5 6 1 -0.6946905930832121 -0.02107726891911169 
0.5 10.5 -0.5 1 -0.1961840180060012 -0.2637049276986586 
0.5 10.5 6 1 -0.2270715576737465 0.02316666965320962 
0.5 5.5 9.5 1 -0.04317373136315388 0.217056057229723 
10.5 5.5 9.5 1 -0.4534930637129661 0.3245194924737438 
0.5 6.5 -0.5 1 -0.03819027821577953 -0.2711288231370937 
0.5 8.5 -0.5 1 -0.1202122803439713 -0.2672747288656415 
0.5 8.5 4.5 1 -0.1440623334986858 -0.03876522264429202 
0.5 6.5 4.5 1 -0.06214918968105557 -0.03346585843943531 
0.5 2.5 2 1 0.1352303432865948 -0.151381150030197 
0.5 4.5 2 1 0.03869751717298016 -0.1521776467687954 
0.5 4.5 4.5 1 0.02663132864746526 -0.02772220999680864 
0.5 2.5 4.5 1 0.1231806197904339 -0.02147596142617062 
