0.4040510101858064 -0.5696248872629177 0.3514256366267078 -0.02878365601860792 
-0.29385456366915 -0.5016398208081181 -0.2835337193067675 -0.08039553198340098 
-0.03602822056687045 -0.3820529885632802 -0.04170910881476245 -0.1163172964707289 
0.4007761584878164 -0.4003904259582406 0.3700028279273643 -0.0916365541375561 
0.4040510101858064 -0.5696248872629177 -0.29385456366915 -0.5016398208081181 
-0.29385456366915 -0.5016398208081181 -0.03602822056687045 -0.3820529885632802 
-0.03602822056687045 -0.3820529885632802 0.4007761584878164 -0.4003904259582406 
0.4007761584878164 -0.4003904259582406 0.4040510101858064 -0.5696248872629177 
0.3514256366267078 -0.02878365601860792 0.3443743495726221 0.121401895443209 
0.3443743495726221 0.121401895443209 0.3700028279273643 -0.0916365541375561 
-0.2835337193067675 -0.08039553198340098 -0.1370320410402364 0.0580052850121775 
-0.1370320410402364 0.0580052850121775 -0.04170910881476245 -0.1163172964707289 
0.3443743495726221 0.121401895443209 -0.1370320410402364 0.0580052850121775 
0.3514256366267078 -0.02878365601860792 -0.2835337193067675 -0.08039553198340098 
0.3700028279273643 -0.0916365541375561 -0.04170910881476245 -0.1163172964707289 
0.4016711029526426 -0.4466384574325923 0.4011808903173592 -0.4213057465474364 
0.4011808903173592 -0.4213057465474364 0.3750010956530527 -0.1578459340243023 
0.3750010956530527 -0.1578459340243023 0.3728444957430677 -0.155485761092078 
0.3728444957430677 -0.155485761092078 0.4016711029526426 -0.4466384574325923 
0.3843735179668469 -0.327152791310441 0.3857673073643 -0.3104556562940267 
0.3857673073643 -0.3104556562940267 0.3702079518418027 -0.1526003396833245 
0.3702079518418027 -0.1526003396833245 0.3669111893380188 -0.1489923781001966 
0.3669111893380188 -0.1489923781001966 0.3843735179668469 -0.327152791310441 
