0 0 0 1 0.4011931705278868 -0.5034619032243181 
0 0 6.5 1 0.3393898701222565 0.04503994855635507 
10 0 0 1 -0.271403383146136 -0.4438336454540904 
10 0 6.5 1 -0.2743703262108407 -0.03795520574851167 
10 10 0 1 0.004882221914817931 -0.3359989383404415 
10 10 6.5 1 -0.0087126624557709 -0.07412788793147568 
0 10 0 1 0.4435443654167061 -0.347127684702811 
0 10 6.5 1 0.4050656180196104 -0.03253504804606693 
0 5 10 1 0.3575995217863797 0.1910862155661016 
10 5 10 1 -0.1194192906767726 0.09855417500406 
0 6 0 1 0.4319415869802252 -0.3899579119090875 
0 8 0 1 0.4382943748859661 -0.3665073779800178 
0 8 5 1 0.4058470223569783 -0.09855154381209041 
0 6 5 1 0.396547250040588 -0.09408066018127534 
0 2 2.5 1 0.3919104837202666 -0.2629901020304787 
0 4 2.5 1 0.4041142241473523 -0.2493143896471562 
0 4 5 1 0.3851792788957307 -0.08861548594066032 
0 2 5 1 0.3709668660602635 -0.08178284082433981 
0.5 0.5 -0.5 1 0.3657982913655041 -0.5303904959191221 
0.5 0.5 6 1 0.3095882434552234 -0.003476329201064843 
10.5 0.5 -0.5 1 -0.274057464236441 -0.4658187138575819 
10.5 0.5 6 1 -0.2767622950538593 -0.07187707407906253 
10.5 10.5 -0.5 1 -0.003111420491181604 -0.352723563263719 
10.5 10.5 6 1 -0.01608084870600218 -0.09586062686222994 
0.5 10.5 -0.5 1 0.4219332467502893 -0.3669608983144347 
0.5 10.5 6 1 0.3855182936490233 -0.05956457103207866 
0.5 5.5 9.5 1 0.3354232291785689 0.1513220438804322 
10.5 5.5 9.5 1 -0.1252255985509516 0.06871138823290762 
0.5 6.5 -0.5 1 0.4063215950692621 -0.4124121850338387 
0.5 8.5 -0.5 1 0.4148471912817941 -0.3875910241581715 
0.5 8.5 4.5 1 0.3843055357455173 -0.1264195695255332 
0.5 6.5 4.5 1 0.3732095107649773 -0.1247901821981738 
0.5 2.5 2 1 0.3623009675094364 -0.2954315830806893 
0.5 4.5 2 1 0.3773304043465577 -0.2786707764095621 
0.5 4.5 4.5 1 0.3597315394899839 -0.12281101978348 
0.5 2.5 4.5 1 0.3430124136733004 -0.1203559125015473 
