0 0 0 1 0.2796463037326288 -0.2931006922803033 
0 0 6.5 1 0.244943577235443 0.02755160756799597 
10 0 0 1 0.6117045386062503 -0.5358271070139285 
10 0 6.5 1 0.5355679539004784 0.09766975327228142 
10 10 0 1 -0.3898718576195913 -0.6708867486755619 
10 10 6.5 1 -0.4444813656947617 0.006752047470245757 
0 10 0 1 -0.2206187300951743 -0.3513135582464043 
0 10 6.5 1 -0.2498882116124239 -0.01972304981605286 
0 5 10 1 -0.01554124363074641 0.1763891977483446 
10 5 10 1 0.02653145713680899 0.3925524511913688 
0 6 0 1 -0.01670039092656964 -0.3275847942046266 
0 8 0 1 -0.1180079296103843 -0.3393733498141046 
0 8 5 1 -0.1414757255542599 -0.08527081834400792 
0 6 5 1 -0.04102882685495456 -0.07519720138159187 
0 2 2.5 1 0.1690487271069104 -0.1793233568817766 
0 4 2.5 1 0.07068319135930917 -0.1899743434273983 
0 4 5 1 0.05816288182228525 -0.06524946489593585 
0 2 5 1 0.1561227817767418 -0.05542526402367321 
0.5 0.5 -0.5 1 0.266127144003899 -0.3279806907760809 
0.5 0.5 6 1 0.2306387611873272 0.002010248771312375 
10.5 0.5 -0.5 1 0.6031538290725996 -0.6207719041979272 
10.5 0.5 6 1 0.5230001241558091 0.05023220091487667 
10.5 10.5 -0.5 1 -0.4603048889230317 -0.7700265106624038 
10.5 10.5 6 1 -0.5161953065940028 -0.04931283830843217 
0.5 10.5 -0.5 1 -0.2490944085500268 -0.3890362078613803 
0.5 10.5 6 1 -0.2788187744352966 -0.04745098965594755 
0.5 5.5 9.5 1 -0.03725483490354881 0.1547817130178154 
10.5 5.5 9.5 1 -0.01512655618270421 0.3609810870697883 
0.5 6.5 -0.5 1 -0.03896709773965537 -0.3641354024667383 
0.5 8.5 -0.5 1 -0.1433399346159311 -0.3765039408043763 
0.5 8.5 4.5 1 -0.1672159963821653 -0.1147731203153204 
0.5 6.5 4.5 1 -0.06375691206993679 -0.1042233621923574 
0.5 2.5 2 1 0.1524024286091985 -0.2110515933356495 
0.5 4.5 2 1 0.05114636900104813 -0.2222087874910896 
0.5 4.5 4.5 1 0.03837294986026347 -0.09380914532916139 
0.5 2.5 4.5 1 0.1391990422911681 -0.08352787428659685 
