0 0 0 1 0.3965323266221817 -0.6488399747994714 
0 0 6.5 1 0.356682493381274 -0.1122966193651629 
10 0 0 1 -0.321666006422234 -0.5692188086038003 
10 0 6.5 1 -0.2974530200078722 -0.1297643881966876 
10 10 0 1 -0.08188253810700057 -0.426719432230498 
10 10 6.5 1 -0.07867522436652848 -0.1561462966713892 
0 10 0 1 0.3531385449582275 -0.453499865561436 
0 10 6.5 1 0.3321569393309463 -0.1490321379299729 
0 5 10 1 0.3279737085771026 0.05169378034748236 
10 5 10 1 -0.1587285430886869 0.01781184026574023 
0 6 0 1 0.3649864056224237 -0.5068338297294764 
0 8 0 1 0.3584956542887038 -0.4776152637057883 
0 8 5 1 0.340395928914635 -0.2175427630815583 
0 6 5 1 0.344729779010736 -0.2191538767196834 
0 2 2.5 1 0.3694720842112969 -0.3999523043279473 
0 4 2.5 1 0.3611734108762262 -0.3771766263593365 
0 4 5 1 0.350029012984487 -0.2211238728980024 
0 2 5 1 0.3566566252884009 -0.2235876952117108 
0.5 0.5 -0.5 1 0.3538620822689903 -0.6713427284159995 
0.5 0.5 6 1 0.3194139238186534 -0.1522676848714542 
10.5 0.5 -0.5 1 -0.3330385235905905 -0.590351724289393 
10.5 0.5 6 1 -0.3086831205151445 -0.1626497930079077 
10.5 10.5 -0.5 1 -0.09385114253158902 -0.4427508039164665 
10.5 10.5 6 1 -0.09011424486150235 -0.176653754981727 
0.5 10.5 -0.5 1 0.3296699075811863 -0.4709012434938095 
0.5 10.5 6 1 0.3104415509513131 -0.172095273043344 
0.5 5.5 9.5 1 0.3018651308373949 0.01857608601497284 
10.5 5.5 9.5 1 -0.1704036839537189 -0.0104246437208947 
0.5 6.5 -0.5 1 0.3363604082315579 -0.5263346182333462 
0.5 8.5 -0.5 1 0.3327031311949517 -0.4960326693821438 
0.5 8.5 4.5 1 0.3162469026403376 -0.2413368047729916 
0.5 6.5 4.5 1 0.3181102489346484 -0.2452272242959246 
0.5 2.5 2 1 0.3344695741379091 -0.4273063399101278 
0.5 4.5 2 1 0.330315967227774 -0.4021703079607692 
0.5 4.5 4.5 1 0.3203765510016856 -0.2499589619409263 
0.5 2.5 4.5 1 0.323192366794531 -0.2558380112442769 
