-0.7212801125261109 -0.5875511543681388 -0.6384096724923993 -0.07354936851601776 
-0.2251675106422987 -0.420658575012047 -0.1966951089726892 -0.1172947692043911 
0.2429793289323406 -0.5219506486646269 0.252971237508026 -0.1413846791903851 
-0.008664888771606137 -0.8836871995652879 0.0374331357706188 -0.1004577765655544 
-0.7212801125261109 -0.5875511543681388 -0.2251675106422987 -0.420658575012047 
-0.2251675106422987 -0.420658575012047 0.2429793289323406 -0.5219506486646269 
0.2429793289323406 -0.5219506486646269 -0.008664888771606137 -0.8836871995652879 
-0.008664888771606137 -0.8836871995652879 -0.7212801125261109 -0.5875511543681388 
-0.6384096724923993 -0.07354936851601776 -0.3290863792687547 0.2076629734302992 
-0.3290863792687547 0.2076629734302992 0.0374331357706188 -0.1004577765655544 
-0.1966951089726892 -0.1172947692043911 0.0150843249203511 0.0405950295694289 
0.0150843249203511 0.0405950295694289 0.252971237508026 -0.1413846791903851 
-0.3290863792687547 0.2076629734302992 0.0150843249203511 0.0405950295694289 
-0.6384096724923993 -0.07354936851601776 -0.1966951089726892 -0.1172947692043911 
0.0374331357706188 -0.1004577765655544 0.252971237508026 -0.1413846791903851 
-0.3670525614003789 -0.7347547820672055 -0.2046691821878038 -0.8022351980375596 
-0.2046691821878038 -0.8022351980375596 -0.1565927151016162 -0.2444400654093465 
-0.1565927151016162 -0.2444400654093465 -0.311465061168934 -0.2261717298155911 
-0.311465061168934 -0.2261717298155911 -0.3670525614003789 -0.7347547820672055 
-0.587905134506872 -0.406591107606869 -0.4726093442658986 -0.4364557014164205 
-0.4726093442658986 -0.4364557014164205 -0.4434536404713234 -0.2106027033078441 
-0.4434536404713234 -0.2106027033078441 -0.5572814413822155 -0.1971758745695781 
-0.5572814413822155 -0.1971758745695781 -0.587905134506872 -0.406591107606869 
