0 0 0 1 -0.2219605239332006 -0.01205882801218619 
0 0 6.5 1 -0.245056511237059 0.2541835774885445 
10 0 0 1 0.1708394285757696 0.01069400811501928 
10 0 6.5 1 0.1665871575179249 0.2712973156083807 
10 10 0 1 0.3210996837871755 -0.09111375050285177 
10 10 6.5 1 0.325654761568366 0.3352027158479842 
0 10 0 1 -0.318296922323451 -0.1326231082620422 
0 10 6.5 1 -0.3652403820089752 0.3089854625678983 
0 5 10 1 -0.3080732890974707 0.4704471210300305 
10 5 10 1 0.2250847465510019 0.4855091080911732 
0 6 0 1 -0.2679331698160937 -0.06959324962923362 
0 8 0 1 -0.2902445786484795 -0.0975158104908104 
0 8 5 1 -0.3199285769086118 0.1977919699919363 
0 6 5 1 -0.2933639678571804 0.1953869740854482 
0 2 2.5 1 -0.2443047384453202 0.07980773898153176 
0 4 2.5 1 -0.2606192738827341 0.07074948837629622 
0 4 5 1 -0.2719448073734534 0.1934478153655122 
0 2 5 1 -0.2543081203015594 0.1918510984656025 
0.5 0.5 -0.5 1 -0.2027878075768608 -0.0344416213098235 
0.5 0.5 6 1 -0.2253196973891543 0.2349212073956135 
10.5 0.5 -0.5 1 0.1953171061676032 -0.01080850898012925 
10.5 0.5 6 1 0.1921549688181028 0.2527902967833681 
10.5 10.5 -0.5 1 0.3646801621965392 -0.1286726716416426 
10.5 10.5 6 1 0.3728166931156151 0.3057035418127769 
0.5 10.5 -0.5 1 -0.288890596724377 -0.1727775997844928 
0.5 10.5 6 1 -0.3346628819790998 0.2774512489077086 
0.5 5.5 9.5 1 -0.2835940207699598 0.4497487402827682 
10.5 5.5 9.5 1 0.2593877278939864 0.4657962835603682 
0.5 6.5 -0.5 1 -0.2436677634216244 -0.1001208954399319 
0.5 8.5 -0.5 1 -0.2636447990747769 -0.1322167520487992 
0.5 8.5 4.5 1 -0.2925580541042388 0.1680632396541165 
0.5 6.5 4.5 1 -0.2684382235253304 0.1688623909422359 
0.5 2.5 2 1 -0.223439604378548 0.056546789744545 
0.5 4.5 2 1 -0.2380385472342973 0.04507744440899626 
0.5 4.5 4.5 1 -0.2490776646709161 0.169503855462337 
0.5 2.5 4.5 1 -0.2331942384799398 0.1700301137400949 
