-0.07497787534233558 -0.03588782224477989 -0.06280150158878636 0.2155355043294989 
0.3212009637800649 -0.08425137058795674 0.353146364469557 0.1968672538520971 
0.3254051645210921 -0.2366357410575146 0.3808646638260767 0.2363743244722799 
-0.2928828168131175 -0.1355339654862778 -0.2876465316218009 0.2590545808300911 
-0.07497787534233558 -0.03588782224477989 0.3212009637800649 -0.08425137058795674 
0.3212009637800649 -0.08425137058795674 0.3254051645210921 -0.2366357410575146 
0.3254051645210921 -0.2366357410575146 -0.2928828168131175 -0.1355339654862778 
-0.2928828168131175 -0.1355339654862778 -0.07497787534233558 -0.03588782224477989 
-0.06280150158878636 0.2155355043294989 -0.1432231071527577 0.4108053518650595 
-0.1432231071527577 0.4108053518650595 -0.2876465316218009 0.2590545808300911 
0.353146364469557 0.1968672538520971 0.3871654072658087 0.4188089049901484 
0.3871654072658087 0.4188089049901484 0.3808646638260767 0.2363743244722799 
-0.1432231071527577 0.4108053518650595 0.3871654072658087 0.4188089049901484 
-0.06280150158878636 0.2155355043294989 0.353146364469557 0.1968672538520971 
-0.2876465316218009 0.2590545808300911 0.3808646638260767 0.2363743244722799 
-0.1818346003647513 -0.08475252653295098 -0.2317767898263748 -0.1075906803228422 
-0.2317767898263748 -0.1075906803228422 -0.2255264036354355 0.1612896741017342 
-0.2255264036354355 0.1612896741017342 -0.1741819057569862 0.1594972345223465 
-0.1741819057569862 0.1594972345223465 -0.1818346003647513 -0.08475252653295098 
-0.1006648262366642 0.05185078400118724 -0.1360759120078739 0.044133935775624 
-0.1360759120078739 0.044133935775624 -0.131746420803952 0.1580158091322219 
-0.131746420803952 0.1580158091322219 -0.0960862948095004 0.1567709119401269 
-0.0960862948095004 0.1567709119401269 -0.1006648262366642 0.05185078400118724 
