-0.02585609639036689 -0.06182274235251449 -0.004110054476648293 0.1897803080598155 
0.3805429919258779 -0.1278136595760603 0.4181956752628274 0.1707899696448341 
0.3202033975620025 -0.255434886324568 0.3826139058359187 0.2570339432562347 
-0.2875247647925008 -0.1233108222550693 -0.2635574542150699 0.2647237338757653 
-0.02585609639036689 -0.06182274235251449 0.3805429919258779 -0.1278136595760603 
0.3805429919258779 -0.1278136595760603 0.3202033975620025 -0.255434886324568 
0.3202033975620025 -0.255434886324568 -0.2875247647925008 -0.1233108222550693 
-0.2875247647925008 -0.1233108222550693 -0.02585609639036689 -0.06182274235251449 
-0.004110054476648293 0.1897803080598155 -0.09261142618549374 0.3910470609848984 
-0.09261142618549374 0.3910470609848984 -0.2635574542150699 0.2647237338757653 
0.4181956752628274 0.1707899696448341 0.4319448287124494 0.4171053810694154 
0.4319448287124494 0.4171053810694154 0.3826139058359187 0.2570339432562347 
-0.09261142618549374 0.3910470609848984 0.4319448287124494 0.4171053810694154 
-0.004110054476648293 0.1897803080598155 0.4181956752628274 0.1707899696448341 
-0.2635574542150699 0.2647237338757653 0.3826139058359187 0.2570339432562347 
-0.1553297042550282 -0.09224703271279448 -0.2150758700524318 -0.1062864553110565 
-0.2150758700524318 -0.1062864553110565 -0.1967389770056968 0.1609221688152727 
-0.1967389770056968 0.1609221688152727 -0.1372420174070057 0.1513169709620253 
-0.1372420174070057 0.1513169709620253 -0.1553297042550282 -0.09224703271279448 
-0.05407331321020134 0.03200474871881628 -0.09647192990761852 0.03022461492049016 
-0.09647192990761852 0.03022461492049016 -0.0875416963347963 0.1432933438642972 
-0.0875416963347963 0.1432933438642972 -0.04540242769996279 0.1364903741771265 
-0.04540242769996279 0.1364903741771265 -0.05407331321020134 0.03200474871881628 
