0.2734834920029111 -0.3964113307898339 0.2391119102939298 -0.07678549192125297 
0.7103356666867817 -0.6304375044124959 0.6160045964141738 -0.02236001412350166 
-0.262097166846743 -0.8426980535223679 -0.2938044663646882 -0.08212274537247755 
-0.2310721705319218 -0.4693027778099105 -0.2479290695904221 -0.1119911144024336 
0.2734834920029111 -0.3964113307898339 0.7103356666867817 -0.6304375044124959 
0.7103356666867817 -0.6304375044124959 -0.262097166846743 -0.8426980535223679 
-0.262097166846743 -0.8426980535223679 -0.2310721705319218 -0.4693027778099105 
-0.2310721705319218 -0.4693027778099105 0.2734834920029111 -0.3964113307898339 
0.2391119102939298 -0.07678549192125297 -0.005361866648126177 0.07727913202620518 
-0.005361866648126177 0.07727913202620518 -0.2479290695904221 -0.1119911144024336 
0.6160045964141738 -0.02236001412350166 0.1728571856629362 0.2731118623967117 
0.1728571856629362 0.2731118623967117 -0.2938044663646882 -0.08212274537247755 
-0.005361866648126177 0.07727913202620518 0.1728571856629362 0.2731118623967117 
0.2391119102939298 -0.07678549192125297 0.6160045964141738 -0.02236001412350166 
-0.2479290695904221 -0.1119911144024336 -0.2938044663646882 -0.08212274537247755 
-0.01615077298047418 -0.4382538117069473 -0.1212351740192719 -0.4534349990757982 
-0.1212351740192719 -0.4534349990757982 -0.1375632188897584 -0.1823327813684492 
-0.1375632188897584 -0.1823327813684492 -0.03542840418867454 -0.1733086498203999 
-0.03542840418867454 -0.1733086498203999 -0.01615077298047418 -0.4382538117069473 
0.1685426504345085 -0.281130988415124 0.07332703563499603 -0.2921672079174907 
0.07332703563499603 -0.2921672079174907 0.0625133937277714 -0.164654992680695 
0.0625133937277714 -0.164654992680695 0.156515189825251 -0.156349454787282 
0.156515189825251 -0.156349454787282 0.1685426504345085 -0.281130988415124 
