0 0 0 1 -0.551184179785532 -0.2933213560445312 
0 0 6.5 1 -0.5179019405558648 0.3250067368849868 
10 0 0 1 -0.2518362732706985 -0.1194571010403913 
10 0 6.5 1 -0.2279151462167288 0.1977871292892601 
10 10 0 1 0.2365262030186039 -0.1718060854908532 
10 10 6.5 1 0.2731108803967833 0.1543289662556691 
0 10 0 1 0.4016130673678729 -0.4082700960788064 
0 10 6.5 1 0.4843794560768805 0.2447371148404011 
0 5 10 1 0.0001528405854974286 0.6541477595938371 
10 5 10 1 0.03543995918678994 0.3560575712111929 
0 6 0 1 0.006610365445831386 -0.3606156102669235 
0 8 0 1 0.2016839734511031 -0.384149961904839 
0 8 5 1 0.2563729675144208 0.1070396727363419 
0 6 5 1 0.05342979768857964 0.1252562771916907 
0 2 2.5 1 -0.3538655224516748 -0.08163070636179645 
0 4 2.5 1 -0.1644755956152319 -0.1016035969800945 
0 4 5 1 -0.1444667886972185 0.1430198897357718 
0 2 5 1 -0.3375027198296888 0.1603471996724792 
0.5 0.5 -0.5 1 -0.4830809284195312 -0.3258581792027974 
0.5 0.5 6 1 -0.4483356219845644 0.262001296451038 
10.5 0.5 -0.5 1 -0.2229110085209721 -0.1408139599011193 
10.5 0.5 6 1 -0.1989058423570892 0.1682183563005106 
10.5 10.5 -0.5 1 0.2543630094512621 -0.1925314507337977 
10.5 10.5 6 1 0.2904532125232117 0.1249270223927307 
0.5 10.5 -0.5 1 0.4283941649165876 -0.4372630097384493 
0.5 10.5 6 1 0.5082980416571932 0.1818230991454036 
0.5 5.5 9.5 1 0.04794188364654735 0.5712902563674154 
10.5 5.5 9.5 1 0.05868082100905114 0.3216905807688696 
0.5 6.5 -0.5 1 0.05114009231909051 -0.3911532187700741 
0.5 8.5 -0.5 1 0.237557558723963 -0.4139380500897183 
0.5 8.5 4.5 1 0.2908545695744527 0.05226624109049387 
0.5 6.5 4.5 1 0.09726631542524034 0.07026244334183993 
0.5 2.5 2 1 -0.2929520806434486 -0.1248725487620982 
0.5 4.5 2 1 -0.1117076342869148 -0.1444150073618838 
0.5 4.5 4.5 1 -0.09173694713465133 0.08783241913474328 
0.5 2.5 4.5 1 -0.2763161998342604 0.1049911335287695 
