0 0 0 1 0.04334687503848394 -0.2900058209415186 
0 0 6.5 1 0.06724335108826746 -0.02831004623701264 
10 0 0 1 0.4795961151198821 -0.4082863548151583 
10 0 6.5 1 0.502332405574503 -0.05683764287459369 
10 10 0 1 0.2456395058515513 -0.6047769236887892 
10 10 6.5 1 0.292621437434291 -0.0002384503822983777 
0 10 0 1 -0.3034532373066009 -0.3596610872277713 
0 10 6.5 1 -0.2610037755935956 0.02055609083029342 
0 5 10 1 -0.05074973420135897 0.1538720957415064 
10 5 10 1 0.4406388375819068 0.1938941249371694 
0 6 0 1 -0.1325606726142307 -0.3253370871013151 
0 8 0 1 -0.2108478120638686 -0.3410611637409657 
0 8 5 1 -0.1822203528612791 -0.07158270581205604 
0 6 5 1 -0.1072786604797864 -0.07661543668842367 
0 2 2.5 1 0.002791073172780667 -0.1917450199050333 
0 4 2.5 1 -0.05414805860726232 -0.1955987241548026 
0 4 5 1 -0.04294389368451382 -0.08093585643056496 
0 2 5 1 0.01288700664655316 -0.08468519657785201 
0.5 0.5 -0.5 1 0.04592677684776859 -0.3180904089368454 
0.5 0.5 6 1 0.07049915673166302 -0.04808194283593653 
10.5 0.5 -0.5 1 0.5011303349512816 -0.4512241381179101 
10.5 0.5 6 1 0.5243174143595976 -0.08462429855732118 
10.5 10.5 -0.5 1 0.2667443483924194 -0.6956432453194754 
10.5 10.5 6 1 0.3162475340825532 -0.04485350873608173 
0.5 10.5 -0.5 1 -0.3152843870911123 -0.4043083222696301 
0.5 10.5 6 1 -0.2706849781120681 -0.006287994446991601 
0.5 5.5 9.5 1 -0.05108812775041679 0.1370403665909545 
10.5 5.5 9.5 1 0.4650779463823619 0.171768564112203 
0.5 6.5 -0.5 1 -0.1360214752650104 -0.361519849103223 
0.5 8.5 -0.5 1 -0.2178339228152138 -0.3810477574754569 
0.5 8.5 4.5 1 -0.1879303998261268 -0.09998944011028986 
0.5 6.5 4.5 1 -0.1097433706220469 -0.1029657754483286 
0.5 2.5 2 1 0.004216235502211421 -0.2183847873316599 
0.5 4.5 2 1 -0.05459956953192843 -0.2243370597780157 
0.5 4.5 4.5 1 -0.04300500338669389 -0.1055062960797894 
0.5 2.5 4.5 1 0.01462774328540751 -0.1077001942531127 
