0.256453671292276 -0.2344700288250758 0.2988503729008326 0.1412941719326417 
-0.3473789803316411 -0.3041168471513948 -0.3324485011062387 0.1991278011742199 
-0.3996406656806131 -0.1122463602624024 -0.393126557955287 0.1866669583663349 
0.008215057915688967 -0.09761160104409759 0.02738942329450544 0.1511937277348954 
0.256453671292276 -0.2344700288250758 -0.3473789803316411 -0.3041168471513948 
-0.3473789803316411 -0.3041168471513948 -0.3996406656806131 -0.1122463602624024 
-0.3996406656806131 -0.1122463602624024 0.008215057915688967 -0.09761160104409759 
0.008215057915688967 -0.09761160104409759 0.256453671292276 -0.2344700288250758 
0.2988503729008326 0.1412941719326417 0.1499506604662613 0.3188743384457319 
0.1499506604662613 0.3188743384457319 0.02738942329450544 0.1511937277348954 
-0.3324485011062387 0.1991278011742199 -0.365498735976407 0.4096309229926649 
-0.365498735976407 0.4096309229926649 -0.393126557955287 0.1866669583663349 
0.1499506604662613 0.3188743384457319 -0.365498735976407 0.4096309229926649 
0.2988503729008326 0.1412941719326417 -0.3324485011062387 0.1991278011742199 
0.02738942329450544 0.1511937277348954 -0.393126557955287 0.1866669583663349 
0.08416716697746802 -0.1394853695584074 0.04343144268948926 -0.1170270295574719 
0.04343144268948926 -0.1170270295574719 0.06013477536341116 0.08652788103726111 
0.06013477536341116 0.08652788103726111 0.1034371718570977 0.0798261046073602 
0.1034371718570977 0.0798261046073602 0.08416716697746802 -0.1394853695584074 
0.2014653601897653 -0.06945922048282868 0.142906264502621 -0.04881046672681142 
0.142906264502621 -0.04881046672681142 0.1543428608445755 0.07194759038577694 
0.1543428608445755 0.07194759038577694 0.2150471192402684 0.06255258223258651 
0.2150471192402684 0.06255258223258651 0.2014653601897653 -0.06945922048282868 
