-0.5737956394863239 -0.2830903605755201 -0.5334911647652881 0.3257947945641866 
-0.2511005471031276 -0.1258037912440448 -0.2248594538922916 0.1889053505136014 
0.2372081118430156 -0.1826567468410061 0.2735841102507454 0.1462259786373932 
0.376101813706872 -0.4122559281917807 0.4556762933664376 0.2520156128919382 
-0.5737956394863239 -0.2830903605755201 -0.2511005471031276 -0.1258037912440448 
-0.2511005471031276 -0.1258037912440448 0.2372081118430156 -0.1826567468410061 
0.2372081118430156 -0.1826567468410061 0.376101813706872 -0.4122559281917807 
0.376101813706872 -0.4122559281917807 -0.5737956394863239 -0.2830903605755201 
-0.5334911647652881 0.3257947945641866 -0.0290928401155624 0.6517628531356632 
-0.0290928401155624 0.6517628531356632 0.4556762933664376 0.2520156128919382 
-0.2248594538922916 0.1889053505136014 0.03568455044062398 0.3460297767487363 
0.03568455044062398 0.3460297767487363 0.2735841102507454 0.1462259786373932 
-0.0290928401155624 0.6517628531356632 0.03568455044062398 0.3460297767487363 
-0.5334911647652881 0.3257947945641866 -0.2248594538922916 0.1889053505136014 
0.4556762933664376 0.2520156128919382 0.2735841102507454 0.1462259786373932 
-0.02478618945470503 -0.3577438055359651 0.1719086681191318 -0.3844900641350572 
0.1719086681191318 -0.3844900641350572 0.2257588337417233 0.1131769560187563 
0.2257588337417233 0.1131769560187563 0.02268575103560502 0.1312657337580398 
0.02268575103560502 0.1312657337580398 -0.02478618945470503 -0.3577438055359651 
-0.3795276475343327 -0.07387496944062857 -0.1939025918211774 -0.09481150825002918 
-0.1939025918211774 -0.09481150825002918 -0.1728686797492992 0.1486847859891982 
-0.1728686797492992 0.1486847859891982 -0.3613144291326733 0.1654706309228748 
-0.3613144291326733 0.1654706309228748 -0.3795276475343327 -0.07387496944062857 
