0.2502597058488848 -0.4033298939799536 0.2218491329481529 -0.08925066582107295 
0.7230977425996427 -0.5823531302040525 0.6316637041961536 -0.0149676255348723 
-0.1633155446097681 -0.7967499472306026 -0.1813132973957339 -0.0194982738782773 
-0.2465737729869219 -0.4728182854649689 -0.2507183887588428 -0.1035984092055867 
0.2502597058488848 -0.4033298939799536 0.7230977425996427 -0.5823531302040525 
0.7230977425996427 -0.5823531302040525 -0.1633155446097681 -0.7967499472306026 
-0.1633155446097681 -0.7967499472306026 -0.2465737729869219 -0.4728182854649689 
-0.2465737729869219 -0.4728182854649689 0.2502597058488848 -0.4033298939799536 
0.2218491329481529 -0.08925066582107295 -0.005697162649396964 0.07218958350535647 
-0.005697162649396964 0.07218958350535647 -0.2507183887588428 -0.1035984092055867 
0.6316637041961536 -0.0149676255348723 0.251430053370583 0.2846531222882629 
0.251430053370583 0.2846531222882629 -0.1813132973957339 -0.0194982738782773 
-0.005697162649396964 0.07218958350535647 0.251430053370583 0.2846531222882629 
0.2218491329481529 -0.08925066582107295 0.6316637041961536 -0.0149676255348723 
-0.2507183887588428 -0.1035984092055867 -0.1813132973957339 -0.0194982738782773 
-0.02857379878678691 -0.4423282557140782 -0.1339337529759875 -0.4570641663469485 
-0.1339337529759875 -0.4570641663469485 -0.1420056019031078 -0.1790692374681706 
-0.1420056019031078 -0.1790692374681706 -0.0408768197382903 -0.1735615521204974 
-0.0408768197382903 -0.1735615521204974 -0.02857379878678691 -0.4423282557140782 
0.1531323313211458 -0.2869495265325603 0.06201715509264211 -0.2957103895736704 
0.06201715509264211 -0.2957103895736704 0.05418168183878071 -0.1683844669712416 
0.05418168183878071 -0.1683844669712416 0.1437005324195828 -0.1635090828211499 
0.1437005324195828 -0.1635090828211499 0.1531323313211458 -0.2869495265325603 
