0.3066081776267884 -0.4528675927394616 0.3277887015329863 -0.01323141615034522 
-0.3828010239902507 -0.4041421706581133 -0.3285279957201159 0.04544206189260613 
-0.2466035392582142 -0.281361572578916 -0.217848302540409 -0.01467534276939505 
0.1621436802499573 -0.3124927825581443 0.1790360660393649 -0.04932929013535116 
0.3066081776267884 -0.4528675927394616 -0.3828010239902507 -0.4041421706581133 
-0.3828010239902507 -0.4041421706581133 -0.2466035392582142 -0.281361572578916 
-0.2466035392582142 -0.281361572578916 0.1621436802499573 -0.3124927825581443 
0.1621436802499573 -0.3124927825581443 0.3066081776267884 -0.4528675927394616 
0.3277887015329863 -0.01323141615034522 0.2450213186886241 0.1323130094663865 
0.2450213186886241 0.1323130094663865 0.1790360660393649 -0.04932929013535116 
-0.3285279957201159 0.04544206189260613 -0.2401722095532507 0.1785229761447529 
-0.2401722095532507 0.1785229761447529 -0.217848302540409 -0.01467534276939505 
0.2450213186886241 0.1323130094663865 -0.2401722095532507 0.1785229761447529 
0.3277887015329863 -0.01323141615034522 -0.3285279957201159 0.04544206189260613 
0.1790360660393649 -0.04932929013535116 -0.217848302540409 -0.01467534276939505 
0.2032341783179622 -0.3524200378443075 0.1808841187318273 -0.330702692552467 
0.1808841187318273 -0.330702692552467 0.1946453462530869 -0.1090538258974644 
0.1946453462530869 -0.1090538258974644 0.2177140908977083 -0.1094156144434689 
0.2177140908977083 -0.1094156144434689 0.2032341783179622 -0.3524200378443075 
0.2720127656598381 -0.2584821465469539 0.2380633323191224 -0.2423811199191065 
0.2380633323191224 -0.2423811199191065 0.2455606329807515 -0.1098523334815734 
0.2455606329807515 -0.1098523334815734 0.2798407402805348 -0.1103899505200348 
0.2798407402805348 -0.1103899505200348 0.2720127656598381 -0.2584821465469539 
