0.3153494689583869 -0.5108393150543681 0.3301253649255457 -0.05726744668208854 
-0.3831562396209585 -0.4576751647887208 -0.3294340921564823 -0.007059374640171734 
-0.2301820571609575 -0.3235275439435902 -0.2028898198508814 -0.05591514906239885 
0.1820102190695013 -0.354901654940167 0.1954232028901176 -0.0862357638514909 
0.3153494689583869 -0.5108393150543681 -0.3831562396209585 -0.4576751647887208 
-0.3831562396209585 -0.4576751647887208 -0.2301820571609575 -0.3235275439435902 
-0.2301820571609575 -0.3235275439435902 0.1820102190695013 -0.354901654940167 
0.1820102190695013 -0.354901654940167 0.3153494689583869 -0.5108393150543681 
0.3301253649255457 -0.05726744668208854 0.2535307641399331 0.09489451178522097 
0.2535307641399331 0.09489451178522097 0.1954232028901176 -0.0862357638514909 
-0.3294340921564823 -0.007059374640171734 -0.232166592204421 0.1318695026581033 
-0.232166592204421 0.1318695026581033 -0.2028898198508814 -0.05591514906239885 
0.2535307641399331 0.09489451178522097 -0.232166592204421 0.1318695026581033 
0.3301253649255457 -0.05726744668208854 -0.3294340921564823 -0.007059374640171734 
0.1954232028901176 -0.0862357638514909 -0.2028898198508814 -0.05591514906239885 
0.2196563999054257 -0.398928131440388 0.1991524277567445 -0.3749491346890452 
0.1991524277567445 -0.3749491346890452 0.2099668372803757 -0.1480239864552108 
0.2099668372803757 -0.1480239864552108 0.2308613455728481 -0.1496981325834872 
0.2308613455728481 -0.1496981325834872 0.2196563999054257 -0.398928131440388 
0.2816271980880776 -0.3062975815769818 0.2504814084741528 -0.2875090916064738 
0.2504814084741528 -0.2875090916064738 0.2561430143393854 -0.1517237944123951 
0.2561430143393854 -0.1517237944123951 0.2873556581678097 -0.1542246681389834 
0.2873556581678097 -0.1542246681389834 0.2816271980880776 -0.3062975815769818 
