0.2921656075419837 -0.2840395725466638 0.25331799423082 0.06097352217932817 
0.335490538269444 -0.5355999970616196 0.2544806712258186 0.1769880141604891 
-0.5881814929157798 -0.5181862318102335 -0.614796605103034 0.0500628985009117 
-0.2006248879101824 -0.3031502530438692 -0.2240166982733822 0.004101248834566375 
0.2921656075419837 -0.2840395725466638 0.335490538269444 -0.5355999970616196 
0.335490538269444 -0.5355999970616196 -0.5881814929157798 -0.5181862318102335 
-0.5881814929157798 -0.5181862318102335 -0.2006248879101824 -0.3031502530438692 
-0.2006248879101824 -0.3031502530438692 0.2921656075419837 -0.2840395725466638 
0.25331799423082 0.06097352217932817 -0.01506210634618224 0.1995223117596698 
-0.01506210634618224 0.1995223117596698 -0.2240166982733822 0.004101248834566375 
0.2544806712258186 0.1769880141604891 -0.2530742838268585 0.4234460549150345 
-0.2530742838268585 0.4234460549150345 -0.614796605103034 0.0500628985009117 
-0.01506210634618224 0.1995223117596698 -0.2530742838268585 0.4234460549150345 
0.25331799423082 0.06097352217932817 0.2544806712258186 0.1769880141604891 
-0.2240166982733822 0.004101248834566375 -0.614796605103034 0.0500628985009117 
-0.0175405652438062 -0.2960501445255141 -0.1112045462849105 -0.2996824840943413 
-0.1112045462849105 -0.2996824840943413 -0.1313053718781327 -0.05674774326508498 
-0.1313053718781327 -0.05674774326508498 -0.03982553267462825 -0.04752305113662452 
-0.03982553267462825 -0.04752305113662452 -0.0175405652438062 -0.2960501445255141 
0.1700335126428682 -0.156718350869014 0.06823041429296273 -0.1638456461912089 
0.06823041429296273 -0.1638456461912089 0.056017792917348 -0.03785835147327064 
0.056017792917348 -0.03785835147327064 0.1565444327717365 -0.02772139330369576 
0.1565444327717365 -0.02772139330369576 0.1700335126428682 -0.156718350869014 
