0 0 0 1 -0.3982290782016497 -0.3910956719860629 
0 0 6.5 1 -0.399520571372091 0.2486455998106935 
10 0 0 1 -0.251746185721177 -0.1210207458639128 
10 0 6.5 1 -0.2445933360335791 0.2060320429494237 
10 10 0 1 0.2277182727524924 -0.1361754808007186 
10 10 6.5 1 0.2586859167609797 0.1734353379676176 
0 10 0 1 0.5059302942634903 -0.3948933703225054 
0 10 6.5 1 0.5933285172217687 0.181113361072492 
0 5 10 1 0.1526794808586203 0.5943294486702166 
10 5 10 1 0.02509523187065176 0.3746160244281874 
0 6 0 1 0.1645743395943828 -0.3934595888668676 
0 8 0 1 0.338388204257803 -0.3941896511156095 
0 8 5 1 0.3928418496851274 0.04771041305175026 
0 6 5 1 0.2068025276785027 0.05740145706014663 
0 2 2.5 1 -0.1963041348690455 -0.165977535496416 
0 4 2.5 1 -0.001925031391444872 -0.1712662974823421 
0 4 5 1 0.01311099619349685 0.06749111517881053 
0 2 5 1 -0.1887147869958539 0.07800449764989595 
0.5 0.5 -0.5 1 -0.33782031097724 -0.4084145812212341 
0.5 0.5 6 1 -0.3328716996339608 0.1898661906045614 
10.5 0.5 -0.5 1 -0.2241505975812251 -0.138228421560099 
10.5 0.5 6 1 -0.2158012872755329 0.1776946510941519 
10.5 10.5 -0.5 1 0.2404033456626996 -0.1521413623874305 
10.5 10.5 6 1 0.2710696783718576 0.1474704382646533 
0.5 10.5 -0.5 1 0.5146166207950365 -0.4105348753293142 
0.5 10.5 6 1 0.5979018401280525 0.13162678735203 
0.5 5.5 9.5 1 0.1851745454743021 0.5138313149826864 
10.5 5.5 9.5 1 0.04547458770069388 0.3409412656183001 
0.5 6.5 -0.5 1 0.1917671998919482 -0.409731841463202 
0.5 8.5 -0.5 1 0.3560024195358892 -0.4101403490671913 
0.5 8.5 4.5 1 0.4086504289740631 0.005837921302385272 
0.5 6.5 4.5 1 0.2335465531898966 0.01417940499615621 
0.5 2.5 2 1 -0.1464231451252076 -0.1964868576439879 
0.5 4.5 2 1 0.03609954842338278 -0.2009084738685296 
0.5 4.5 4.5 1 0.0516599729466334 0.02284399872042676 
0.5 2.5 4.5 1 -0.1374111905368465 0.03185084691323163 
