0.4018599413187718 -0.6109188430149802 0.3551565598604406 -0.0719323064580574 
-0.3072187843000119 -0.5364904728289752 -0.289960192670691 -0.10610415614885 
-0.05837760571094926 -0.406060107847447 -0.05969312375767093 -0.1378491839331654 
0.3776876699163917 -0.4288320584560338 0.3515876068745921 -0.1221552030754908 
0.4018599413187718 -0.6109188430149802 -0.3072187843000119 -0.5364904728289752 
-0.3072187843000119 -0.5364904728289752 -0.05837760571094926 -0.406060107847447 
-0.05837760571094926 -0.406060107847447 0.3776876699163917 -0.4288320584560338 
0.3776876699163917 -0.4288320584560338 0.4018599413187718 -0.6109188430149802 
0.3551565598604406 -0.0719323064580574 0.3367749249134309 0.08476274539037222 
0.3367749249134309 0.08476274539037222 0.3515876068745921 -0.1221552030754908 
-0.289960192670691 -0.10610415614885 -0.1473655903856939 0.03642164865248158 
-0.1473655903856939 0.03642164865248158 -0.05969312375767093 -0.1378491839331654 
0.3367749249134309 0.08476274539037222 -0.1473655903856939 0.03642164865248158 
0.3551565598604406 -0.0719323064580574 -0.289960192670691 -0.10610415614885 
0.3515876068745921 -0.1221552030754908 -0.05969312375767093 -0.1378491839331654 
0.38428791629919 -0.4785509128050806 0.3806720693115712 -0.4513131766208083 
0.3806720693115712 -0.4513131766208083 0.3583343329022531 -0.1894476355825848 
0.3583343329022531 -0.1894476355825848 0.3595209166960345 -0.1890068139568089 
0.3595209166960345 -0.1890068139568089 0.38428791629919 -0.4785509128050806 
0.3780684450321906 -0.3651081921057954 0.3744457250663524 -0.3454589621524083 
0.3744457250663524 -0.3454589621524083 0.3609717933276282 -0.1884678062618686 
0.3609717933276282 -0.1884678062618686 0.3627863295860684 -0.1877936972544247 
0.3627863295860684 -0.1877936972544247 0.3780684450321906 -0.3651081921057954 
