0 0 0 1 -0.00103296919862463 -0.2374366667563628 
0 0 6.5 1 -0.03639672710043295 0.4602659384871121 
10 0 0 1 -0.247268993191697 -0.05470582744648596 
10 0 6.5 1 -0.280839661052099 0.3060136989268366 
10 10 0 1 0.1831806377490099 0.008563769070134319 
10 10 6.5 1 0.1785562315955637 0.2993085953779712 
0 10 0 1 0.6154890215562612 -0.0787591276993541 
0 10 6.5 1 0.6447486745697416 0.3970688316467288 
0 5 10 1 0.3791717452694662 0.7778958801571587 
10 5 10 1 -0.03467703553083353 0.4914003600401141 
0 6 0 1 0.4214113046136271 -0.1287099404393064 
0 8 0 1 0.524883567425103 -0.1020787346270343 
0 8 5 1 0.5422647249258865 0.280693409659267 
0 6 5 1 0.4324297792482483 0.2812814612349145 
0 2 2.5 1 0.1584670714349405 0.03375233213667087 
0 4 2.5 1 0.3032431377296641 0.05274421241753962 
0 4 5 1 0.304454525176305 0.2819666352415716 
0 2 5 1 0.1534403649388662 0.2827751585610382 
0.5 0.5 -0.5 1 0.02121469543803384 -0.2549142262257344 
0.5 0.5 6 1 -0.008723644243252898 0.3858364376053706 
10.5 0.5 -0.5 1 -0.2255712935028419 -0.07133838065361353 
10.5 0.5 6 1 -0.2564250265585993 0.2735827440672223 
10.5 10.5 -0.5 1 0.1873269425026247 -0.006941403353616499 
10.5 10.5 6 1 0.183060870828281 0.2734652653276155 
0.5 10.5 -0.5 1 0.6006295834420752 -0.09893096072861834 
0.5 10.5 6 1 0.6271209738847786 0.3497936808552679 
0.5 5.5 9.5 1 0.3748905698568982 0.6929747479565221 
10.5 5.5 9.5 1 -0.02151084833050675 0.454643888980635 
0.5 6.5 -0.5 1 0.4154602353345612 -0.148780076078897 
0.5 8.5 -0.5 1 0.5138599300396031 -0.1222900668958664 
0.5 8.5 4.5 1 0.5295482067336776 0.2377044668519412 
0.5 6.5 4.5 1 0.4254010313766579 0.2351749963328879 
0.5 2.5 2 1 0.1690472401554757 -0.00128143192463633 
0.5 4.5 2 1 0.304004666362524 0.01913346647354883 
0.5 4.5 4.5 1 0.3051662917238384 0.2322547997142538 
0.5 2.5 4.5 1 0.1648044364701731 0.2288457665489597 
