0 0 0 1 -0.4411195883625614 -0.3718262469413296 
0 0 6.5 1 -0.4349075073545128 0.2655638238688912 
10 0 0 1 -0.2526351169314619 -0.1205896641748609 
10 0 6.5 1 -0.2407840405450261 0.2042670964314485 
10 10 0 1 0.2302244869754451 -0.1468298355177465 
10 10 6.5 1 0.2635508046762453 0.166763623458868 
0 10 0 1 0.4833155157311936 -0.4073776853292628 
0 10 6.5 1 0.5716216868547167 0.1878493919589569 
0 5 10 1 0.1150356051691217 0.6063344572772843 
10 5 10 1 0.02859475979353107 0.3695132687484209 
0 6 0 1 0.1262883379413776 -0.3936473221509244 
0 8 0 1 0.3068298666825863 -0.4005904931827067 
0 8 5 1 0.3621835306825055 0.05394527831228189 
0 6 5 1 0.1698834957447134 0.06694955482395036 
0 2 2.5 1 -0.2387017269510215 -0.1507359232612271 
0 4 2.5 1 -0.0433513805939515 -0.1609987616449167 
0 4 5 1 -0.02719906346636335 0.0802772492075588 
0 2 5 1 -0.229244806364878 0.09394057854344638 
0.5 0.5 -0.5 1 -0.3778494896022093 -0.39284645211866 
0.5 0.5 6 1 -0.3663423423456347 0.2052568699960894 
10.5 0.5 -0.5 1 -0.2246014266107334 -0.1388263360327469 
10.5 0.5 6 1 -0.2118326979319075 0.1755502204078662 
10.5 10.5 -0.5 1 0.2441175152851232 -0.1638157820971245 
10.5 10.5 6 1 0.2770936277021712 0.1399927631790366 
0.5 10.5 -0.5 1 0.496069826330215 -0.4254645207866437 
0.5 10.5 6 1 0.5805680417531093 0.1353248652182449 
0.5 5.5 9.5 1 0.1519726649652378 0.5245984487885116 
10.5 5.5 9.5 1 0.049727930906979 0.3355849423464962 
0.5 6.5 -0.5 1 0.1579244922475176 -0.412843621436113 
0.5 8.5 -0.5 1 0.3288188437954874 -0.4192220634640419 
0.5 8.5 4.5 1 0.3825501150666634 0.009178311829001782 
0.5 6.5 4.5 1 0.2011587737031346 0.02094153927667295 
0.5 2.5 2 1 -0.1852493851013753 -0.1843488959392275 
0.5 4.5 2 1 -0.001125806226329351 -0.1936719010631871 
0.5 4.5 4.5 1 0.01550951472388636 0.0329808926573167 
0.5 2.5 4.5 1 -0.1745493657213016 0.04530620996475015 
