0.01620309223696453 -0.174934149437982 0.04169018895879594 0.0787365866187934 
0.4364745134192737 -0.2655121052851823 0.469576834749042 0.05699775452538751 
0.2854501983367687 -0.4132945989648136 0.3419795932031418 0.1411668905587754 
-0.2926642282261471 -0.2313264084763105 -0.2552563439900153 0.1467468472668818 
0.01620309223696453 -0.174934149437982 0.4364745134192737 -0.2655121052851823 
0.4364745134192737 -0.2655121052851823 0.2854501983367687 -0.4132945989648136 
0.2854501983367687 -0.4132945989648136 -0.2926642282261471 -0.2313264084763105 
-0.2926642282261471 -0.2313264084763105 0.01620309223696453 -0.174934149437982 
0.04169018895879594 0.0787365866187934 -0.06116116177095721 0.2699158425477565 
-0.06116116177095721 0.2699158425477565 -0.2552563439900153 0.1467468472668818 
0.469576834749042 0.05699775452538751 0.4452291466907916 0.3082233932995067 
0.4452291466907916 0.3082233932995067 0.3419795932031418 0.1411668905587754 
-0.06116116177095721 0.2699158425477565 0.4452291466907916 0.3082233932995067 
0.04169018895879594 0.0787365866187934 0.469576834749042 0.05699775452538751 
-0.2552563439900153 0.1467468472668818 0.3419795932031418 0.1411668905587754 
-0.1387523019355619 -0.2032255358962882 -0.2088409892764913 -0.2160221613413494 
-0.2088409892764913 -0.2160221613413494 -0.1825365082058545 0.04872043889531853 
-0.1825365082058545 0.04872043889531853 -0.1145195476450012 0.03981694474824362 
-0.1145195476450012 0.03981694474824362 -0.1387523019355619 -0.2032255358962882 
-0.01771546021844772 -0.07868626980335859 -0.06805294483414519 -0.08011535517782052 
-0.06805294483414519 -0.08011535517782052 -0.05681503188045455 0.0322633608460378 
-0.05681503188045455 0.0322633608460378 -0.007242930331821714 0.02577431881362331 
-0.007242930331821714 0.02577431881362331 -0.01771546021844772 -0.07868626980335859 
