0.1796428678046234 -0.4000926115472336 0.1327040665443828 0.2384901380675263 
-0.2319909519214236 -0.2137583276329158 -0.2723415675536887 0.1442438714626653 
0.1503381683785699 -0.1082484027918733 0.1303092836538272 0.161426908451478 
0.5958684193979132 -0.1747824309974035 0.5833626235675867 0.2282609040462225 
0.1796428678046234 -0.4000926115472336 -0.2319909519214236 -0.2137583276329158 
-0.2319909519214236 -0.2137583276329158 0.1503381683785699 -0.1082484027918733 
0.1503381683785699 -0.1082484027918733 0.5958684193979132 -0.1747824309974035 
0.5958684193979132 -0.1747824309974035 0.1796428678046234 -0.4000926115472336 
0.1327040665443828 0.2384901380675263 0.3978260366825736 0.5188304623234039 
0.3978260366825736 0.5188304623234039 0.5833626235675867 0.2282609040462225 
-0.2723415675536887 0.1442438714626653 -0.05739312470726241 0.3275370198947361 
-0.05739312470726241 0.3275370198947361 0.1303092836538272 0.161426908451478 
0.3978260366825736 0.5188304623234039 -0.05739312470726241 0.3275370198947361 
0.1327040665443828 0.2384901380675263 -0.2723415675536887 0.1442438714626653 
0.5833626235675867 0.2282609040462225 0.1303092836538272 0.161426908451478 
0.4725171228809583 -0.2415546480871599 0.5390961513575252 -0.2055142539559856 
0.5390961513575252 -0.2055142539559856 0.5269283094660547 0.1259342783601442 
0.5269283094660547 0.1259342783601442 0.4568943108376525 0.1182573321766612 
0.4568943108376525 0.1182573321766612 0.4725171228809583 -0.2415546480871599 
0.2846360489532202 -0.1237614470782521 0.3834199797383005 -0.09143515699927847 
0.3834199797383005 -0.09143515699927847 0.3731021877659815 0.1090722558991498 
0.3731021877659815 0.1090722558991498 0.2710561874492976 0.09788623670827681 
0.2710561874492976 0.09788623670827681 0.2846360489532202 -0.1237614470782521 
