0 0 0 1 -0.2402861784528189 -0.02049480596960504 
0 0 6.5 1 -0.2666512765584468 0.2483229350508802 
10 0 0 1 0.1533899192715388 0.009261015925421622 
10 0 6.5 1 0.1448519966386949 0.2681498218843664 
10 10 0 1 0.3184405734478237 -0.08169491481305126 
10 10 6.5 1 0.3159165554356232 0.3406532549985386 
0 10 0 1 -0.3218006259397982 -0.1372097261567692 
0 10 6.5 1 -0.3729071257864475 0.3122242839165993 
0 5 10 1 -0.3264247871090101 0.4691477480406354 
10 5 10 1 0.2049956261479696 0.4827953298976724 
0 6 0 1 -0.2790387892887136 -0.07598199897889533 
0 8 0 1 -0.2979426066533402 -0.1030490723991936 
0 8 5 1 -0.3306825168970539 0.1971140974050172 
0 6 5 1 -0.3073813420665677 0.19283281628749 
0 2 2.5 1 -0.2619107360287382 0.07336746049022684 
0 4 2.5 1 -0.2759190571690364 0.06528335490469238 
0 4 5 1 -0.2886405851554425 0.189389451338063 
0 2 5 1 -0.27324076102344 0.1865599383736213 
0.5 0.5 -0.5 1 -0.2200109859424401 -0.042590348013312 
0.5 0.5 6 1 -0.2458671207663068 0.2293501880932539 
10.5 0.5 -0.5 1 0.1783804322127293 -0.01152109556611963 
10.5 0.5 6 1 0.1707948137202626 0.250269541284925 
10.5 10.5 -0.5 1 0.3628767835472522 -0.117588643848599 
10.5 10.5 6 1 0.3634948476510744 0.3125322988168877 
0.5 10.5 -0.5 1 -0.2899127912927089 -0.1769956037315265 
0.5 10.5 6 1 -0.3398943083799059 0.2812150819316693 
0.5 5.5 9.5 1 -0.300483192380159 0.4487921195414061 
10.5 5.5 9.5 1 0.2395735447535028 0.4638063667192994 
0.5 6.5 -0.5 1 -0.2530746712813328 -0.1061642866361056 
0.5 8.5 -0.5 1 -0.2693136922408591 -0.1373882264720198 
0.5 8.5 4.5 1 -0.3013273001095521 0.167827432325293 
0.5 6.5 4.5 1 -0.2808041618808235 0.1667006639232639 
0.5 2.5 2 1 -0.2398110989036645 0.05042458120569917 
0.5 4.5 2 1 -0.2519113701312053 0.03995653205252748 
0.5 4.5 4.5 1 -0.2643707614439877 0.1657984317137572 
0.5 2.5 4.5 1 -0.2509153952857018 0.1650597005676762 
