0 0 0 1 0.2585755138236143 -0.4055139185172195 
0 0 6.5 1 0.2279090481129407 -0.08917907586262389 
10 0 0 1 0.7237879490244095 -0.6024570453626327 
10 0 6.5 1 0.6299422292368358 -0.02101767966078336 
10 10 0 1 -0.1937030789917094 -0.821963388351562 
10 10 6.5 1 -0.2154285245136746 -0.04463368048465417 
0 10 0 1 -0.2417214356022658 -0.4774523138837832 
0 10 6.5 1 -0.2498961595505574 -0.1108712664906719 
0 5 10 1 -0.005183255045722533 0.0698169044417057 
10 5 10 1 0.2298961932750509 0.2771981196288292 
0 6 0 1 -0.02408570653417352 -0.4461581691932002 
0 8 0 1 -0.1296331040263684 -0.4613349765261626 
0 8 5 1 -0.1403908099927356 -0.1846844160152452 
0 6 5 1 -0.03872815343544472 -0.1778613924641792 
0 2 2.5 1 0.1587790421148581 -0.2893872223925062 
0 4 2.5 1 0.06625694826237256 -0.2990648008359695 
0 4 5 1 0.0573925427720846 -0.1714103140035328 
0 2 5 1 0.1484124198963931 -0.1653015737220478 
0.5 0.5 -0.5 1 0.2516805405450496 -0.4406435311221446 
0.5 0.5 6 1 0.2203350478901821 -0.1121402311303792 
10.5 0.5 -0.5 1 0.7415494621203901 -0.6828356911754327 
10.5 0.5 6 1 0.6404312732558409 -0.05898174548222174 
10.5 10.5 -0.5 1 -0.2526890062867559 -0.951342090011963 
10.5 10.5 6 1 -0.269217395287821 -0.09661546496959122 
0.5 10.5 -0.5 1 -0.2699205472200857 -0.5211477379110742 
0.5 10.5 6 1 -0.276827692772635 -0.1381526138391143 
0.5 5.5 9.5 1 -0.02110001770927065 0.05137873756359677 
10.5 5.5 9.5 1 0.2150452879338919 0.255747097809371 
0.5 6.5 -0.5 1 -0.0423247654419593 -0.486020476273145 
0.5 8.5 -0.5 1 -0.152568785736427 -0.5030356006952493 
0.5 8.5 4.5 1 -0.1627583890342091 -0.214260310282046 
0.5 6.5 4.5 1 -0.05674989827137912 -0.206330353607413 
0.5 2.5 2 1 0.1483304560283294 -0.3207347312353329 
0.5 4.5 2 1 0.05217184644942327 -0.3316638539455287 
0.5 4.5 4.5 1 0.04327554516886735 -0.1988479583093165 
0.5 2.5 4.5 1 0.1378105584956205 -0.1917762741968222 
