0.3801572454419364 -0.5029262492978472 0.3108808912835915 0.07862136461554245 
-0.2420748069588947 -0.4105155730612929 -0.26505607926647 -0.02111835135145297 
0.06684710420564807 -0.2886165342051724 0.04328263056789496 -0.02818085334122854 
0.5125454535572572 -0.3059904552668285 0.4675489478502801 0.0282849207694674 
0.3801572454419364 -0.5029262492978472 -0.2420748069588947 -0.4105155730612929 
-0.2420748069588947 -0.4105155730612929 0.06684710420564807 -0.2886165342051724 
0.06684710420564807 -0.2886165342051724 0.5125454535572572 -0.3059904552668285 
0.5125454535572572 -0.3059904552668285 0.3801572454419364 -0.5029262492978472 
0.3108808912835915 0.07862136461554245 0.3820500470494346 0.2610680857183398 
0.3820500470494346 0.2610680857183398 0.4675489478502801 0.0282849207694674 
-0.26505607926647 -0.02111835135145297 -0.09364673133517017 0.1348717627922608 
-0.09364673133517017 0.1348717627922608 0.04328263056789496 -0.02818085334122854 
0.3820500470494346 0.2610680857183398 -0.09364673133517017 0.1348717627922608 
0.3108808912835915 0.07862136461554245 -0.26505607926647 -0.02111835135145297 
0.4675489478502801 0.0282849207694674 0.04328263056789496 -0.02818085334122854 
0.4760060156573199 -0.3603451694722132 0.4959867682703093 -0.3306225420781722 
0.4959867682703093 -0.3306225420781722 0.4583969570202516 -0.04722360118956551 
0.4583969570202516 -0.04722360118956551 0.4352694788019548 -0.04764863951384055 
0.4352694788019548 -0.04764863951384055 0.4760060156573199 -0.3603451694722132 
0.3955536627501194 -0.2420351375307783 0.4288193230818187 -0.2194968092397973 
0.4288193230818187 -0.2194968092397973 0.4069946623408781 -0.04816827596077029 
0.4069946623408781 -0.04816827596077029 0.3716389177953041 -0.04881804617234739 
0.3716389177953041 -0.04881804617234739 0.3955536627501194 -0.2420351375307783 
