0.2623391094991294 -0.263255872961132 0.3069428688003259 0.1212123165108139 
-0.3645369138050912 -0.2946112343681438 -0.3356417773275178 0.1956026722957835 
-0.3691995020119894 -0.1234246356076333 -0.3525795247483996 0.1650472964711667 
0.03626363843867795 -0.1264539389071959 0.05965214911936925 0.1218449212483698 
0.2623391094991294 -0.263255872961132 -0.3645369138050912 -0.2946112343681438 
-0.3645369138050912 -0.2946112343681438 -0.3691995020119894 -0.1234246356076333 
-0.3691995020119894 -0.1234246356076333 0.03626363843867795 -0.1264539389071959 
0.03626363843867795 -0.1264539389071959 0.2623391094991294 -0.263255872961132 
0.3069428688003259 0.1212123165108139 0.1733553567507189 0.2910063161832802 
0.1733553567507189 0.2910063161832802 0.05965214911936925 0.1218449212483698 
-0.3356417773275178 0.1956026722957835 -0.3344166744908519 0.3819167136167246 
-0.3344166744908519 0.3819167136167246 -0.3525795247483996 0.1650472964711667 
0.1733553567507189 0.2910063161832802 -0.3344166744908519 0.3819167136167246 
0.3069428688003259 0.1212123165108139 -0.3356417773275178 0.1956026722957835 
0.05965214911936925 0.1218449212483698 -0.3525795247483996 0.1650472964711667 
0.1043024436542068 -0.1676253234034578 0.06768927767671779 -0.1454701028743852 
0.06768927767671779 -0.1454701028743852 0.0875581405747887 0.05895110512119921 
0.0875581405747887 0.05895110512119921 0.1265770955674594 0.05356232940229434 
0.1265770955674594 0.05356232940229434 0.1043024436542068 -0.1676253234034578 
0.2136073870256316 -0.09435609761700829 0.1599999589939618 -0.07459466672845058 
0.1599999589939618 -0.07459466672845058 0.1727699506977637 0.04718279063300052 
0.1727699506977637 0.04718279063300052 0.2283154498709085 0.0395115898718598 
0.2283154498709085 0.0395115898718598 0.2136073870256316 -0.09435609761700829 
