0 0 0 1 0.01885598752943575 -0.1860106585114145 
0 0 6.5 1 0.04434138645313457 0.06815974728813103 
10 0 0 1 0.4404210550946638 -0.2790234490790679 
10 0 6.5 1 0.472759355846777 0.04580894974216642 
10 10 0 1 0.2818194012108829 -0.4308331233101217 
10 10 6.5 1 0.3375439839953954 0.1275748138942898 
0 10 0 1 -0.2936362802747088 -0.2434608763311633 
0 10 6.5 1 -0.2555588804170008 0.1343733646158222 
0 5 10 1 -0.05984619700350217 0.2583035959330714 
10 5 10 1 0.4450369016919292 0.2968183736394735 
0 6 0 1 -0.1380857880501474 -0.2148636578365568 
0 8 0 1 -0.2089619157143442 -0.2278938969562027 
0 8 5 1 -0.1823020540826904 0.03700903813142039 
0 6 5 1 -0.113625873355075 0.02845890618163549 
0 2 2.5 1 -0.01562833413608585 -0.08964636901727147 
0 4 2.5 1 -0.06658946275941863 -0.09127908203447392 
0 4 5 1 -0.05529391325513872 0.02119662178463066 
0 2 5 1 -0.005132740270370775 0.01495159413120303 
0.5 0.5 -0.5 1 0.02299160806761038 -0.2118464221020759 
0.5 0.5 6 1 0.04918954139732112 0.04945931105037712 
10.5 0.5 -0.5 1 0.4609733954470729 -0.3156593056974903 
10.5 0.5 6 1 0.4944675250968046 0.02091896571673742 
10.5 10.5 -0.5 1 0.3079862865736083 -0.505179264985807 
10.5 10.5 6 1 0.3672341353671424 0.08886650855168401 
0.5 10.5 -0.5 1 -0.3006104343900407 -0.2848305996939431 
0.5 10.5 6 1 -0.260920164943415 0.1089896236857956 
0.5 5.5 9.5 1 -0.05752910927981304 0.2422333968523129 
10.5 5.5 9.5 1 0.4714601814508667 0.2766197136193059 
0.5 6.5 -0.5 1 -0.1384180853438314 -0.2482502520640922 
0.5 8.5 -0.5 1 -0.2120445152421135 -0.264855723384177 
0.5 8.5 4.5 1 -0.1843607076654329 0.01022443468364442 
0.5 6.5 4.5 1 -0.1130989644029332 0.00363210758007979 
0.5 2.5 2 1 -0.01223162544885342 -0.1144450348583694 
0.5 4.5 2 1 -0.06457959125303633 -0.1180591345372422 
0.5 4.5 4.5 1 -0.05291855833798728 -0.001935100066582433 
0.5 2.5 4.5 1 -0.001421204746652668 -0.00669905031954595 
