-0.6947828064712628 -0.4459849391807603 -0.6172597398245533 0.09354882061959187 
-0.2453716807590729 -0.2976284902159488 -0.2124281608354833 0.004525503372224606 
0.233126475508047 -0.3813286776509106 0.257845136199549 -0.02728952705888547 
0.1424590201346213 -0.6720098022058192 0.1975239816485308 0.05879471667180335 
-0.6947828064712628 -0.4459849391807603 -0.2453716807590729 -0.2976284902159488 
-0.2453716807590729 -0.2976284902159488 0.233126475508047 -0.3813286776509106 
0.233126475508047 -0.3813286776509106 0.1424590201346213 -0.6720098022058192 
0.1424590201346213 -0.6720098022058192 -0.6947828064712628 -0.4459849391807603 
-0.6172597398245533 0.09354882061959187 -0.2322466729438289 0.3882135141949168 
-0.2322466729438289 0.3882135141949168 0.1975239816485308 0.05879471667180335 
-0.2124281608354833 0.004525503372224606 0.02022423691833072 0.1583782631261738 
0.02022423691833072 0.1583782631261738 0.257845136199549 -0.02728952705888547 
-0.2322466729438289 0.3882135141949168 0.02022423691833072 0.1583782631261738 
-0.6172597398245533 0.09354882061959187 -0.2124281608354833 0.004525503372224606 
0.1975239816485308 0.05879471667180335 0.257845136199549 -0.02728952705888547 
-0.2542199580672774 -0.5649208956751021 -0.06887628630954511 -0.6149569506001541 
-0.06887628630954511 -0.6149569506001541 -0.01977813438831694 -0.08340676017012959 
-0.01977813438831694 -0.08340676017012959 -0.200705260496445 -0.06674262795306934 
-0.200705260496445 -0.06674262795306934 -0.2542199580672774 -0.5649208956751021 
-0.5340844477879708 -0.2560156169590739 -0.3892323018426102 -0.2818587484357835 
-0.3892323018426102 -0.2818587484357835 -0.3614510292390037 -0.05193728172732918 
-0.3614510292390037 -0.05193728172732918 -0.5052137329340517 -0.03869614562027247 
-0.5052137329340517 -0.03869614562027247 -0.5340844477879708 -0.2560156169590739 
