0.2804248078598873 -0.3586841359661086 0.2447571599884039 -0.03832007209892069 
0.6720798175649584 -0.6095227375405858 0.5843848201172624 0.01431820496426323 
-0.3271550626020526 -0.7887844482692582 -0.3700807844347415 -0.06605875164725741 
-0.2235018637256473 -0.4260480137000493 -0.2474889646969024 -0.08144913761290333 
0.2804248078598873 -0.3586841359661086 0.6720798175649584 -0.6095227375405858 
0.6720798175649584 -0.6095227375405858 -0.3271550626020526 -0.7887844482692582 
-0.3271550626020526 -0.7887844482692582 -0.2235018637256473 -0.4260480137000493 
-0.2235018637256473 -0.4260480137000493 0.2804248078598873 -0.3586841359661086 
0.2447571599884039 -0.03832007209892069 -0.008696518362779185 0.1122684519515965 
-0.008696518362779185 0.1122684519515965 -0.2474889646969024 -0.08144913761290333 
0.5843848201172624 0.01431820496426323 0.1047825389790753 0.3085517990485506 
0.1047825389790753 0.3085517990485506 -0.3700807844347415 -0.06605875164725741 
-0.008696518362779185 0.1122684519515965 0.1047825389790753 0.3085517990485506 
0.2447571599884039 -0.03832007209892069 0.5843848201172624 0.01431820496426323 
-0.2474889646969024 -0.08144913761290333 -0.3700807844347415 -0.06605875164725741 
-0.0134953052845697 -0.3979747702623894 -0.1170130376771327 -0.4118128071463009 
-0.1170130376771327 -0.4118128071463009 -0.1376140085436507 -0.1490049277384746 
-0.1376140085436507 -0.1490049277384746 -0.03600681745104539 -0.139048502944733 
-0.03600681745104539 -0.139048502944733 -0.0134953052845697 -0.3979747702623894 
0.1719721049573523 -0.2443682342760476 0.07489013046252781 -0.2555923972831651 
0.07489013046252781 -0.2555923972831651 0.0628628851826282 -0.1293603229245355 
0.0628628851826282 -0.1293603229245355 0.1591042584978918 -0.1199296912423104 
0.1591042584978918 -0.1199296912423104 0.1719721049573523 -0.2443682342760476 
