-0.70972669514124 -0.6014268416156134 -0.6314989470847036 -0.1047614299300009 
-0.2063649904730075 -0.4441885792748306 -0.1824159965460011 -0.1420444711636621 
0.2531360187909766 -0.546488934910868 0.2547242099432284 -0.1567066380055882 
-0.06790423202707802 -0.9016285883581161 -0.02638690979831155 -0.1136335827073966 
-0.70972669514124 -0.6014268416156134 -0.2063649904730075 -0.4441885792748306 
-0.2063649904730075 -0.4441885792748306 0.2531360187909766 -0.546488934910868 
0.2531360187909766 -0.546488934910868 -0.06790423202707802 -0.9016285883581161 
-0.06790423202707802 -0.9016285883581161 -0.70972669514124 -0.6014268416156134 
-0.6314989470847036 -0.1047614299300009 -0.3581291530208 0.1740206445459085 
-0.3581291530208 0.1740206445459085 -0.02638690979831155 -0.1136335827073966 
-0.1824159965460011 -0.1420444711636621 0.01800457645627917 0.01966432610681663 
0.01800457645627917 0.01966432610681663 0.2547242099432284 -0.1567066380055882 
-0.3581291530208 0.1740206445459085 0.01800457645627917 0.01966432610681663 
-0.6314989470847036 -0.1047614299300009 -0.1824159965460011 -0.1420444711636621 
-0.02638690979831155 -0.1136335827073966 0.2547242099432284 -0.1567066380055882 
-0.397570247951528 -0.747432810694039 -0.2499798810087532 -0.8164657419249097 
-0.2499798810087532 -0.8164657419249097 -0.2046623148489509 -0.2599946840310854 
-0.2046623148489509 -0.2599946840310854 -0.3446565846969317 -0.2449383171112403 
-0.3446565846969317 -0.2449383171112403 -0.397570247951528 -0.747432810694039 
-0.5911992584706725 -0.424690407908302 -0.4898266017125889 -0.452770618207158 
-0.4898266017125889 -0.452770618207158 -0.4621731720506069 -0.2322994222458553 
-0.4621731720506069 -0.2322994222458553 -0.5622233426968417 -0.221539038401012 
-0.5622233426968417 -0.221539038401012 -0.5911992584706725 -0.424690407908302 
