-0.0439004927510205 -0.04456529969721169 -0.02521314283288783 0.2071010618291577 
0.3583732758302858 -0.1042199953925307 0.3948661531302651 0.1875278960054398 
0.3244334185055986 -0.2394706953556729 0.3856496812769639 0.2585479721130544 
-0.2891729540754067 -0.1182893727504502 -0.271854402638554 0.2732488522787748 
-0.0439004927510205 -0.04456529969721169 0.3583732758302858 -0.1042199953925307 
0.3583732758302858 -0.1042199953925307 0.3244334185055986 -0.2394706953556729 
0.3244334185055986 -0.2394706953556729 -0.2891729540754067 -0.1182893727504502 
-0.2891729540754067 -0.1182893727504502 -0.0439004927510205 -0.04456529969721169 
-0.02521314283288783 0.2071010618291577 -0.1102452900718201 0.4077014992379513 
-0.1102452900718201 0.4077014992379513 -0.271854402638554 0.2732488522787748 
0.3948661531302651 0.1875278960054398 0.4179196342125729 0.4260650460957164 
0.4179196342125729 0.4260650460957164 0.3856496812769639 0.2585479721130544 
-0.1102452900718201 0.4077014992379513 0.4179196342125729 0.4260650460957164 
-0.02521314283288783 0.2071010618291577 0.3948661531302651 0.1875278960054398 
-0.271854402638554 0.2732488522787748 0.3856496812769639 0.2585479721130544 
-0.1647838896468788 -0.08090046890272337 -0.2208806925597184 -0.09776206344810383 
-0.2208806925597184 -0.09776206344810383 -0.2067542114426265 0.1705631023757955 
-0.2067542114426265 0.1705631023757955 -0.1502503799128552 0.1632503635566503 
-0.1502503799128552 0.1632503635566503 -0.1647838896468788 -0.08090046890272337 
-0.07093026937562424 0.04728411557359077 -0.1106761127156763 0.0436447364987332 
-0.1106761127156763 0.0436447364987332 -0.1032678457754098 0.1571698732269337 
-0.1032678457754098 0.1571698732269337 -0.06358700877336829 0.1520343702129814 
-0.06358700877336829 0.1520343702129814 -0.07093026937562424 0.04728411557359077 
