0 0 0 1 -0.01907729779204568 -0.07213389651748152 
0 0 6.5 1 0.003642752668044228 0.179441937634774 
10 0 0 1 0.3890241721944667 -0.1407935747841361 
10 0 6.5 1 0.4267353739434218 0.1606345217771034 
10 10 0 1 0.3173577095023211 -0.2671049041122218 
10 10 6.5 1 0.3797008584044896 0.2508411812553758 
0 10 0 1 -0.2872536645671448 -0.1301870169460444 
0 10 6.5 1 -0.2608857002313002 0.2561757999628267 
0 5 10 1 -0.08644693684120268 0.3802235734175496 
10 5 10 1 0.4361365853523578 0.4091113331871941 
0 6 0 1 -0.152004924486718 -0.1009092267734114 
0 8 0 1 -0.2131902464117493 -0.114154237528416 
0 8 5 1 -0.1933626808219994 0.1524825908820045 
0 6 5 1 -0.1326903588973299 0.1423439566897269 
0 2 2.5 1 -0.04787551051828031 0.02228538900409853 
0 4 2.5 1 -0.09134309755257901 0.02100122370390771 
0 4 5 1 -0.08190541023920409 0.1338575496991123 
0 2 5 1 -0.03877301093207616 0.1266499201814358 
0.5 0.5 -0.5 1 -0.01241076088541981 -0.09643331590351378 
0.5 0.5 6 1 0.01102332745804119 0.1609358727987074 
10.5 0.5 -0.5 1 0.4091600184024048 -0.1721322023731733 
10.5 0.5 6 1 0.4485434556049445 0.1376459965683209 
10.5 10.5 -0.5 1 0.3487365148887202 -0.3282238502810617 
10.5 10.5 6 1 0.4159024137400443 0.2148751852452753 
0.5 10.5 -0.5 1 -0.2871376919160055 -0.1699647735042009 
0.5 10.5 6 1 -0.2597299674233505 0.2302357769987718 
0.5 5.5 9.5 1 -0.08011188689032367 0.3635587660188674 
10.5 5.5 9.5 1 0.4649273511690738 0.3890026999321193 
0.5 6.5 -0.5 1 -0.1476913739925722 -0.1326415632332089 
0.5 8.5 -0.5 1 -0.2105481856121204 -0.1494653706450953 
0.5 8.5 4.5 1 -0.1899644840275579 0.1257013813538172 
0.5 6.5 4.5 1 -0.1276711017516871 0.1176912987434056 
0.5 2.5 2 1 -0.04140738897428833 -0.001572280685195622 
0.5 4.5 2 1 -0.08559379614172638 -0.004875160471209292 
0.5 4.5 4.5 1 -0.07582543344701521 0.1110246502016185 
0.5 2.5 4.5 1 -0.03200243785553251 0.1053896083705468 
