0.1847089449503435 -0.3956307337672623 0.1761219673428617 -0.09759740760327333 
0.6747120697296319 -0.5224544959284605 0.6176735242896886 -0.03824991553464075 
0.02843225871206947 -0.6983641519966388 0.02875787782195672 0.04841265799494283 
-0.2754838484154482 -0.4471876422188504 -0.2538770592837955 -0.06705242729891236 
0.1847089449503435 -0.3956307337672623 0.6747120697296319 -0.5224544959284605 
0.6747120697296319 -0.5224544959284605 0.02843225871206947 -0.6983641519966388 
0.02843225871206947 -0.6983641519966388 -0.2754838484154482 -0.4471876422188504 
-0.2754838484154482 -0.4471876422188504 0.1847089449503435 -0.3956307337672623 
0.1761219673428617 -0.09759740760327333 -0.01241421439641355 0.07911495605796785 
-0.01241421439641355 0.07911495605796785 -0.2538770592837955 -0.06705242729891236 
0.6176735242896886 -0.03824991553464075 0.3625988155610298 0.2639331905879578 
0.3625988155610298 0.2639331905879578 0.02875787782195672 0.04841265799494283 
-0.01241421439641355 0.07911495605796785 0.3625988155610298 0.2639331905879578 
0.1761219673428617 -0.09759740760327333 0.6176735242896886 -0.03824991553464075 
-0.2538770592837955 -0.06705242729891236 0.02875787782195672 0.04841265799494283 
-0.06330611180685934 -0.423416674269122 -0.1637071569980326 -0.4346649327598859 
-0.1637071569980326 -0.4346649327598859 -0.1535209172339999 -0.1531735326229415 
-0.1535209172339999 -0.1531735326229415 -0.05861374236834497 -0.1560959234406454 
-0.05861374236834497 -0.1560959234406454 -0.06330611180685934 -0.423416674269122 
0.1078429199066298 -0.2797804585253654 0.02745744043807916 -0.2829063296784325 
0.02745744043807916 -0.2829063296784325 0.02753904097478166 -0.1587487481961814 
0.02753904097478166 -0.1587487481961814 0.1060953094648767 -0.1611676603388461 
0.1060953094648767 -0.1611676603388461 0.1078429199066298 -0.2797804585253654 
