0 0 0 1 -0.1318874003337976 -0.03219274929126636 
0 0 6.5 1 -0.1340489685521667 0.2208314334736078 
10 0 0 1 0.2580877711701074 -0.05261835384953764 
10 0 6.5 1 0.2768014354760407 0.214668678842736 
10 10 0 1 0.3246159710584957 -0.2121078331483726 
10 10 6.5 1 0.3624836130484814 0.227237368687553 
0 10 0 1 -0.29906334017307 -0.1659752497271961 
0 10 6.5 1 -0.3164571180257635 0.2361264348856609 
0 5 10 1 -0.2073284639397544 0.4106607437449853 
10 5 10 1 0.323632970253854 0.4176678548187348 
0 6 0 1 -0.2131840589696867 -0.09725037827694465 
0 8 0 1 -0.2516290653702566 -0.1280159842037811 
0 8 5 1 -0.2606658971594312 0.1440609825207015 
0 6 5 1 -0.2193941458210322 0.1492958705303348 
0 2 2.5 1 -0.1560072242411525 0.05124205246959175 
0 4 2.5 1 -0.1834465934590221 0.0383741576189708 
0 4 5 1 -0.1855926172898435 0.1535832392674731 
0 2 5 1 -0.1574014542444633 0.1571589920915743 
0.5 0.5 -0.5 1 -0.1183312116925515 -0.05632373678779352 
0.5 0.5 6 1 -0.1198318780519231 0.2001787051994482 
10.5 0.5 -0.5 1 0.279772818539371 -0.07854986341922499 
10.5 0.5 6 1 0.3000489705788357 0.1926148332163478 
10.5 10.5 -0.5 1 0.3626840131975432 -0.2601252571161186 
10.5 10.5 6 1 0.405446806650198 0.1896864242926204 
0.5 10.5 -0.5 1 -0.2821118537450399 -0.2084179534868297 
0.5 10.5 6 1 -0.2985934083720801 0.2024684665222677 
0.5 5.5 9.5 1 -0.1907437876199952 0.3885791978181002 
10.5 5.5 9.5 1 0.3554127484984654 0.3939716689908868 
0.5 6.5 -0.5 1 -0.1975498045777254 -0.1298897558354475 
0.5 8.5 -0.5 1 -0.2352927794010287 -0.1649396134969045 
0.5 8.5 4.5 1 -0.243638170305182 0.1123284762316699 
0.5 6.5 4.5 1 -0.2031068232600493 0.1209232182384425 
0.5 2.5 2 1 -0.1415172373856196 0.02624281860474174 
0.5 4.5 2 1 -0.1682336348816431 0.01084056277749629 
0.5 4.5 4.5 1 -0.1700721601945775 0.1279282754849296 
0.5 2.5 4.5 1 -0.1426303645311527 0.1337473555581154 
