0 0 0 1 0.3178346946523963 -0.5255554686702999 
0 0 6.5 1 0.3308950993911975 -0.06817907016440215 
10 0 0 1 -0.3829891301832525 -0.4711132880531014 
10 0 6.5 1 -0.3295456022986799 -0.02000480714890194 
10 10 0 1 -0.2258842058092586 -0.3339372311387692 
10 10 6.5 1 -0.1990562284605195 -0.06597255062773805 
0 10 0 1 0.1872723716507233 -0.3653905655710417 
0 10 6.5 1 0.1997254779692298 -0.09521187410557966 
0 5 10 1 0.2558187296169119 0.08583964399231853 
10 5 10 1 -0.23012070226627 0.1205382630879521 
0 6 0 1 0.224065363085016 -0.4105256839752219 
0 8 0 1 0.2040193468368227 -0.3859346061198065 
0 8 5 1 0.2140221533985753 -0.1575705416423745 
0 6 5 1 0.2343725500435903 -0.1596006100217915 
0 2 2.5 1 0.2842884421230975 -0.3182596732705443 
0 4 2.5 1 0.2538470550839192 -0.2987381054412826 
0 4 5 1 0.2590107123175648 -0.1620584075297133 
0 2 5 1 0.2894513399257808 -0.1650950341191112 
0.5 0.5 -0.5 1 0.2717870231872572 -0.5459389069274916 
0.5 0.5 6 1 0.2870845243703913 -0.1002101780528639 
10.5 0.5 -0.5 1 -0.4080715532760234 -0.4929568058468002 
10.5 0.5 6 1 -0.3547054839024749 -0.05316243329077816 
10.5 10.5 -0.5 1 -0.2436368015499041 -0.3494037291398372 
10.5 10.5 6 1 -0.216655431750769 -0.08546227247795213 
0.5 10.5 -0.5 1 0.1621429130963395 -0.3803664652984842 
0.5 10.5 6 1 0.1752495699615086 -0.1142820850584991 
0.5 5.5 9.5 1 0.2249323514815016 0.05892848688735178 
10.5 5.5 9.5 1 -0.2508342876327427 0.09304413231908902 
0.5 6.5 -0.5 1 0.1933142749012416 -0.4274380177846067 
0.5 8.5 -0.5 1 0.1763579755076122 -0.4018324846714492 
0.5 8.5 4.5 1 0.1869763475557537 -0.1772708629743807 
0.5 6.5 4.5 1 0.2043862687739794 -0.1810987603248889 
0.5 2.5 2 1 0.245406463041348 -0.3411578408195652 
0.5 4.5 2 1 0.2197378725420286 -0.319683681215442 
0.5 4.5 4.5 1 0.2253818160524514 -0.1857150247405828 
0.5 2.5 4.5 1 0.2511978576608644 -0.1913911651455146 
