-0.02243254178680072 -0.06672142696372109 -0.0001811845952463002 0.1848648277704784 
0.3848128686627855 -0.1340278731058759 0.422524362775041 0.1659781830007816 
0.3188699294460867 -0.2608440050105447 0.3812847163756023 0.2543776978737463 
-0.2873544854651907 -0.1263773170204381 -0.2621671755609541 0.2608334193397269 
-0.02243254178680072 -0.06672142696372109 0.3848128686627855 -0.1340278731058759 
0.3848128686627855 -0.1340278731058759 0.3188699294460867 -0.2608440050105447 
0.3188699294460867 -0.2608440050105447 -0.2873544854651907 -0.1263773170204381 
-0.2873544854651907 -0.1263773170204381 -0.02243254178680072 -0.06672142696372109 
-0.0001811845952463002 0.1848648277704784 -0.08946036116817244 0.3859423763992038 
-0.08946036116817244 0.3859423763992038 -0.2621671755609541 0.2608334193397269 
0.422524362775041 0.1659781830007816 0.4341457169558755 0.4134465984805298 
0.4341457169558755 0.4134465984805298 0.3812847163756023 0.2543776978737463 
-0.08946036116817244 0.3859423763992038 0.4341457169558755 0.4134465984805298 
-0.0001811845952463002 0.1848648277704784 0.422524362775041 0.1659781830007816 
-0.2621671755609541 0.2608334193397269 0.3812847163756023 0.2543776978737463 
-0.1536297740603938 -0.09626479945898134 -0.2140960429842524 -0.1098807689063467 
-0.2140960429842524 -0.1098807689063467 -0.1949992857823013 0.1570465914957447 
-0.1949992857823013 0.1570465914957447 -0.1349141644186435 0.1471455884249038 
-0.1349141644186435 0.1471455884249038 -0.1536297740603938 -0.09626479945898134 
-0.05093183593097073 0.02741645521777095 -0.09386365623498266 0.02590359780256729 
-0.09386365623498266 0.02590359780256729 -0.08467223553096363 0.1388665755692725 
-0.08467223553096363 0.1388665755692725 -0.04203784313568611 0.1318411549584988 
-0.04203784313568611 0.1318411549584988 -0.05093183593097073 0.02741645521777095 
