0 0 0 1 0.258349579996126 -0.09082624918275033 
0 0 6.5 1 0.2511280119404387 0.2731683847174628 
10 0 0 1 -0.1153521213983728 -0.3134078546388152 
10 0 6.5 1 -0.1690524359245203 0.3285102994571591 
10 10 0 1 -0.559654093595216 -0.1713974775987202 
10 10 6.5 1 -0.6221369906084533 0.2319023503110979 
0 10 0 1 -0.1340378263330458 -0.04929457078769523 
0 10 6.5 1 -0.1566938327924323 0.2233237474415726 
0 5 10 1 0.007125779465058158 0.4258594385413348 
10 5 10 1 -0.4883897739428565 0.5707322293814009 
0 6 0 1 -0.002692126829552899 -0.06319666668160992 
0 8 0 1 -0.0717525311619181 -0.05588706791187228 
0 8 5 1 -0.08772549991205164 0.162562870441696 
0 6 5 1 -0.01698848554975271 0.1673048968249859 
0 2 2.5 1 0.1561909207556596 0.04638392705342107 
0 4 2.5 1 0.06837730571538628 0.04826757793078357 
0 4 5 1 0.06220741435785437 0.1726139850045743 
0 2 5 1 0.1514759877515648 0.1785983191477077 
0.5 0.5 -0.5 1 0.2221627880623677 -0.1208994279033133 
0.5 0.5 6 1 0.2127901285093174 0.2416444941546895 
10.5 0.5 -0.5 1 -0.1792340440305085 -0.3663648172315084 
10.5 0.5 6 1 -0.239956345007284 0.2708769872168791 
10.5 10.5 -0.5 1 -0.6007924204354536 -0.2050111191072176 
10.5 10.5 6 1 -0.6660766004083317 0.1964644231852689 
0.5 10.5 -0.5 1 -0.1615982441218294 -0.07196026453944482 
0.5 10.5 6 1 -0.1854843818571154 0.19984367410721 
0.5 5.5 9.5 1 -0.02668859359763247 0.3983372478111176 
10.5 5.5 9.5 1 -0.5452207699030615 0.5252036326533173 
0.5 6.5 -0.5 1 -0.03315810960928309 -0.08833960532246035 
0.5 8.5 -0.5 1 -0.1006930536582168 -0.07972720494202228 
0.5 8.5 4.5 1 -0.1177005802071195 0.138034104043468 
0.5 6.5 4.5 1 -0.0486031682765565 0.1413947773723679 
0.5 2.5 2 1 0.1214294587344383 0.01767827052846102 
0.5 4.5 2 1 0.03558743354106826 0.02124774072627581 
0.5 4.5 4.5 1 0.02876359711478539 0.145157645151775 
0.5 2.5 4.5 1 0.1159786721126547 0.1493995026719653 
