0.2923382465549929 -0.3439490191709612 0.2555628036939584 -0.001336622091240161 
0.4753698696190072 -0.5763614882755825 0.3847104537137536 0.1310539372230503 
-0.5640433779243044 -0.5971217538663227 -0.5585152915287506 0.03856878874229347 
-0.2223188313627984 -0.3677410385846204 -0.2344396529644541 -0.04283054379909652 
0.2923382465549929 -0.3439490191709612 0.4753698696190072 -0.5763614882755825 
0.4753698696190072 -0.5763614882755825 -0.5640433779243044 -0.5971217538663227 
-0.5640433779243044 -0.5971217538663227 -0.2223188313627984 -0.3677410385846204 
-0.2223188313627984 -0.3677410385846204 0.2923382465549929 -0.3439490191709612 
0.2555628036939584 -0.001336622091240161 -0.008254463966546553 0.1447246168980057 
-0.008254463966546553 0.1447246168980057 -0.2344396529644541 -0.04283054379909652 
0.3847104537137536 0.1310539372230503 -0.1301619565762585 0.3962205673873279 
-0.1301619565762585 0.3962205673873279 -0.5585152915287506 0.03856878874229347 
-0.008254463966546553 0.1447246168980057 -0.1301619565762585 0.3962205673873279 
0.2555628036939584 -0.001336622091240161 0.3847104537137536 0.1310539372230503 
-0.2344396529644541 -0.04283054379909652 -0.5585152915287506 0.03856878874229347 
-0.02369193398455445 -0.358558739921562 -0.1241555066247769 -0.3632030581932394 
-0.1241555066247769 -0.3632030581932394 -0.1370738040749223 -0.1080423239010209 
-0.1370738040749223 -0.1080423239010209 -0.04026873499623482 -0.1006753306742865 
-0.04026873499623482 -0.1006753306742865 -0.02369193398455445 -0.358558739921562 
0.1720416662845144 -0.2147834930132101 0.06876846649058657 -0.2211261782659295 
0.06876846649058657 -0.2211261782659295 0.05875047984902773 -0.09313983803919884 
0.05875047984902773 -0.09313983803919884 0.1600606828453021 -0.0854299981891186 
0.1600606828453021 -0.0854299981891186 0.1720416662845144 -0.2147834930132101 
