0.3353032146391356 -0.6086475881165916 0.3371321981438755 -0.126846657179724 
-0.3788347325741151 -0.545033581426791 -0.3283760581945805 -0.09027236568813286 
-0.197950872817222 -0.3909164358579271 -0.1747330845348894 -0.1203339408270085 
0.2215068958463609 -0.423026738177514 0.2274676064724465 -0.1430763518560266 
0.3353032146391356 -0.6086475881165916 -0.3788347325741151 -0.545033581426791 
-0.3788347325741151 -0.545033581426791 -0.197950872817222 -0.3909164358579271 
-0.197950872817222 -0.3909164358579271 0.2215068958463609 -0.423026738177514 
0.2215068958463609 -0.423026738177514 0.3353032146391356 -0.6086475881165916 
0.3371321981438755 -0.126846657179724 0.2710747211497807 0.03840737689549983 
0.2710747211497807 0.03840737689549983 0.2274676064724465 -0.1430763518560266 
-0.3283760581945805 -0.09027236568813286 -0.2168269936720486 0.0596120041680384 
-0.2168269936720486 0.0596120041680384 -0.1747330845348894 -0.1203339408270085 
0.2710747211497807 0.03840737689549983 -0.2168269936720486 0.0596120041680384 
0.3371321981438755 -0.126846657179724 -0.3283760581945805 -0.09027236568813286 
0.2274676064724465 -0.1430763518560266 -0.1747330845348894 -0.1203339408270085 
0.2532205886431886 -0.4747570812510348 0.2359078993594788 -0.4465171862028883 
0.2359078993594788 -0.4465171862028883 0.2404276203655776 -0.2089279019537244 
0.2404276203655776 -0.2089279019537244 0.2574920196494729 -0.2129816226400311 
0.2574920196494729 -0.2129816226400311 0.2532205886431886 -0.4747570812510348 
0.3025191754205458 -0.3842141449160529 0.2763693034007045 -0.3603535491179726 
0.2763693034007045 -0.3603535491179726 0.278225922784554 -0.2179070495858177 
0.278225922784554 -0.2179070495858177 0.3039555514025907 -0.2240192323849132 
0.3039555514025907 -0.2240192323849132 0.3025191754205458 -0.3842141449160529 
