0 0 0 1 -0.5997764954671121 -0.4840369222385629 
0 0 6.5 1 -0.5603131937266963 -0.07089156027013636 
10 0 0 1 -0.1194788594463579 -0.388863238194889 
10 0 6.5 1 -0.1172240864249317 -0.1058993254379616 
10 10 0 1 0.2865598189509702 -0.4559655835097279 
10 10 6.5 1 0.2605081877221546 -0.06505327963019178 
0 10 0 1 -0.2077117970509761 -0.6724002126107176 
0 10 6.5 1 -0.1916761276385071 0.02049519316110857 
0 5 10 1 -0.4032718240631114 0.2045682026746684 
10 5 10 1 0.03875976646844871 0.07216412234769437 
0 6 0 1 -0.4164512704899611 -0.5721135655181366 
0 8 0 1 -0.3250262867248463 -0.6160377209796911 
0 8 5 1 -0.3037028741814731 -0.1345870010004569 
0 6 5 1 -0.3902513486709021 -0.1430779840859309 
0 2 2.5 1 -0.5340636336862747 -0.3260907810132674 
0 4 2.5 1 -0.4747294725490918 -0.3364463597290976 
0 4 5 1 -0.4608015288252393 -0.149999427703528 
0 2 5 1 -0.5194139941251747 -0.1557497018059383 
0.5 0.5 -0.5 1 -0.5561239930196347 -0.5170436692951216 
0.5 0.5 6 1 -0.5198361729286797 -0.1000620720276648 
10.5 0.5 -0.5 1 -0.08867589509785039 -0.4110626206563561 
10.5 0.5 6 1 -0.08803915544085075 -0.1262905873895997 
10.5 10.5 -0.5 1 0.3308455284933593 -0.4871331846947076 
10.5 10.5 6 1 0.3015269028953497 -0.09277380543434439 
0.5 10.5 -0.5 1 -0.1306174223776749 -0.7300445371874106 
0.5 10.5 6 1 -0.1239754589706192 -0.02641521277110592 
0.5 5.5 9.5 1 -0.3549684922765999 0.1712414035095057 
10.5 5.5 9.5 1 0.0717798010725554 0.04981724053635841 
0.5 6.5 -0.5 1 -0.3574248640299685 -0.6165088476127869 
0.5 8.5 -0.5 1 -0.2581602467924417 -0.6661989137160907 
0.5 8.5 4.5 1 -0.2425012244163874 -0.1781111687514813 
0.5 6.5 4.5 1 -0.3356820291096095 -0.1821873149432241 
0.5 2.5 2 1 -0.4877882416382142 -0.3603133227367571 
0.5 4.5 2 1 -0.423763733402917 -0.3740017786687054 
0.5 4.5 4.5 1 -0.4115712337449848 -0.1855070490181474 
0.5 2.5 4.5 1 -0.4745733763120163 -0.1882630452165246 
