0.2680682235305828 -0.180487073030891 0.2486474033478026 0.1722574281939699 
-0.009658678900970667 -0.4679488148985884 -0.06780683008725383 0.1825025115110888 
-0.5685645610836411 -0.3195208937858799 -0.6335729562333163 0.1077819215592598 
-0.1509642349251256 -0.1475162989928591 -0.1790336225590946 0.1274053978606954 
0.2680682235305828 -0.180487073030891 -0.009658678900970667 -0.4679488148985884 
-0.009658678900970667 -0.4679488148985884 -0.5685645610836411 -0.3195208937858799 
-0.5685645610836411 -0.3195208937858799 -0.1509642349251256 -0.1475162989928591 
-0.1509642349251256 -0.1475162989928591 0.2680682235305828 -0.180487073030891 
0.2486474033478026 0.1722574281939699 -0.006398010378542895 0.3225028602801386 
-0.006398010378542895 0.3225028602801386 -0.1790336225590946 0.1274053978606954 
-0.06780683008725383 0.1825025115110888 -0.4503253811149241 0.441174692857337 
-0.4503253811149241 0.441174692857337 -0.6335729562333163 0.1077819215592598 
-0.006398010378542895 0.3225028602801386 -0.4503253811149241 0.441174692857337 
0.2486474033478026 0.1722574281939699 -0.06780683008725383 0.1825025115110888 
-0.1790336225590946 0.1274053978606954 -0.6335729562333163 0.1077819215592598 
-0.007224390977213202 -0.1588261959219284 -0.08235180542639585 -0.1529149378418401 
-0.08235180542639585 -0.1529149378418401 -0.1030861428665138 0.06668038730770794 
-0.1030861428665138 0.06668038730770794 -0.02701671856591422 0.07131208773952723 
-0.02701671856591422 0.07131208773952723 -0.007224390977213202 -0.1588261959219284 
0.1583352968016386 -0.04702316522755783 0.06624249217591116 -0.0460827443571902 
0.06624249217591116 -0.0460827443571902 0.05684289157549925 0.07641811550397191 
0.05684289157549925 0.07641811550397191 0.1497539461161482 0.08207526586883042 
0.1497539461161482 0.08207526586883042 0.1583352968016386 -0.04702316522755783 
