-0.4715253308776963 -0.352097318447511 -0.4590477982708278 0.2829721704575311 
-0.2529193948104001 -0.1188524410294279 -0.2377142505654061 0.2044073114733311 
0.232086870547711 -0.152803635574712 0.2668037932747476 0.1640108361900469 
0.4652643734254998 -0.4104982696092775 0.5533804762006971 0.200008463123003 
-0.4715253308776963 -0.352097318447511 -0.2529193948104001 -0.1188524410294279 
-0.2529193948104001 -0.1188524410294279 0.232086870547711 -0.152803635574712 
0.232086870547711 -0.152803635574712 0.4652643734254998 -0.4104982696092775 
0.4652643734254998 -0.4104982696092775 -0.4715253308776963 -0.352097318447511 
-0.4590477982708278 0.2829721704575311 0.08658040759274002 0.6205506476008353 
0.08658040759274002 0.6205506476008353 0.5533804762006971 0.200008463123003 
-0.2377142505654061 0.2044073114733311 0.03093154130562188 0.3674867546793816 
0.03093154130562188 0.3674867546793816 0.2668037932747476 0.1640108361900469 
0.08658040759274002 0.6205506476008353 0.03093154130562188 0.3674867546793816 
-0.4590477982708278 0.2829721704575311 -0.2377142505654061 0.2044073114733311 
0.5533804762006971 0.200008463123003 0.2668037932747476 0.1640108361900469 
0.09711535393558071 -0.3875472777177992 0.282258915097051 -0.3990894200189351 
0.282258915097051 -0.3990894200189351 0.3379206411984214 0.06544324035829527 
0.3379206411984214 0.06544324035829527 0.1416357424153646 0.08058346963080307 
0.1416357424153646 0.08058346963080307 0.09711535393558071 -0.3875472777177992 
-0.2693610236640532 -0.1335498245440201 -0.07415297143421544 -0.1471187494758808 
-0.07415297143421544 -0.1471187494758808 -0.05709988873401676 0.09591273356742293 
-0.05709988873401676 0.09591273356742293 -0.2583324388347971 0.1114345947218288 
-0.2583324388347971 0.1114345947218288 -0.2693610236640532 -0.1335498245440201 
