0 0 0 1 0.05243769144148722 -0.3224406026886662 
0 0 6.5 1 0.07515735296897101 -0.05715777869182239 
10 0 0 1 0.4948104362183038 -0.4495612720788573 
10 0 6.5 1 0.5131857337250663 -0.08699210521121002 
10 10 0 1 0.2328176112098295 -0.6612196171161718 
10 10 6.5 1 0.2763317193920033 -0.03736986924909377 
0 10 0 1 -0.3061769487659636 -0.3956546856568907 
0 10 6.5 1 -0.2629813059290635 -0.01317188884647925 
0 5 10 1 -0.04805666318537664 0.1233682138800232 
10 5 10 1 0.4387361431069565 0.1652615639871159 
0 6 0 1 -0.1301033584429912 -0.3597078362952415 
0 8 0 1 -0.210917699165986 -0.3762067384128265 
0 8 5 1 -0.1821586360472303 -0.1041648629673712 
0 6 5 1 -0.1050608636431651 -0.108211264902084 
0 2 2.5 1 0.009484205710971277 -0.2230431903602927 
0 4 2.5 1 -0.04955505871405468 -0.2275433669786109 
0 4 5 1 -0.03863251218724827 -0.1116976926089997 
0 2 5 1 0.0191978689076097 -0.1147328641664995 
0.5 0.5 -0.5 1 0.05454639820667147 -0.3513479104155351 
0.5 0.5 6 1 0.07791818531269744 -0.07731049799883571 
10.5 0.5 -0.5 1 0.5168447478543153 -0.494926481749943 
10.5 0.5 6 1 0.5353492516303712 -0.1158164726947414 
10.5 10.5 -0.5 1 0.2519140007891004 -0.7584511073148539 
10.5 10.5 6 1 0.2976426710425038 -0.08399946226985704 
0.5 10.5 -0.5 1 -0.3195788615160791 -0.4414414023733036 
0.5 10.5 6 1 -0.2740429671296758 -0.04049195385205832 
0.5 5.5 9.5 1 -0.04924808318822659 0.1062875433660846 
10.5 5.5 9.5 1 0.4624620489091638 0.1425357237232907 
0.5 6.5 -0.5 1 -0.1345706707790885 -0.3968893880114924 
0.5 8.5 -0.5 1 -0.2191665714535154 -0.4172610146231777 
0.5 8.5 4.5 1 -0.189043029448798 -0.1331244604661617 
0.5 6.5 4.5 1 -0.1084867695282234 -0.1350899661261145 
0.5 2.5 2 1 0.01029106709313289 -0.2503453875020464 
0.5 4.5 2 1 -0.05079067943887033 -0.2569800196879139 
0.5 4.5 4.5 1 -0.03947149791865338 -0.1367738812818768 
0.5 2.5 4.5 1 0.0203171503636348 -0.1382326745117962 
