-0.2265942438393072 -0.01340530531730522 -0.2505579528901075 0.253517737905081 
0.1664379400702547 0.01114771364669651 0.1610853927138722 0.2713690156958911 
0.320465303512694 -0.08767865217319196 0.3232371277088639 0.3377949688945536 
-0.3192901129421586 -0.1327920437586305 -0.3673649759870251 0.3108901504727718 
-0.2265942438393072 -0.01340530531730522 0.1664379400702547 0.01114771364669651 
0.1664379400702547 0.01114771364669651 0.320465303512694 -0.08767865217319196 
0.320465303512694 -0.08767865217319196 -0.3192901129421586 -0.1327920437586305 
-0.3192901129421586 -0.1327920437586305 -0.2265942438393072 -0.01340530531730522 
-0.2505579528901075 0.253517737905081 -0.3128393215705714 0.4711041203294072 
-0.3128393215705714 0.4711041203294072 -0.3673649759870251 0.3108901504727718 
0.1610853927138722 0.2713690156958911 0.2199981030266609 0.4858935944746628 
0.2199981030266609 0.4858935944746628 0.3232371277088639 0.3377949688945536 
-0.3128393215705714 0.4711041203294072 0.2199981030266609 0.4858935944746628 
-0.2505579528901075 0.253517737905081 0.1610853927138722 0.2713690156958911 
-0.3673649759870251 0.3108901504727718 0.3232371277088639 0.3377949688945536 
-0.2707864260289548 -0.07032219435766661 -0.2922621312011218 -0.09798161889348599 
-0.2922621312011218 -0.09798161889348599 -0.322767082210399 0.1985976955732561 
-0.322767082210399 0.1985976955732561 -0.2969953441573888 0.195661970876798 
-0.2969953441573888 0.195661970876798 -0.2707864260289548 -0.07032219435766661 
-0.2487835451606693 0.07900014826963497 -0.2645311684776742 0.07022269198541772 
-0.2645311684776742 0.07022269198541772 -0.2762294982976321 0.1932964801827696 
-0.2762294982976321 0.1932964801827696 -0.2591401421601134 0.1913497878504058 
-0.2591401421601134 0.1913497878504058 -0.2487835451606693 0.07900014826963497 
