-0.5997764954671121 -0.4840369222385629 -0.5603131937266963 -0.07089156027013636 
-0.1194788594463579 -0.388863238194889 -0.1172240864249317 -0.1058993254379616 
0.2865598189509702 -0.4559655835097279 0.2605081877221546 -0.06505327963019178 
-0.2077117970509761 -0.6724002126107176 -0.1916761276385071 0.02049519316110857 
-0.5997764954671121 -0.4840369222385629 -0.1194788594463579 -0.388863238194889 
-0.1194788594463579 -0.388863238194889 0.2865598189509702 -0.4559655835097279 
0.2865598189509702 -0.4559655835097279 -0.2077117970509761 -0.6724002126107176 
-0.2077117970509761 -0.6724002126107176 -0.5997764954671121 -0.4840369222385629 
-0.5603131937266963 -0.07089156027013636 -0.4032718240631114 0.2045682026746684 
-0.4032718240631114 0.2045682026746684 -0.1916761276385071 0.02049519316110857 
-0.1172240864249317 -0.1058993254379616 0.03875976646844871 0.07216412234769437 
0.03875976646844871 0.07216412234769437 0.2605081877221546 -0.06505327963019178 
-0.4032718240631114 0.2045682026746684 0.03875976646844871 0.07216412234769437 
-0.5603131937266963 -0.07089156027013636 -0.1172240864249317 -0.1058993254379616 
-0.1916761276385071 0.02049519316110857 0.2605081877221546 -0.06505327963019178 
-0.4164512704899611 -0.5721135655181366 -0.3250262867248463 -0.6160377209796911 
-0.3250262867248463 -0.6160377209796911 -0.3037028741814731 -0.1345870010004569 
-0.3037028741814731 -0.1345870010004569 -0.3902513486709021 -0.1430779840859309 
-0.3902513486709021 -0.1430779840859309 -0.4164512704899611 -0.5721135655181366 
-0.5340636336862747 -0.3260907810132674 -0.4747294725490918 -0.3364463597290976 
-0.4747294725490918 -0.3364463597290976 -0.4608015288252393 -0.149999427703528 
-0.4608015288252393 -0.149999427703528 -0.5194139941251747 -0.1557497018059383 
-0.5194139941251747 -0.1557497018059383 -0.5340636336862747 -0.3260907810132674 
