-0.1012986660766428 -0.2612311747110826 -0.1310539385261747 0.4370020311388073 
-0.2480074188015464 -0.04503916881086928 -0.2729354008254893 0.3103506554016486 
0.201260828233917 0.002090984243362304 0.2071106083946076 0.3002644108954756 
0.6116092321758193 -0.1246467152040256 0.6641167893260739 0.3821358808865291 
-0.1012986660766428 -0.2612311747110826 -0.2480074188015464 -0.04503916881086928 
-0.2480074188015464 -0.04503916881086928 0.201260828233917 0.002090984243362304 
0.201260828233917 0.002090984243362304 0.6116092321758193 -0.1246467152040256 
0.6116092321758193 -0.1246467152040256 -0.1012986660766428 -0.2612311747110826 
-0.1310539385261747 0.4370020311388073 0.3513579186277047 0.7839616437708522 
0.3513579186277047 0.7839616437708522 0.6641167893260739 0.3821358808865291 
-0.2729354008254893 0.3103506554016486 -0.01485776830525931 0.4974288724480876 
-0.01485776830525931 0.4974288724480876 0.2071106083946076 0.3002644108954756 
0.3513579186277047 0.7839616437708522 -0.01485776830525931 0.4974288724480876 
-0.1310539385261747 0.4370020311388073 -0.2729354008254893 0.3103506554016486 
0.6641167893260739 0.3821358808865291 0.2071106083946076 0.3002644108954756 
0.3775590345424448 -0.1694878788657496 0.5011818427065708 -0.1458032563819315 
0.5011818427065708 -0.1458032563819315 0.5339641157116886 0.2564626386238417 
0.5339641157116886 0.2564626386238417 0.4016500532765868 0.256842811474242 
0.4016500532765868 0.256842811474242 0.3775590345424448 -0.1694878788657496 
0.07891160122851319 0.004039537791866845 0.2443014333936925 0.02040823265363419 
0.2443014333936925 0.02040823265363419 0.25094634318396 0.2572758225841526 
0.25094634318396 0.2572758225841526 0.07773284371433375 0.2577735101965593 
0.07773284371433375 0.2577735101965593 0.07891160122851319 0.004039537791866845 
