0 0 0 1 -0.2844539276231073 -0.3845205236192717 
0 0 6.5 1 -0.3001137734677024 0.2685034173819124 
10 0 0 1 -0.2485397617384879 -0.1028070027664985 
10 0 6.5 1 -0.2537821486776709 0.2324397566049666 
10 10 0 1 0.2211385009752206 -0.08980323146511202 
10 10 6.5 1 0.2441633813891846 0.2131386923367914 
0 10 0 1 0.5575463811620489 -0.3146624514574568 
0 10 6.5 1 0.6376011882662507 0.2258479001436081 
0 5 10 1 0.2431977137080176 0.6271420523409799 
10 5 10 1 0.01422581488366486 0.4106214089882493 
0 6 0 1 0.2566332792710754 -0.3396282489363969 
0 8 0 1 0.4122503984672624 -0.3267171943572056 
0 8 5 1 0.4620754133311845 0.09280996142440487 
0 6 5 1 0.2945196808324974 0.09497679043895564 
0 2 2.5 1 -0.0866946353254988 -0.1450632311445983 
0 4 2.5 1 0.100987276176418 -0.1380696118168502 
0 4 5 1 0.1134794351636249 0.09731800103955249 
0 2 5 1 -0.0827413764571155 0.09985552656337693 
0.5 0.5 -0.5 1 -0.2328479825565387 -0.3965378789849601 
0.5 0.5 6 1 -0.2409303264812735 0.2095579175164635 
10.5 0.5 -0.5 1 -0.2222324300277646 -0.118479394530908 
10.5 0.5 6 1 -0.2256272772714257 0.2040453118363847 
10.5 10.5 -0.5 1 0.231008521330153 -0.1044487265652291 
10.5 10.5 6 1 0.2538693967859286 0.1880676430493251 
0.5 10.5 -0.5 1 0.5571974723265817 -0.3284285344092741 
0.5 10.5 6 1 0.6326143361115391 0.1795818708939711 
0.5 5.5 9.5 1 0.2638256141145331 0.5462674967879408 
10.5 5.5 9.5 1 0.03265719565820344 0.3766295087684879 
0.5 6.5 -0.5 1 0.2729809443191716 -0.3529306707363865 
0.5 8.5 -0.5 1 0.4197013930858922 -0.3402819888920865 
0.5 8.5 4.5 1 0.4672333834781422 0.05377263818682013 
0.5 6.5 4.5 1 0.3099548554015603 0.05438986272977782 
0.5 2.5 2 1 -0.04708235970083841 -0.1720271730576228 
0.5 4.5 2 1 0.1279277863475044 -0.1644775343447082 
0.5 4.5 4.5 1 0.1408098457117371 0.05505365614504008 
0.5 2.5 4.5 1 -0.04159726274351092 0.05576949539865838 
