-0.6376281751046718 -0.5244368741246602 -0.584662588754061 -0.08626158875848637 
-0.1468944522424769 -0.415058296510232 -0.1377118603126948 -0.1252205056852549 
0.2780636237762223 -0.4945064911359001 0.2595789530310441 -0.1012133185567784 
-0.1736172806560851 -0.7487017752460147 -0.1484809074657165 -0.02057504115395951 
-0.6376281751046718 -0.5244368741246602 -0.1468944522424769 -0.415058296510232 
-0.1468944522424769 -0.415058296510232 0.2780636237762223 -0.4945064911359001 
0.2780636237762223 -0.4945064911359001 -0.1736172806560851 -0.7487017752460147 
-0.1736172806560851 -0.7487017752460147 -0.6376281751046718 -0.5244368741246602 
-0.584662588754061 -0.08626158875848637 -0.3944974692567047 0.1911583666736109 
-0.3944974692567047 0.1911583666736109 -0.1484809074657165 -0.02057504115395951 
-0.1377118603126948 -0.1252205056852549 0.03197246663370538 0.04817688558463924 
0.03197246663370538 0.04817688558463924 0.2595789530310441 -0.1012133185567784 
-0.3944974692567047 0.1911583666736109 0.03197246663370538 0.04817688558463924 
-0.584662588754061 -0.08626158875848637 -0.1377118603126948 -0.1252205056852549 
-0.1484809074657165 -0.02057504115395951 0.2595789530310441 -0.1012133185567784 
-0.4190119286037038 -0.6300980805567294 -0.3110747099040681 -0.6822661006799509 
-0.3110747099040681 -0.6822661006799509 -0.280907459602652 -0.1742752879782961 
-0.280907459602652 -0.1742752879782961 -0.3830271547795272 -0.1764611853025091 
-0.3830271547795272 -0.1764611853025091 -0.4190119286037038 -0.6300980805567294 
-0.5564953637234243 -0.3600112803637209 -0.485658868291674 -0.3752618719263327 
-0.485658868291674 -0.3752618719263327 -0.4668108415883449 -0.1782545958340515 
-0.4668108415883449 -0.1782545958340515 -0.5367901421868666 -0.1797525200656472 
-0.5367901421868666 -0.1797525200656472 -0.5564953637234243 -0.3600112803637209 
