0 0 0 1 -0.006355870233303274 -0.0989674583402456 
0 0 6.5 1 0.01786952192768044 0.15272015507442 
10 0 0 1 0.4053160428734076 -0.1735928271427578 
10 0 6.5 1 0.4424321461276473 0.133839504999299 
10 10 0 1 0.3094682607515895 -0.3012503963002723 
10 10 6.5 1 0.3708098035465748 0.2275860368134959 
0 10 0 1 -0.2876526561045356 -0.1529790231303668 
0 10 6.5 1 -0.2569661321110183 0.2299501082322466 
0 5 10 1 -0.07582290246016558 0.3513369817114446 
10 5 10 1 0.4420233223422832 0.3849359718094642 
0 6 0 1 -0.1463167006117172 -0.1258412224134809 
0 8 0 1 -0.2103886318497012 -0.1381436213000174 
0 8 5 1 -0.1879343025653227 0.1273590991389212 
0 6 5 1 -0.1249002355242416 0.116848899001847 
0 2 2.5 1 -0.03653266599523459 -0.003688749958740757 
0 4 2.5 1 -0.08218356963301092 -0.00445280730878273 
0 4 5 1 -0.0719111747191149 0.108013587236631 
0 2 5 1 -0.02674318754407069 0.1004823488558182 
0.5 0.5 -0.5 1 -0.0004983497093598276 -0.1234958673588354 
0.5 0.5 6 1 0.0244453254472967 0.1343713340910966 
10.5 0.5 -0.5 1 0.4254968540429248 -0.2061110311013456 
10.5 0.5 6 1 0.4641788672483664 0.1105891466319863 
10.5 10.5 -0.5 1 0.3395004779900964 -0.3652063481889757 
10.5 10.5 6 1 0.4053260687348216 0.1916617807370899 
0.5 10.5 -0.5 1 -0.2897289200376077 -0.1927549402366924 
0.5 10.5 6 1 -0.2578552514586027 0.2046658431954466 
0.5 5.5 9.5 1 -0.07074550159466941 0.3351639763158817 
10.5 5.5 9.5 1 0.4701856848541286 0.3652549627301604 
0.5 6.5 -0.5 1 -0.1434463969919893 -0.1577261674728896 
0.5 8.5 -0.5 1 -0.209518119871866 -0.1735476840743663 
0.5 8.5 4.5 1 -0.1862389574983636 0.1009748526182071 
0.5 6.5 4.5 1 -0.1212837734034346 0.09247844847539739 
0.5 2.5 2 1 -0.03103403750839082 -0.02757608637479815 
0.5 4.5 2 1 -0.07760532115959319 -0.03031076582010857 
0.5 4.5 4.5 1 -0.06699217497499324 0.08537688501692077 
0.5 2.5 4.5 1 -0.02093742405535643 0.07935273495158025 
