0 0 0 1 -0.3259534061027264 -0.2201458788958349 
0 0 6.5 1 -0.3581266281415256 0.06423657257985604 
10 0 0 1 0.07503694506793993 -0.1516994189827318 
10 0 6.5 1 0.0513016353078997 0.09720241144923093 
10 10 0 1 0.3166505966002256 -0.242703308540223 
10 10 6.5 1 0.2833507836224072 0.1481815805935878 
0 10 0 1 -0.3081955888895571 -0.3818967059924013 
0 10 6.5 1 -0.3632053656183001 0.104238194125415 
0 5 10 1 -0.3823867867453548 0.2768626265811233 
10 5 10 1 0.1260822955242261 0.284115136662095 
0 6 0 1 -0.3176463026322175 -0.2958128846433136 
0 8 0 1 -0.3135059740448968 -0.3335259416824433 
0 8 5 1 -0.3504018900970111 -0.007447071121439941 
0 6 5 1 -0.3504784729139657 -0.005634359868001692 
0 2 2.5 1 -0.3370675581401799 -0.1225216540241576 
0 4 2.5 1 -0.3356683126786543 -0.1356273849547575 
0 4 5 1 -0.3505396827921395 -0.004185525267769588 
0 2 5 1 -0.3505897263753229 -0.003000996283249091 
0.5 0.5 -0.5 1 -0.2997192613960846 -0.2428620570341624 
0.5 0.5 6 1 -0.3319769310987098 0.04489457799887184 
10.5 0.5 -0.5 1 0.1023756455090797 -0.1707624554579823 
10.5 0.5 6 1 0.07867345136572956 0.0807211828757769 
10.5 10.5 -0.5 1 0.3639866667341618 -0.2743555605188525 
10.5 10.5 6 1 0.3309165663736625 0.1229338888952954 
0.5 10.5 -0.5 1 -0.2626328049076158 -0.4245528375317882 
0.5 10.5 6 1 -0.3178780407050795 0.07152169884042872 
0.5 5.5 9.5 1 -0.3493028596794933 0.2555995068216373 
10.5 5.5 9.5 1 0.1609450166670627 0.2663369409468464 
0.5 6.5 -0.5 1 -0.2824534761863687 -0.3274491081489819 
0.5 8.5 -0.5 1 -0.2737935641171564 -0.3698750051441619 
0.5 8.5 4.5 1 -0.3108267204367353 -0.03799932008358847 
0.5 6.5 4.5 1 -0.315395792673997 -0.03268822106136901 
0.5 2.5 2 1 -0.3084372982195601 -0.1460854968826325 
0.5 4.5 2 1 -0.3041154388080365 -0.1617802422431532 
0.5 4.5 4.5 1 -0.3190335196066622 -0.02845971974821021 
0.5 2.5 4.5 1 -0.3219983266650418 -0.02501342188922395 
