0 0 0 1 -0.1532312599630438 -0.02573058908922261 
0 0 6.5 1 -0.160887947979363 0.2296945090376853 
10 0 0 1 0.2365335609064752 -0.03458785838902257 
10 0 6.5 1 0.2496496288151885 0.2302205823653194 
10 10 0 1 0.32500095432299 -0.1846337315109906 
10 10 6.5 1 0.3552573921637831 0.2493098443600386 
0 10 0 1 -0.3024339368527985 -0.1620217318297096 
0 10 6.5 1 -0.3278519331225175 0.2472731572309147 
0 5 10 1 -0.2318096201122884 0.4231929821531555 
10 5 10 1 0.3001020406139424 0.4336240576915711 
0 6 0 1 -0.225496744529895 -0.09174244408823627 
0 8 0 1 -0.2598623015118987 -0.1231341129887305 
0 8 5 1 -0.2744288827963415 0.1530097429237134 
0 6 5 1 -0.2368141502774273 0.1580331985263795 
0 2 2.5 1 -0.1769397983685995 0.05847917191037508 
0 4 2.5 1 -0.2015453711206005 0.04552229580514214 
0 4 5 1 -0.2061223913234184 0.1621320895232959 
0 2 5 1 -0.1806034121313476 0.1655401546725633 
0.5 0.5 -0.5 1 -0.1382945220816081 -0.04949683624764387 
0.5 0.5 6 1 -0.1452964993218913 0.2092238273381384 
10.5 0.5 -0.5 1 0.2588733940399743 -0.0593955491182754 
10.5 0.5 6 1 0.2734624725290188 0.2089546171911018 
10.5 10.5 -0.5 1 0.3644500763898403 -0.2299431536849313 
10.5 10.5 6 1 0.3993858580224512 0.213499878954945 
0.5 10.5 -0.5 1 -0.282412952487403 -0.2040867079322124 
0.5 10.5 6 1 -0.3068182537034882 0.2136619983860562 
0.5 5.5 9.5 1 -0.2132355594330453 0.4011268662400387 
10.5 5.5 9.5 1 0.3325649169409179 0.410673218862409 
0.5 6.5 -0.5 1 -0.207731818030303 -0.1239793478917655 
0.5 8.5 -0.5 1 -0.240992742770039 -0.1596569643711297 
0.5 8.5 4.5 1 -0.2548235412223023 0.1214518187475069 
0.5 6.5 4.5 1 -0.2183729952511108 0.1298636116605052 
0.5 2.5 2 1 -0.1608720328251192 0.03378352177563148 
0.5 4.5 2 1 -0.1845061516676964 0.01829585591719676 
0.5 4.5 4.5 1 -0.1887715402096734 0.1366948209907797 
0.5 2.5 4.5 1 -0.1642545388943643 0.1423526769272883 
