-0.2173039549783689 -0.01117006396373229 -0.2395019763465994 0.2543692444601661 
0.1752562727148871 0.009744682978989746 0.1721202782071297 0.2707000335689205 
0.321700658932822 -0.09518972993500396 0.3280423496310285 0.3318753160459875 
-0.3172454129394712 -0.13301350196703 -0.3630024534210722 0.3064545405006209 
-0.2173039549783689 -0.01117006396373229 0.1752562727148871 0.009744682978989746 
0.1752562727148871 0.009744682978989746 0.321700658932822 -0.09518972993500396 
0.321700658932822 -0.09518972993500396 -0.3172454129394712 -0.13301350196703 
-0.3172454129394712 -0.13301350196703 -0.2173039549783689 -0.01117006396373229 
-0.2395019763465994 0.2543692444601661 -0.3032101346126015 0.4692091148340949 
-0.3032101346126015 0.4692091148340949 -0.3630024534210722 0.3064545405006209 
0.1721202782071297 0.2707000335689205 0.2301955459166693 0.4844771868166984 
0.2301955459166693 0.4844771868166984 0.3280423496310285 0.3318753160459875 
-0.3032101346126015 0.4692091148340949 0.2301955459166693 0.4844771868166984 
-0.2395019763465994 0.2543692444601661 0.1721202782071297 0.2707000335689205 
-0.3630024534210722 0.3064545405006209 0.3280423496310285 0.3318753160459875 
-0.2650443555679965 -0.06937268235818113 -0.2881824923179476 -0.09758149767986427 
-0.2881824923179476 -0.09758149767986427 -0.3170111822830001 0.1964221521834807 
-0.3170111822830001 0.1964221521834807 -0.2896668661886666 0.1945775769608487 
-0.2896668661886666 0.1945775769608487 -0.2650443555679965 -0.06937268235818113 
-0.2397887560884647 0.08013750044564194 -0.25666508344109 0.07078050379868987 
-0.25666508344109 0.07078050379868987 -0.2676035099370018 0.1930892413180948 
-0.2676035099370018 0.1930892413180948 -0.2494259796318818 0.1918630332135003 
-0.2494259796318818 0.1918630332135003 -0.2397887560884647 0.08013750044564194 
