0 0 0 1 -0.4615818665592685 -0.3590087217223986 
0 0 6.5 1 -0.4512478597153941 0.2769483519152975 
10 0 0 1 -0.2528644964308478 -0.1194842729075325 
10 0 6.5 1 -0.2387580790710545 0.2043161862811633 
10 10 0 1 0.2314726347320865 -0.1509383603856829 
10 10 6.5 1 0.2657648385052807 0.1647921346888029 
0 10 0 1 0.4714096157071678 -0.4099466209367674 
0 10 6.5 1 0.55967635267217 0.1954383367457777 
0 5 10 1 0.09608348315909472 0.615546790997137 
10 5 10 1 0.03018453990256665 0.3680844240918018 
0 6 0 1 0.1068860260394405 -0.3900449752897474 
0 8 0 1 0.2905488749204546 -0.400072290504886 
0 8 5 1 0.3461438502665319 0.06112126960082856 
0 6 5 1 0.1511073280557236 0.07559741306039873 
0 2 2.5 1 -0.2592660748433389 -0.1396480855732855 
0 4 2.5 1 -0.06391919832376095 -0.1521686894254121 
0 4 5 1 -0.04717234097781824 0.09031427173645327 
0 2 5 1 -0.2487767275816943 0.105277900032706 
0.5 0.5 -0.5 1 -0.3970836291379981 -0.3820519870243703 
0.5 0.5 6 1 -0.3820085226466358 0.215812286485526 
10.5 0.5 -0.5 1 -0.2246362958870083 -0.1382756145873079 
10.5 0.5 6 1 -0.2097535359899388 0.1753851019867069 
10.5 10.5 -0.5 1 0.2459880229071187 -0.1685096948766121 
10.5 10.5 6 1 0.279906253004335 0.1375646281420961 
0.5 10.5 -0.5 1 0.4863085151973133 -0.4295750610477638 
0.5 10.5 6 1 0.5709316904595161 0.1411487604987167 
0.5 5.5 9.5 1 0.1351200236111469 0.5331528675052214 
10.5 5.5 9.5 1 0.05168528167297995 0.3340057716784782 
0.5 6.5 -0.5 1 0.1407414724140277 -0.4109848932954889 
0.5 8.5 -0.5 1 0.3147854129326717 -0.4203477828362535 
0.5 8.5 4.5 1 0.3688368518477481 0.01466424709418397 
0.5 6.5 4.5 1 0.1846133393598412 0.02798877243268967 
0.5 2.5 2 1 -0.2041992660053355 -0.1749932270240878 
0.5 4.5 2 1 -0.01968916088152229 -0.1865767178016511 
0.5 4.5 4.5 1 -0.002505148244275621 0.04152268564340214 
0.5 2.5 4.5 1 -0.1925873908901428 0.05527096144343667 
