-0.5499184362125586 -0.4525482137787944 -0.5283118956999028 -0.06715896376049409 
-0.08325183327615839 -0.3626852542033365 -0.08982200537276888 -0.08750232628331771 
0.2971399422550331 -0.4222726463759572 0.2625205703045841 -0.03255170490075467 
-0.2442325766231535 -0.6199249463867195 -0.2417217894455504 0.03552696560061899 
-0.5499184362125586 -0.4525482137787944 -0.08325183327615839 -0.3626852542033365 
-0.08325183327615839 -0.3626852542033365 0.2971399422550331 -0.4222726463759572 
0.2971399422550331 -0.4222726463759572 -0.2442325766231535 -0.6199249463867195 
-0.2442325766231535 -0.6199249463867195 -0.5499184362125586 -0.4525482137787944 
-0.5283118956999028 -0.06715896376049409 -0.4118967739188057 0.2013301999453385 
-0.4118967739188057 0.2013301999453385 -0.2417217894455504 0.03552696560061899 
-0.08982200537276888 -0.08750232628331771 0.04879517496358263 0.09464113750309545 
0.04879517496358263 0.09464113750309545 0.2625205703045841 -0.03255170490075467 
-0.4118967739188057 0.2013301999453385 0.04879517496358263 0.09464113750309545 
-0.5283118956999028 -0.06715896376049409 -0.08982200537276888 -0.08750232628331771 
-0.2417217894455504 0.03552696560061899 0.2625205703045841 -0.03255170490075467 
-0.4081011301286345 -0.5301995560799021 -0.336645603282298 -0.5693246651915315 
-0.336645603282298 -0.5693246651915315 -0.327912223989387 -0.1171285080052839 
-0.327912223989387 -0.1171285080052839 -0.3954600942104073 -0.1284566879373572 
-0.3954600942104073 -0.1284566879373572 -0.4081011301286345 -0.5301995560799021 
-0.5030528809816093 -0.304699952678536 -0.4573113634473369 -0.3126321421139553 
-0.4573113634473369 -0.3126321421139553 -0.4500907313893533 -0.1376185709951346 
-0.4500907313893533 -0.1376185709951346 -0.4951860331842941 -0.1451813215474869 
-0.4951860331842941 -0.1451813215474869 -0.5030528809816093 -0.304699952678536 
