-0.3078603724262216 -0.1573019719884545 -0.3406490860653067 0.1215867364257278 
0.09002122621296078 -0.09858766467711497 0.06832139642014233 0.1511631716386537 
0.3138450265893403 -0.1831325511789475 0.2859791142013018 0.2128547184057958 
-0.3153910955924661 -0.29972926505943 -0.372077679902703 0.1748824989655362 
-0.3078603724262216 -0.1573019719884545 0.09002122621296078 -0.09858766467711497 
0.09002122621296078 -0.09858766467711497 0.3138450265893403 -0.1831325511789475 
0.3138450265893403 -0.1831325511789475 -0.3153910955924661 -0.29972926505943 
-0.3153910955924661 -0.29972926505943 -0.3078603724262216 -0.1573019719884545 
-0.3406490860653067 0.1215867364257278 -0.3755112954420854 0.3382851000668164 
-0.3755112954420854 0.3382851000668164 -0.372077679902703 0.1748824989655362 
0.06832139642014233 0.1511631716386537 0.1384130388486196 0.3458459948112636 
0.1384130388486196 0.3458459948112636 0.2859791142013018 0.2128547184057958 
-0.3755112954420854 0.3382851000668164 0.1384130388486196 0.3458459948112636 
-0.3406490860653067 0.1215867364257278 0.06832139642014233 0.1511631716386537 
-0.372077679902703 0.1748824989655362 0.2859791142013018 0.2128547184057958 
-0.3113958559134636 -0.2241679729911351 -0.3131496737432202 -0.2573376328654353 
-0.3131496737432202 -0.2573376328654353 -0.350929511919454 0.06046753440622223 
-0.350929511919454 0.06046753440622223 -0.3449392607544309 0.0590388559370425 
-0.3449392607544309 0.0590388559370425 -0.3113958559134636 -0.2241679729911351 
-0.3224070521766574 -0.06034563850006205 -0.3249210237693626 -0.07103859023801816 
-0.3249210237693626 -0.07103859023801816 -0.3401472297694607 0.0578959536941709 
-0.3401472297694607 0.0578959536941709 -0.3362265895016453 0.05696087865612687 
-0.3362265895016453 0.05696087865612687 -0.3224070521766574 -0.06034563850006205 
