0 0 0 1 -0.1403229549756164 -0.02996366046506301 
0 0 6.5 1 -0.1446765073225704 0.2238902623475714 
10 0 0 1 0.2494458796506115 -0.04578260563322671 
10 0 6.5 1 0.2659546771227535 0.2203650718409579 
10 10 0 1 0.3247778300661293 -0.2022172533532389 
10 10 6.5 1 0.3596689611401073 0.2345617623275761 
0 10 0 1 -0.300267530543338 -0.1654322019994881 
0 10 6.5 1 -0.3208866763458672 0.2391933818033475 
0 5 10 1 -0.2169998898550751 0.4147753442956993 
10 5 10 1 0.3142857637792646 0.4230832995831656 
0 6 0 1 -0.2179849588746254 -0.09574118598286359 
0 8 0 1 -0.2547889411053346 -0.1269131202466927 
0 8 5 1 -0.2660434575310057 0.1465682161068283 
0 6 5 1 -0.2262396337186013 0.1519170545341737 
0 2 2.5 1 -0.164270256055996 0.05361833237996534 
0 4 2.5 1 -0.1905697090941484 0.04059089202157606 
0 4 5 1 -0.1936873991647721 0.1562914242906597 
0 2 5 1 -0.1665705205478156 0.1599353908366787 
0.5 0.5 -0.5 1 -0.1262195220059627 -0.05396229883105016 
0.5 0.5 6 1 -0.1299141020945221 0.2032870538941114 
10.5 0.5 -0.5 1 0.2713826569714672 -0.07127140958790537 
10.5 0.5 6 1 0.2894197529388376 0.1986060065469234 
10.5 10.5 -0.5 1 0.363384362757421 -0.2491615251226569 
10.5 10.5 6 1 0.4030899809854424 0.1976490516523109 
0.5 10.5 -0.5 1 -0.2820940559988708 -0.2077555908779533 
0.5 10.5 6 1 -0.3017612166516755 0.2054914006418821 
0.5 5.5 9.5 1 -0.199623869493949 0.3926562062398471 
10.5 5.5 9.5 1 0.346331772439466 0.3996407251968558 
0.5 6.5 -0.5 1 -0.2015037361449658 -0.1282413156467673 
0.5 8.5 -0.5 1 -0.2374448367397525 -0.1637025294747595 
0.5 8.5 4.5 1 -0.2479900798603724 0.1148614132902823 
0.5 6.5 4.5 1 -0.2090957890734811 0.1235898627053195 
0.5 2.5 2 1 -0.1491540383723963 0.02872019999289562 
0.5 4.5 2 1 -0.1746312447853818 0.01315611545413524 
0.5 4.5 4.5 1 -0.177439580836101 0.1306939802166994 
0.5 2.5 4.5 1 -0.1511729818651604 0.1365885903454485 
