0 0 0 1 0.2781577186935593 -0.2871930352136549 
0 0 6.5 1 0.3197727782993082 0.1137303719707101 
10 0 0 1 -0.3757403230561313 -0.26868124098678 
10 0 6.5 1 -0.3305229994179358 0.2022031010343949 
10 10 0 1 -0.3209524906018132 -0.1425871404815987 
10 10 6.5 1 -0.2943197996280023 0.1333095236046823 
0 10 0 1 0.08237782826971579 -0.1657786958413723 
0 10 6.5 1 0.1077416792536356 0.08452662722598255 
0 5 10 1 0.20623440286155 0.2626270970418659 
10 5 10 1 -0.2895176145543125 0.3472773426058715 
0 6 0 1 0.1399300452061375 -0.2014701265783002 
0 8 0 1 0.1088176255544068 -0.1821755306414538 
0 8 5 1 0.1299669355310028 0.0258552799841394 
0 6 5 1 0.1630365999375228 0.02494055434995969 
0 2 2.5 1 0.2363433911538164 -0.1152060240124486 
0 4 2.5 1 0.1897861601645972 -0.1005109290900341 
0 4 5 1 0.2025358978553533 0.0238479814138274 
0 2 5 1 0.2505418883055223 0.02252010854765165 
0.5 0.5 -0.5 1 0.232483622348213 -0.3069236256048503 
0.5 0.5 6 1 0.2729450202971819 0.0848374035610249 
10.5 0.5 -0.5 1 -0.4119100486285473 -0.2922278878063727 
10.5 0.5 6 1 -0.3680857761867417 0.1660677846780047 
10.5 10.5 -0.5 1 -0.3432502753234576 -0.1585140513649691 
10.5 10.5 6 1 -0.317106130218744 0.1130127067377336 
0.5 10.5 -0.5 1 0.05638645121762351 -0.1799284689801103 
0.5 10.5 6 1 0.08131357136112757 0.06677469944945898 
0.5 5.5 9.5 1 0.1719964252072642 0.2376700160700503 
10.5 5.5 9.5 1 -0.3183091233311596 0.3174976635448548 
0.5 6.5 -0.5 1 0.1084635514206849 -0.2174846628382479 
0.5 8.5 -0.5 1 0.08034333461713704 -0.1972053402667346 
0.5 8.5 4.5 1 0.1010988361914003 0.007594574127909971 
0.5 6.5 4.5 1 0.1311014275959126 0.005104222429487897 
0.5 2.5 2 1 0.196251626682795 -0.1363610447633664 
0.5 4.5 2 1 0.1543652141757136 -0.1199182513670856 
0.5 4.5 4.5 1 0.1668306593475518 0.002138533506942742 
0.5 2.5 4.5 1 0.2100990935479088 -0.001452943547359873 
