0 0 0 1 0.2851514835471113 -0.3091120139516101 
0 0 6.5 1 0.3230910260975968 0.09903966275577895 
10 0 0 1 -0.3776177562867705 -0.2778293027445407 
10 0 6.5 1 -0.3280382016288068 0.1843429887320949 
10 10 0 1 -0.3008976637441771 -0.1640054344754046 
10 10 6.5 1 -0.2721431342201984 0.1075612485983024 
0 10 0 1 0.1023096389661126 -0.191622696456116 
0 10 6.5 1 0.1267837875008792 0.06034877329594755 
0 5 10 1 0.217695916936493 0.2411918511841162 
10 5 10 1 -0.2734837932417559 0.3181565217612773 
0 6 0 1 0.1555885215607148 -0.2258582926201513 
0 8 0 1 0.1267381618918381 -0.2073198170607765 
0 8 5 1 0.1470347819888385 0.002852212714336155 
0 6 5 1 0.1775706254976721 0.003333099482612506 
0 2 2.5 1 0.2456327317838496 -0.1348852619069073 
0 4 2.5 1 0.2021984269840178 -0.1217459253590324 
0 4 5 1 0.2141508678488252 0.003909175087726311 
0 2 5 1 0.2587673257523244 0.00461180720093271 
0.5 0.5 -0.5 1 0.2392964589556712 -0.3293880236608683 
0.5 0.5 6 1 0.2767310122905847 0.06927860195087093 
10.5 0.5 -0.5 1 -0.4115824140577964 -0.3016022763562096 
10.5 0.5 6 1 -0.3629994789508356 0.1484459375992624 
10.5 10.5 -0.5 1 -0.3222749191890458 -0.1799308111819159 
10.5 10.5 6 1 -0.2938549590386658 0.08740431566817351 
0.5 10.5 -0.5 1 0.07648066683052107 -0.2059907734419975 
0.5 10.5 6 1 0.1007312931779834 0.04233353954769606 
0.5 5.5 9.5 1 0.1840873173905226 0.2158125319397828 
10.5 5.5 9.5 1 -0.3005667807073475 0.288802153163824 
0.5 6.5 -0.5 1 0.1242335726043875 -0.2421824547619923 
0.5 8.5 -0.5 1 0.09840736260136392 -0.2226089032265333 
0.5 8.5 4.5 1 0.1185054553138759 -0.015731681706544 
0.5 6.5 4.5 1 0.1459848930677309 -0.01690366546668936 
0.5 2.5 2 1 0.2056968516790978 -0.156612741848625 
0.5 4.5 2 1 0.1669820471724867 -0.1416101827071229 
0.5 4.5 4.5 1 0.1787997972966329 -0.01830320410323235 
0.5 2.5 4.5 1 0.2186711623696477 -0.02000369713292852 
