0 0 0 1 -0.03289870322014683 -0.05352434948741071 
0 0 6.5 1 -0.01227157497513429 0.1981165550420556 
10 0 0 1 0.3718309318305978 -0.1169601813553 
10 0 6.5 1 0.4091905058051808 0.1788791902144209 
10 10 0 1 0.3223576692274175 -0.2469964702117798 
10 10 6.5 1 0.384526449681247 0.2598438190936803 
0 10 0 1 -0.2880467122679891 -0.1193302229471306 
0 10 6.5 1 -0.266633405295873 0.2702468536884369 
0 5 10 1 -0.09930763663157192 0.3994355579792401 
10 5 10 1 0.4269226888154224 0.4224659716259253 
0 6 0 1 -0.1589366981641014 -0.08603113007076808 
0 8 0 1 -0.2172355332566617 -0.10106713125011 
0 8 5 1 -0.2005031591386292 0.166656610136083 
0 6 5 1 -0.1421898777474719 0.157812811512924 
0 2 2.5 1 -0.06059899668018884 0.03959474894699148 
0 4 2.5 1 -0.1019359509634165 0.03716946515240487 
0 4 5 1 -0.09357215231320272 0.1504394419648693 
0 2 5 1 -0.05241750432173275 0.1441979235567019 
0.5 0.5 -0.5 1 -0.02539518437996857 -0.07776326821148877 
0.5 0.5 6 1 -0.004061585981262687 0.1792926280834809 
10.5 0.5 -0.5 1 0.3919744247046594 -0.1473999501243854 
10.5 0.5 6 1 0.4310709604691648 0.1559446630847419 
10.5 10.5 -0.5 1 0.3548706330529118 -0.3060059160763522 
10.5 10.5 6 1 0.4221119775530551 0.2232610183746225 
0.5 10.5 -0.5 1 -0.2857137062217955 -0.1594610327105735 
0.5 10.5 6 1 -0.2633798727136153 0.2432520510901778 
0.5 5.5 9.5 1 -0.09169005018665714 0.3820230664032375 
10.5 5.5 9.5 1 0.4562322477157625 0.4016127353602607 
0.5 6.5 -0.5 1 -0.1531605233705661 -0.1178608475237358 
0.5 8.5 -0.5 1 -0.212802423444605 -0.1365787238855547 
0.5 8.5 4.5 1 -0.1953697217561673 0.1391708907281522 
0.5 6.5 4.5 1 -0.1357420143876537 0.1326238243111435 
0.5 2.5 2 1 -0.05313663633776741 0.01558202257887214 
0.5 4.5 2 1 -0.09499249680889144 0.01106200332204596 
0.5 4.5 4.5 1 -0.08630737590632695 0.1271959473103087 
0.5 2.5 4.5 1 -0.04465792982503049 0.1226228771427667 
