-0.2079517406296343 -0.01062586870030399 -0.2282717759696935 0.2534498922131527 
0.1841127588661876 0.006491055757050915 0.183249324972855 0.2680687751339519 
0.322777312858897 -0.1050395973721502 0.332689367215517 0.3232672751282809 
-0.3150165246195323 -0.1352266556469657 -0.358250281211585 0.299799129672054 
-0.2079517406296343 -0.01062586870030399 0.1841127588661876 0.006491055757050915 
0.1841127588661876 0.006491055757050915 0.322777312858897 -0.1050395973721502 
0.322777312858897 -0.1050395973721502 -0.3150165246195323 -0.1352266556469657 
-0.3150165246195323 -0.1352266556469657 -0.2079517406296343 -0.01062586870030399 
-0.2282717759696935 0.2534498922131527 -0.2932467346599704 0.4652000544889474 
-0.2932467346599704 0.4652000544889474 -0.358250281211585 0.299799129672054 
0.183249324972855 0.2680687751339519 0.2404482187642521 0.4806587744227981 
0.2404482187642521 0.4806587744227981 0.332689367215517 0.3232672751282809 
-0.2932467346599704 0.4652000544889474 0.2404482187642521 0.4806587744227981 
-0.2282717759696935 0.2534498922131527 0.183249324972855 0.2680687751339519 
-0.358250281211585 0.299799129672054 0.332689367215517 0.3232672751282809 
-0.2591984971762705 -0.07026626544156435 -0.2839677514902312 -0.09909244399055112 
-0.2839677514902312 -0.09909244399055112 -0.310992306893191 0.192226595381946 
-0.310992306893191 0.192226595381946 -0.2821224803080971 0.1915621029015366 
-0.2821224803080971 0.1915621029015366 -0.2591984971762705 -0.07026626544156435 
-0.2306805749862284 0.079522010007384 -0.2486683590640484 0.06953155548728863 
-0.2486683590640484 0.06953155548728863 -0.2587936750797817 0.191025147280918 
-0.2587936750797817 0.191025147280918 -0.2395503322446696 0.1905822261371355 
-0.2395503322446696 0.1905822261371355 -0.2306805749862284 0.079522010007384 
