0 0 0 1 -0.1755037430730479 -0.01761401402368027 
0 0 6.5 1 -0.1886210430412441 0.2411452523483496 
10 0 0 1 0.2149140211235375 -0.01509190329045258 
10 0 6.5 1 0.2222219138980542 0.2482039072542771 
10 10 0 1 0.3249003503358706 -0.150629426685456 
10 10 6.5 1 0.3469956779052956 0.2805543799534981 
0 10 0 1 -0.3070805818506784 -0.1512199466026723 
0 10 6.5 1 -0.3403022879672002 0.2679047524204259 
0 5 10 1 -0.2572328355144996 0.4413216224811827 
10 5 10 1 0.2758330096138351 0.4549385033272633 
0 6 0 1 -0.2389344535826919 -0.08202291235655196 
0 8 0 1 -0.269294434396096 -0.1128510853643441 
0 8 5 1 -0.2892788683002552 0.1690197589532408 
0 6 5 1 -0.2552812434702738 0.1723117687445584 
0 2 2.5 1 -0.1988442399943346 0.06858875753134733 
0 4 2.5 1 -0.2206736772210292 0.05648157777041145 
0 4 5 1 -0.2276529269545524 0.1749870347062902 
0 2 5 1 -0.2047573291125195 0.1772040287654626 
0.5 0.5 -0.5 1 -0.1591555784793845 -0.04092814006120916 
0.5 0.5 6 1 -0.1716322851226873 0.2210184280447328 
10.5 0.5 -0.5 1 0.2379693385439297 -0.03874744471948009 
10.5 0.5 6 1 0.2466447741158391 0.2278513160595877 
10.5 10.5 -0.5 1 0.3658005873543656 -0.1932098075592601 
10.5 10.5 6 1 0.3922995199453436 0.2468373196863542 
0.5 10.5 -0.5 1 -0.283946125402762 -0.1926957474796842 
0.5 10.5 6 1 -0.3160632824963445 0.2347898736558699 
0.5 5.5 9.5 1 -0.2366519470668379 0.4195819605168574 
10.5 5.5 9.5 1 0.3089977236498513 0.4330160903042107 
0.5 6.5 -0.5 1 -0.2190041232274648 -0.1137146665075654 
0.5 8.5 -0.5 1 -0.2478535994856082 -0.1488007855680333 
0.5 8.5 4.5 1 -0.2670656375495582 0.1379473281654191 
0.5 6.5 4.5 1 -0.2346592290294678 0.1445953575476839 
0.5 2.5 2 1 -0.1811702004600353 0.04433401932950702 
0.5 4.5 2 1 -0.2017788305483205 0.02972564547897375 
0.5 4.5 4.5 1 -0.2084460679759824 0.1499728699856196 
0.5 2.5 4.5 1 -0.1868056034777522 0.1544123142313744 
