-0.6620289228339939 -0.5542315000312221 -0.6004992028155942 -0.09824942285640392 
-0.1650401948042869 -0.4313454774744865 -0.1512855650736047 -0.1370076222525387 
0.2715950999595926 -0.5196932033463008 0.2586170994535124 -0.1253051378897865 
-0.1475638019809015 -0.8064412488553786 -0.1169533881767208 -0.05466755940087353 
-0.6620289228339939 -0.5542315000312221 -0.1650401948042869 -0.4313454774744865 
-0.1650401948042869 -0.4313454774744865 0.2715950999595926 -0.5196932033463008 
0.2715950999595926 -0.5196932033463008 -0.1475638019809015 -0.8064412488553786 
-0.1475638019809015 -0.8064412488553786 -0.6620289228339939 -0.5542315000312221 
-0.6004992028155942 -0.09824942285640392 -0.387159481224688 0.1795855718111447 
-0.387159481224688 0.1795855718111447 -0.1169533881767208 -0.05466755940087353 
-0.1512855650736047 -0.1370076222525387 0.02755797742253459 0.03293623627321562 
0.02755797742253459 0.03293623627321562 0.2586170994535124 -0.1253051378897865 
-0.387159481224688 0.1795855718111447 0.02755797742253459 0.03293623627321562 
-0.6004992028155942 -0.09824942285640392 -0.1512855650736047 -0.1370076222525387 
-0.1169533881767208 -0.05466755940087353 0.2586170994535124 -0.1253051378897865 
-0.4180419755033714 -0.6738428870978311 -0.298633252137098 -0.7323814408440642 
-0.298633252137098 -0.7323814408440642 -0.2631213819432418 -0.206493723695113 
-0.2631213819432418 -0.206493723695113 -0.3760677487460898 -0.2033460378767335 
-0.3760677487460898 -0.2033460378767335 -0.4180419755033714 -0.6738428870978311 
-0.5702050205354531 -0.3859017378547392 -0.4911081936286775 -0.4052355844090592 
-0.4911081936286775 -0.4052355844090592 -0.4692049528521416 -0.2007504107235392 
-0.4692049528521416 -0.2007504107235392 -0.5473242018098934 -0.1985733167713629 
-0.5473242018098934 -0.1985733167713629 -0.5702050205354531 -0.3859017378547392 
