0 0 0 1 -0.2742837613057284 -0.06501334723603656 
0 0 6.5 1 -0.3052930823691152 0.2080238154246389 
10 0 0 1 0.1208606669170348 -0.02209261456416961 
10 0 6.5 1 0.1049667942736255 0.2322051793943323 
10 10 0 1 0.3138003797151124 -0.1021285709057246 
10 10 6.5 1 0.2981027493854329 0.3081684422603752 
0 10 0 1 -0.3234223343137603 -0.1843587531290217 
0 10 6.5 1 -0.3795962166107377 0.2770466712561035 
0 5 10 1 -0.355690249019215 0.4310522088159592 
10 5 10 1 0.1688304424901064 0.4408539567336154 
0 6 0 1 -0.2974947720620256 -0.1213871352873084 
0 8 0 1 -0.3089154871550364 -0.1491252195442671 
0 8 5 1 -0.3456786542691356 0.1590169497156315 
0 6 5 1 -0.3298019609302197 0.1537992422750243 
0 2 2.5 1 -0.2934687772179984 0.03121184177938452 
0 4 2.5 1 -0.302445816957397 0.02335647066741533 
0 4 5 1 -0.3170759463225082 0.1496169720950508 
0 2 5 1 -0.3066474052662376 0.1461897423122215 
0.5 0.5 -0.5 1 -0.2518613959288044 -0.08685465875152214 
0.5 0.5 6 1 -0.2825198098044256 0.1893358663750621 
10.5 0.5 -0.5 1 0.146755929441983 -0.041800540690765 
10.5 0.5 6 1 0.1315023058962067 0.2152356161162906 
10.5 10.5 -0.5 1 0.3595215618611588 -0.1355377559630841 
10.5 10.5 6 1 0.345952969603576 0.2819352235795935 
0.5 10.5 -0.5 1 -0.2866515284596768 -0.2241077485034215 
0.5 10.5 6 1 -0.3419603386327937 0.2463632343501925 
0.5 5.5 9.5 1 -0.3270266260193415 0.4109300969161338 
10.5 5.5 9.5 1 0.2036532704018524 0.4228096109784057 
0.5 6.5 -0.5 1 -0.2682130219183301 -0.1513646512770837 
0.5 8.5 -0.5 1 -0.2763122522392795 -0.1833175156467755 
0.5 8.5 4.5 1 -0.3125339163584844 0.1300521375409443 
0.5 6.5 4.5 1 -0.3000749048454371 0.1279863096685552 
0.5 2.5 2 1 -0.2689883309147829 0.008556573102797361 
0.5 4.5 2 1 -0.275685848582027 -0.001681244793526578 
0.5 4.5 4.5 1 -0.2901307663622525 0.1263374727263992 
0.5 2.5 4.5 1 -0.2820098583265984 0.1249909455037865 
