0 0 0 1 -0.5872015919291314 -0.4734417050856202 
0 0 6.5 1 -0.5522640118053994 -0.06787011115465104 
10 0 0 1 -0.1103869427479629 -0.3810086038248263 
10 0 6.5 1 -0.1104039837657435 -0.1001834762753854 
10 10 0 1 0.289201544268365 -0.4450074856074903 
10 10 6.5 1 0.2608366652229613 -0.05471095721801267 
0 10 0 1 -0.2178265050316327 -0.6532641228071138 
0 10 6.5 1 -0.2050296010181854 0.02906636983418764 
0 5 10 1 -0.4057688011171275 0.2063905099860728 
10 5 10 1 0.04111063026871041 0.07918235848280467 
0 6 0 1 -0.4148553494971419 -0.5573448136023437 
0 8 0 1 -0.3286633312909225 -0.5993055674591364 
0 8 5 1 -0.310426177900694 -0.1259334619469215 
0 6 5 1 -0.3920228473179637 -0.1357995702529309 
0 2 2.5 1 -0.5264019982255946 -0.3178458636345389 
0 4 2.5 1 -0.4706540505016919 -0.3271092300507427 
0 4 5 1 -0.4584030829779228 -0.1438258119987855 
0 2 5 1 -0.5134602790527668 -0.1504829496415218 
0.5 0.5 -0.5 1 -0.5445014656281971 -0.5057723282120917 
0.5 0.5 6 1 -0.5125686625797304 -0.09621216132626451 
10.5 0.5 -0.5 1 -0.07964222719348935 -0.4029530641888598 
10.5 0.5 6 1 -0.08125120022897896 -0.1202083011318335 
10.5 10.5 -0.5 1 0.3340126374732019 -0.4760783863025015 
10.5 10.5 6 1 0.3023484573181976 -0.08207245967568064 
0.5 10.5 -0.5 1 -0.1416583838641242 -0.7101998733311923 
0.5 10.5 6 1 -0.1379377114485331 -0.01660226351375553 
0.5 5.5 9.5 1 -0.3581456079193739 0.1741647727597729 
10.5 5.5 9.5 1 0.07428583829693934 0.05728150139123209 
0.5 6.5 -0.5 1 -0.3568467136876622 -0.6009999788922245 
0.5 8.5 -0.5 1 -0.2627973003051098 -0.6487264797756295 
0.5 8.5 4.5 1 -0.2499966129662863 -0.1684038677615712 
0.5 6.5 4.5 1 -0.3382714066819492 -0.1739318202290054 
0.5 2.5 2 1 -0.4810293928556013 -0.3512882456374026 
0.5 4.5 2 1 -0.4206034984930361 -0.3638416739375297 
0.5 4.5 4.5 1 -0.4100055423393975 -0.1784239620456619 
0.5 2.5 4.5 1 -0.4694497789809402 -0.1821464846456672 
