0.02149787511677052 -0.1973115644193471 0.0469467839786693 0.05742496042048671 
0.444418497847906 -0.2928539532452067 0.475934031946697 0.03442032445226417 
0.2780832624909558 -0.4489651979845852 0.3329663354710952 0.1136097302971988 
-0.2946621421151813 -0.2559331838235335 -0.2559516379137066 0.1217636421071268 
0.02149787511677052 -0.1973115644193471 0.444418497847906 -0.2928539532452067 
0.444418497847906 -0.2928539532452067 0.2780832624909558 -0.4489651979845852 
0.2780832624909558 -0.4489651979845852 -0.2946621421151813 -0.2559331838235335 
-0.2946621421151813 -0.2559331838235335 0.02149787511677052 -0.1973115644193471 
0.0469467839786693 0.05742496042048671 -0.05861889535402631 0.2465425826083544 
-0.05861889535402631 0.2465425826083544 -0.2559516379137066 0.1217636421071268 
0.475934031946697 0.03442032445226417 0.4447555533643189 0.2852122235954231 
0.4447555533643189 0.2852122235954231 0.3329663354710952 0.1136097302971988 
-0.05861889535402631 0.2465425826083544 0.4447555533643189 0.2852122235954231 
0.0469467839786693 0.05742496042048671 0.475934031946697 0.03442032445226417 
-0.2559516379137066 0.1217636421071268 0.3329663354710952 0.1136097302971988 
-0.1374566936303089 -0.2267845329282385 -0.2091288082560596 -0.2400738016418137 
-0.2091288082560596 -0.2400738016418137 -0.1821406456478095 0.02505923889974477 
-0.1821406456478095 0.02505923889974477 -0.1127965813527072 0.01688191883427524 
-0.1127965813527072 0.01688191883427524 -0.1374566936303089 -0.2267845329282385 
-0.01357430937282422 -0.1008198763617852 -0.06516791855816099 -0.1026735652459939 
-0.06516791855816099 -0.1026735652459939 -0.05382829726741872 0.009928150871888993 
-0.05382829726741872 0.009928150871888993 -0.003069135832196343 0.003942434379353276 
-0.003069135832196343 0.003942434379353276 -0.01357430937282422 -0.1008198763617852 
