0.2472943660009925 -0.4021479775933137 0.2197123470805996 -0.08890579737584133 
0.7221911752812537 -0.575365643215147 0.6318211495757399 -0.01285415611565048 
-0.1530719613959312 -0.7872388463530988 -0.1699053744879936 -0.01080689450351434 
-0.2481814237738734 -0.4706048432505355 -0.2509588352473533 -0.1006599747002401 
0.2472943660009925 -0.4021479775933137 0.7221911752812537 -0.575365643215147 
0.7221911752812537 -0.575365643215147 -0.1530719613959312 -0.7872388463530988 
-0.1530719613959312 -0.7872388463530988 -0.2481814237738734 -0.4706048432505355 
-0.2481814237738734 -0.4706048432505355 0.2472943660009925 -0.4021479775933137 
0.2197123470805996 -0.08890579737584133 -0.005913382550020111 0.07337959636529373 
-0.005913382550020111 0.07337959636529373 -0.2509588352473533 -0.1006599747002401 
0.6318211495757399 -0.01285415611565048 0.2582875880905751 0.2872368205690201 
0.2582875880905751 0.2872368205690201 -0.1699053744879936 -0.01080689450351434 
-0.005913382550020111 0.07337959636529373 0.2582875880905751 0.2872368205690201 
0.2197123470805996 -0.08890579737584133 0.6318211495757399 -0.01285415611565048 
-0.2509588352473533 -0.1006599747002401 -0.1699053744879936 -0.01080689450351434 
-0.03016411384180307 -0.4404827222408488 -0.1354122874031561 -0.4550242199827088 
-0.1354122874031561 -0.4550242199827088 -0.1425606314623751 -0.1767006821127358 
-0.1425606314623751 -0.1767006821127358 -0.04165048028892351 -0.1716685749989584 
-0.04165048028892351 -0.1716685749989584 -0.03016411384180307 -0.4404827222408488 
0.1511090184386809 -0.2856997601746734 0.06049196981659857 -0.2941229547435803 
0.06049196981659857 -0.2941229547435803 0.05302062469530526 -0.1669475916754725 
0.05302062469530526 -0.1669475916754725 0.142013951671123 -0.1625097432672983 
0.142013951671123 -0.1625097432672983 0.1511090184386809 -0.2856997601746734 
