0 0 0 1 -0.2497504798259272 -0.3669752831479762 
0 0 6.5 1 -0.2686920552469209 0.2937307382892068 
10 0 0 1 -0.2478570111902819 -0.09186327590238264 
10 0 6.5 1 -0.2569031342518377 0.2469048792526889 
10 10 0 1 0.2186682601043012 -0.07119600157123472 
10 10 6.5 1 0.2388320039885049 0.2307386396381383 
0 10 0 1 0.5713294490570815 -0.2793101725954884 
0 10 6.5 1 0.6478036333677406 0.2542171521458175 
0 5 10 1 0.2681863711991298 0.6547082571514383 
10 5 10 1 0.01003690602120691 0.4278076786907227 
0 6 0 1 0.2826101594788366 -0.3101361708316711 
0 8 0 1 0.432562838982352 -0.2941260142514212 
0 8 5 1 0.4802457019419634 0.1215529256825782 
0 6 5 1 0.3187571033309847 0.1223644796067228 
0 2 2.5 1 -0.05397254582073605 -0.1222428204258039 
0 4 2.5 1 0.1307308464512588 -0.1123494844629518 
0 4 5 1 0.1424141959279733 0.1232506832132246 
0 2 5 1 -0.05093135618732689 0.1242223328707528 
0.5 0.5 -0.5 1 -0.2011127222520309 -0.3787572958710454 
0.5 0.5 6 1 -0.2123511633223669 0.2331119032065377 
10.5 0.5 -0.5 1 -0.2219695600565988 -0.107445275437647 
10.5 0.5 6 1 -0.2289908703496628 0.2181025506053214 
10.5 10.5 -0.5 1 0.2277519506095568 -0.08580278116848065 
10.5 10.5 6 1 0.2478000072076495 0.2055889612331907 
0.5 10.5 -0.5 1 0.5685656224113874 -0.293579546340157 
0.5 10.5 6 1 0.6403442675967016 0.2077153965932833 
0.5 5.5 9.5 1 0.285222018235327 0.5724513278154199 
10.5 5.5 9.5 1 0.02787915415160111 0.3933768279067342 
0.5 6.5 -0.5 1 0.2958325310037429 -0.3237620129637491 
0.5 8.5 -0.5 1 0.437196907212038 -0.3081176863268524 
0.5 8.5 4.5 1 0.4824715776989857 0.0821081979771939 
0.5 6.5 4.5 1 0.3309074729472837 0.08124157139576427 
0.5 2.5 2 1 -0.01767977461881126 -0.1495622317282257 
0.5 4.5 2 1 0.1542967036088236 -0.1391439218081552 
0.5 4.5 4.5 1 0.1662873646577579 0.08030029204789198 
0.5 2.5 4.5 1 -0.01315167955201949 0.07927427968359707 
