0 0 0 1 0.4008357632470162 -0.6210010136150155 
0 0 6.5 1 0.355759138637442 -0.08250588974636575 
10 0 0 1 -0.3107516231929864 -0.54508516507669 
10 0 6.5 1 -0.2917483470519258 -0.1123839364060696 
10 10 0 1 -0.06415614691891279 -0.4116707024207314 
10 10 6.5 1 -0.06435138714606152 -0.1428419163695158 
0 10 0 1 0.3716897952522821 -0.4355091512406343 
0 10 6.5 1 0.346831484380496 -0.1293499295977448 
0 5 10 1 0.3346975044416893 0.07601074203131085 
10 5 10 1 -0.1501166268383917 0.03136322723794841 
0 6 0 1 0.379647263910421 -0.4861523716493932 
0 8 0 1 0.3752878040374907 -0.4584077336630226 
0 8 5 1 0.3539755072078518 -0.1969512523675087 
0 6 5 1 0.3559685027388154 -0.1970255602923567 
0 2 2.5 1 0.3761448495397208 -0.374335341358658 
0 4 2.5 1 0.3713187723740954 -0.3538946426650614 
0 4 5 1 0.3584054656134926 -0.1971164213361149 
0 2 5 1 0.3614533402269228 -0.1972300599440307 
0.5 0.5 -0.5 1 0.3593368048621015 -0.6445952307870952 
0.5 0.5 6 1 0.3197924720633414 -0.124139297623989 
10.5 0.5 -0.5 1 -0.3204600456313593 -0.5666216139402118 
10.5 0.5 6 1 -0.3013053429000116 -0.1456149937735115 
10.5 10.5 -0.5 1 -0.07537152282134693 -0.4279251136810025 
10.5 10.5 6 1 -0.07501485173246142 -0.1636339146927268 
0.5 10.5 -0.5 1 0.348573755968495 -0.4534488893844362 
0.5 10.5 6 1 0.3255503552597137 -0.1531651417420657 
0.5 5.5 9.5 1 0.3093360925141874 0.04170149337436846 
10.5 5.5 9.5 1 -0.1606825221562892 0.002778046469158356 
0.5 6.5 -0.5 1 0.3515514130749866 -0.5063305837336639 
0.5 8.5 -0.5 1 0.3499238158495363 -0.4774252746528186 
0.5 8.5 4.5 1 0.3303278025733828 -0.2215448379443297 
0.5 6.5 4.5 1 0.3299610756003041 -0.2240149658843363 
0.5 2.5 2 1 0.3420681600630679 -0.4027920811633636 
0.5 4.5 2 1 0.341180886243925 -0.3798198887261968 
0.5 4.5 4.5 1 0.3295151125831181 -0.2270187964990116 
0.5 2.5 4.5 1 0.3289611233404519 -0.2307502490706215 
