0 0 0 1 0.3664973808524963 -0.6832740095104203 
0 0 6.5 1 0.3492330300771683 -0.1674976423680779 
10 0 0 1 -0.3599669885094065 -0.6052113910272694 
10 0 6.5 1 -0.3185863755421229 -0.1495898185385774 
10 10 0 1 -0.1485705271047224 -0.4411107573061908 
10 10 6.5 1 -0.1332327278725157 -0.167727533910213 
0 10 0 1 0.2799745957069921 -0.4735336959078303 
0 10 6.5 1 0.2742406912749528 -0.1795649258292298 
0 5 10 1 0.2975989378099863 0.007103056795722479 
10 5 10 1 -0.1923671220466968 0.006815816888844383 
0 6 0 1 0.3037596977890437 -0.5311912801079887 
0 8 0 1 0.2907443940701404 -0.4996408176599178 
0 8 5 1 0.2854054326004615 -0.2489800973955223 
0 6 5 1 0.2972638111314386 -0.2541380283664531 
0 2 2.5 1 0.3347728444100616 -0.4383175649372262 
0 4 2.5 1 0.315658755310194 -0.4110039993647849 
0 4 5 1 0.3117347620708122 -0.260432326177409 
0 2 5 1 0.3297885481462584 -0.2682850171754109 
0.5 0.5 -0.5 1 0.3210434823469714 -0.703168300781046 
0.5 0.5 6 1 0.3081853551459367 -0.2025437571809199 
10.5 0.5 -0.5 1 -0.3773687514237974 -0.6253925185253687 
10.5 0.5 6 1 -0.3358797952226018 -0.1815961880122431 
10.5 10.5 -0.5 1 -0.1631738963331883 -0.4564887281612409 
10.5 10.5 6 1 -0.1474243857638295 -0.1873810421324582 
0.5 10.5 -0.5 1 0.2555037844859127 -0.489342635668053 
0.5 10.5 6 1 0.2511210847292744 -0.2003199689942588 
0.5 5.5 9.5 1 0.2690819052104048 -0.02241534907019833 
10.5 5.5 9.5 1 -0.2080151770254439 -0.02045835820238969 
0.5 6.5 -0.5 1 0.2737237932511207 -0.5487860816974246 
0.5 8.5 -0.5 1 0.2637730748203847 -0.5163214983037858 
0.5 8.5 4.5 1 0.2597059177231515 -0.2703411604389607 
0.5 6.5 4.5 1 0.2687944294245683 -0.2774468413992299 
0.5 2.5 2 1 0.2972683878547793 -0.4625410728193969 
0.5 4.5 2 1 0.2827983795392844 -0.4332925960336847 
0.5 4.5 4.5 1 0.2798329204960078 -0.2860770768451721 
0.5 2.5 4.5 1 0.2935243691636631 -0.296781477005772 
