0 0 0 1 -0.1800677689422399 -0.01608515513522379 
0 0 6.5 1 -0.1942568772266994 0.2434153308208298 
10 0 0 1 0.2105527527206262 -0.0113635587678285 
10 0 6.5 1 0.2166870431672966 0.2516916844011385 
10 10 0 1 0.3247576344958357 -0.1435920359588212 
10 10 6.5 1 0.3451593629648212 0.2872059360057194 
0 10 0 1 -0.3081491058571165 -0.1486615152789472 
0 10 6.5 1 -0.3428842576104699 0.2726578557671547 
0 5 10 1 -0.2623951696171805 0.4451784254957712 
10 5 10 1 0.2708692032233874 0.4592845660939647 
0 6 0 1 -0.2417518470240606 -0.07993404013198215 
0 8 0 1 -0.2713163351907339 -0.1105360960213166 
0 8 5 1 -0.2923569310527779 0.1726265189474021 
0 6 5 1 -0.2590818071162492 0.1754276659066402 
0 2 2.5 1 -0.2033336831349112 0.07062741286316575 
0 4 2.5 1 -0.2246136765484075 0.05877810539578468 
0 4 5 1 -0.2320629857991904 0.1777021484696156 
0 2 5 1 -0.2096876456369833 0.179585736226549 
0.5 0.5 -0.5 1 -0.1634355628987037 -0.03930313133261874 
0.5 0.5 6 1 -0.1769884195493427 0.2233704737029461 
10.5 0.5 -0.5 1 0.2337541782040294 -0.03479030346388251 
10.5 0.5 6 1 0.2412325320058206 0.2315290541705802 
10.5 10.5 -0.5 1 0.3659474004137895 -0.1856347553952666 
10.5 10.5 6 1 0.3906881156303982 0.2539270364700585 
0.5 10.5 -0.5 1 -0.2843880388091639 -0.1900039013116915 
0.5 10.5 6 1 -0.3180033413738917 0.2396814802769803 
0.5 5.5 9.5 1 -0.2414143834493246 0.4235306226528385 
10.5 5.5 9.5 1 0.3041692859041796 0.4375864490560318 
0.5 6.5 -0.5 1 -0.2213862220225478 -0.1115067706960921 
0.5 8.5 -0.5 1 -0.2493584624267454 -0.1463587911712493 
0.5 8.5 4.5 1 -0.2696214305616488 0.1416774569703161 
0.5 6.5 4.5 1 -0.2380232201940128 0.1478226562380716 
0.5 2.5 2 1 -0.1853372369506627 0.04647128212852795 
0.5 4.5 2 1 -0.2053465310108596 0.03212889471966181 
0.5 4.5 4.5 1 -0.2124845490199795 0.1527894002900975 
0.5 2.5 4.5 1 -0.1914148817869938 0.1568870153811285 
