0 0 0 1 -0.4754548042803512 -0.442201146375352 
0 0 6.5 1 -0.4780718090524986 -0.09000877486923888 
10 0 0 1 -0.02920288146116841 -0.3440987433108513 
10 0 6.5 1 -0.04682137584229319 -0.07772349991453853 
10 10 0 1 0.314042607603676 -0.417979197147779 
10 10 6.5 1 0.2707915231333671 -0.02535147563657836 
0 10 0 1 -0.2770382132665237 -0.6318703472748624 
0 10 6.5 1 -0.2968719408798037 -0.01905732780871188 
0 5 10 1 -0.4145750389720645 0.1564701598134925 
10 5 10 1 0.06884735307207729 0.1037960903472252 
0 6 0 1 -0.3840728889827549 -0.529554400267079 
0 8 0 1 -0.3375921269452342 -0.57398601230018 
0 8 5 1 -0.3479722903585525 -0.1568318804623401 
0 6 5 1 -0.3911053985756768 -0.1606837952775388 
0 2 2.5 1 -0.45235781357 -0.3131032408426094 
0 4 2.5 1 -0.4233097847109134 -0.3254746597555612 
0 4 5 1 -0.4256401208884991 -0.1637678486651573 
0 2 5 1 -0.4539144918748311 -0.1662928340648748 
0.5 0.5 -0.5 1 -0.4398167244456441 -0.4697668777969115 
0.5 0.5 6 1 -0.4440990917177791 -0.1131763014270086 
10.5 0.5 -0.5 1 0.0008763558184161613 -0.3642450639474987 
10.5 0.5 6 1 -0.0179213384081492 -0.095351476152386 
10.5 10.5 -0.5 1 0.3624479649896697 -0.4487642504820986 
10.5 10.5 6 1 0.3162698978931056 -0.05064462726359143 
0.5 10.5 -0.5 1 -0.2107112759945459 -0.6837699307202447 
0.5 10.5 6 1 -0.2360685082647143 -0.05756967766917701 
0.5 5.5 9.5 1 -0.3723237047430031 0.1308056978814098 
10.5 5.5 9.5 1 0.1033487737616561 0.08474070835061354 
0.5 6.5 -0.5 1 -0.3347033289263275 -0.5679513063923447 
0.5 8.5 -0.5 1 -0.2809750541019527 -0.6181378685996345 
0.5 8.5 4.5 1 -0.2945474110677299 -0.1929689272142781 
0.5 6.5 4.5 1 -0.3441833296947562 -0.1928184280235226 
0.5 2.5 2 1 -0.4138727138229762 -0.3414023468897176 
0.5 4.5 2 1 -0.3805419142336811 -0.3568239196019955 
0.5 4.5 4.5 1 -0.383817833826445 -0.1926982537432271 
0.5 2.5 4.5 1 -0.4161971113076576 -0.1926000777611367 
