0.2559091531564356 -0.4050655725834986 0.2259543774032216 -0.0894346295904212 
0.7239238452652716 -0.5960099371944967 0.6307457281648284 -0.01913474712054253 
-0.1836373695162307 -0.8142775956351469 -0.2040809183786795 -0.03654001544837907 
-0.2433385706510818 -0.4763063351505635 -0.2501842192935992 -0.1087624265366197 
0.2559091531564356 -0.4050655725834986 0.7239238452652716 -0.5960099371944967 
0.7239238452652716 -0.5960099371944967 -0.1836373695162307 -0.8142775956351469 
-0.1836373695162307 -0.8142775956351469 -0.2433385706510818 -0.4763063351505635 
-0.2433385706510818 -0.4763063351505635 0.2559091531564356 -0.4050655725834986 
0.2259543774032216 -0.0894346295904212 -0.005328072466806966 0.07035879404042873 
-0.005328072466806966 0.07035879404042873 -0.2501842192935992 -0.1087624265366197 
0.6307457281648284 -0.01913474712054253 0.2372442430987141 0.2795440612267149 
0.2372442430987141 0.2795440612267149 -0.2040809183786795 -0.03654001544837907 
-0.005328072466806966 0.07035879404042873 0.2372442430987141 0.2795440612267149 
0.2259543774032216 -0.0894346295904212 0.6307457281648284 -0.01913474712054253 
-0.2501842192935992 -0.1087624265366197 -0.2040809183786795 -0.03654001544837907 
-0.02552821949008862 -0.4452256215653939 -0.1310384593834279 -0.4602815338714327 
-0.1310384593834279 -0.4602815338714327 -0.1409166382536753 -0.1831186039892033 
-0.1409166382536753 -0.1831186039892033 -0.03941079159215648 -0.1767131222234736 
-0.03941079159215648 -0.1767131222234736 -0.02552821949008862 -0.4452256215653939 
0.1569746051667626 -0.2888460883700484 0.06490605959967408 -0.298236433639644 
0.06490605959967408 -0.298236433639644 0.05637335075855199 -0.1706687060893032 
0.05637335075855199 -0.1706687060893032 0.1469063110137466 -0.1649556634894425 
0.1469063110137466 -0.1649556634894425 0.1569746051667626 -0.2888460883700484 
