-0.4629851824189004 -0.4399636432031027 -0.469137377569791 -0.09308420827921596 
-0.02037132359205475 -0.3406876399081585 -0.03944052576722137 -0.07575141026700254 
0.3166173483195231 -0.4188271389967458 0.272588247899386 -0.02585429505887307 
-0.279986976778604 -0.6354606783504776 -0.303515887949653 -0.03042470586255141 
-0.4629851824189004 -0.4399636432031027 -0.02037132359205475 -0.3406876399081585 
-0.02037132359205475 -0.3406876399081585 0.3166173483195231 -0.4188271389967458 
0.3166173483195231 -0.4188271389967458 -0.279986976778604 -0.6354606783504776 
-0.279986976778604 -0.6354606783504776 -0.4629851824189004 -0.4399636432031027 
-0.469137377569791 -0.09308420827921596 -0.4134689949851172 0.1487864258406125 
-0.4134689949851172 0.1487864258406125 -0.303515887949653 -0.03042470586255141 
-0.03944052576722137 -0.07575141026700254 0.07277520860708912 0.1049893228136428 
0.07277520860708912 0.1049893228136428 0.272588247899386 -0.02585429505887307 
-0.4134689949851172 0.1487864258406125 0.07277520860708912 0.1049893228136428 
-0.469137377569791 -0.09308420827921596 -0.03944052576722137 -0.07575141026700254 
-0.303515887949653 -0.03042470586255141 0.272588247899386 -0.02585429505887307 
-0.3787342170092928 -0.5299689735190598 -0.3358609622360779 -0.5757704837904584 
-0.3358609622360779 -0.5757704837904584 -0.3492332703733979 -0.1647460210986943 
-0.3492332703733979 -0.1647460210986943 -0.3887599884467581 -0.1666755722541381 
-0.3887599884467581 -0.1666755722541381 -0.3787342170092928 -0.5299689735190598 
-0.4432675390492726 -0.3142314290976938 -0.4165969583377985 -0.3277294266904135 
-0.4165969583377985 -0.3277294266904135 -0.4203694433248957 -0.1682186313077599 
-0.4203694433248957 -0.1682186313077599 -0.4462238479246913 -0.1694807496596114 
-0.4462238479246913 -0.1694807496596114 -0.4432675390492726 -0.3142314290976938 
