0 0 0 1 0.1492154966266893 -0.3602539074059924 
0 0 6.5 1 0.1047169236788822 0.2886113287630258 
10 0 0 1 -0.235495639830959 -0.1773631796156467 
10 0 6.5 1 -0.2755226022020665 0.180719021063915 
10 10 0 1 0.1555756057249319 -0.08013414088510402 
10 10 6.5 1 0.1376595880857162 0.19279323051977 
0 10 0 1 0.5998427808799168 -0.1480222114255181 
0 10 6.5 1 0.5937245251791472 0.2664182350166995 
0 5 10 1 0.3954471478703888 0.5728628913406938 
10 5 10 1 -0.0549672970341472 0.3637460629077126 
0 6 0 1 0.4650343289735761 -0.2115128773935097 
0 8 0 1 0.5376638006257015 -0.1773066131801906 
0 8 5 1 0.5301829522925996 0.1622574239211896 
0 6 5 1 0.4537841159870081 0.1563434974755837 
0 2 2.5 1 0.2643134724183002 -0.0855470721162932 
0 4 2.5 1 0.3710809274457213 -0.05595704448866839 
0 4 5 1 0.3627080616732278 0.1492934282308997 
0 2 5 1 0.2522758141246182 0.1407450232969149 
0.5 0.5 -0.5 1 0.1528744095389258 -0.3727402200627766 
0.5 0.5 6 1 0.1118849353808717 0.227871751900746 
10.5 0.5 -0.5 1 -0.218295908478774 -0.1917281119721839 
10.5 0.5 6 1 -0.2560041557498026 0.151173044566932 
10.5 10.5 -0.5 1 0.1570027268242546 -0.09410258824289515 
10.5 10.5 6 1 0.1396864909056917 0.1699238042342164 
0.5 10.5 -0.5 1 0.5820923915482069 -0.165708785036809 
0.5 10.5 6 1 0.5754489842164493 0.2285425389065884 
0.5 5.5 9.5 1 0.3841324364733786 0.5072542380799506 
10.5 5.5 9.5 1 -0.04570018151110027 0.3311435157002628 
0.5 6.5 -0.5 1 0.4514446016133505 -0.2287261807818913 
0.5 8.5 -0.5 1 0.521589300234749 -0.1948921891418622 
0.5 8.5 4.5 1 0.5138790894119846 0.1270965925810087 
0.5 6.5 4.5 1 0.440250143103641 0.1185865216612553 
0.5 2.5 2 1 0.2604370978432438 -0.1144626814861027 
0.5 4.5 2 1 0.3614025520308404 -0.0840180845870305 
0.5 4.5 4.5 1 0.3533082156549249 0.1085377296360356 
0.5 2.5 4.5 1 0.2490837169211168 0.09649140926515806 
