0 0 0 1 0.3926282804081058 -0.664284802037644 
0 0 6.5 1 0.3565371828576701 -0.1296846342486304 
10 0 0 1 -0.3290768361492679 -0.5830477236395299 
10 0 6.5 1 -0.3014492921676752 -0.1394267120503901 
10 10 0 1 -0.09395731606189506 -0.4347430184242397 
10 10 6.5 1 -0.08846759968275955 -0.1631647389966617 
0 10 0 1 0.3403288348498723 -0.4631959869055119 
0 10 6.5 1 0.3220380271008026 -0.1600540364198927 
0 5 10 1 0.3230688871816916 0.03767964275579139 
10 5 10 1 -0.1647182039013204 0.01064102738494037 
0 6 0 1 0.3546137846312447 -0.518120921483637 
0 8 0 1 0.3467884123119364 -0.4880327469177067 
0 8 5 1 0.3309276113432523 -0.2290900941487876 
0 6 5 1 0.3367532286294881 -0.2316607012569954 
0 2 2.5 1 0.3642672325657452 -0.4144403126954705 
0 4 2.5 1 0.3537757004190067 -0.3902450313941208 
0 4 5 1 0.3438758071171559 -0.2348036044017706 
0 2 5 1 0.3527827132194483 -0.2387338584870827 
0.5 0.5 -0.5 1 0.3492649377963905 -0.6861124230727844 
0.5 0.5 6 1 0.3184551461009174 -0.1686001971382452 
10.5 0.5 -0.5 1 -0.3415580351318182 -0.6039141606323317 
10.5 0.5 6 1 -0.3137932330940581 -0.1720862033807808 
10.5 10.5 -0.5 1 -0.1064226249837516 -0.4506260239251357 
10.5 10.5 6 1 -0.1004202980405562 -0.1834868357074159 
0.5 10.5 -0.5 1 0.3166396294445955 -0.4802518579332087 
0.5 10.5 6 1 0.3000407087585901 -0.1826369921084106 
0.5 5.5 9.5 1 0.2964776242085742 0.005315582124795945 
10.5 5.5 9.5 1 -0.1771292823707932 -0.01737339431328216 
0.5 6.5 -0.5 1 0.3256634338855454 -0.5371906448985971 
0.5 8.5 -0.5 1 0.3207307871004038 -0.5060664193779115 
0.5 8.5 4.5 1 0.3064578887068902 -0.2523729970906124 
0.5 6.5 4.5 1 0.3097453755688804 -0.2571491873536793 
0.5 2.5 2 1 0.3286972177452766 -0.4410943370260986 
0.5 4.5 2 1 0.3224730133142987 -0.4146451252096735 
0.5 4.5 4.5 1 0.3137438220505478 -0.2629582877257406 
0.5 2.5 4.5 1 0.3187118207670301 -0.2701759917326931 
