0 0 0 1 0.4018599413187718 -0.6109188430149802 
0 0 6.5 1 0.3551565598604406 -0.0719323064580574 
10 0 0 1 -0.3072187843000119 -0.5364904728289752 
10 0 6.5 1 -0.289960192670691 -0.10610415614885 
10 10 0 1 -0.05837760571094926 -0.406060107847447 
10 10 6.5 1 -0.05969312375767093 -0.1378491839331654 
0 10 0 1 0.3776876699163917 -0.4288320584560338 
0 10 6.5 1 0.3515876068745921 -0.1221552030754908 
0 5 10 1 0.3367749249134309 0.08476274539037222 
10 5 10 1 -0.1473655903856939 0.03642164865248158 
0 6 0 1 0.38428791629919 -0.4785509128050806 
0 8 0 1 0.3806720693115712 -0.4513131766208083 
0 8 5 1 0.3583343329022531 -0.1894476355825848 
0 6 5 1 0.3595209166960345 -0.1890068139568089 
0 2 2.5 1 0.3780684450321906 -0.3651081921057954 
0 4 2.5 1 0.3744457250663524 -0.3454589621524083 
0 4 5 1 0.3609717933276282 -0.1884678062618686 
0 2 5 1 0.3627863295860684 -0.1877936972544247 
0.5 0.5 -0.5 1 0.3607815717352079 -0.6348830351844323 
0.5 0.5 6 1 0.3196416453181439 -0.1141325614341263 
10.5 0.5 -0.5 1 -0.3163733378379124 -0.5581528934955903 
10.5 0.5 6 1 -0.2989596825405238 -0.1394461459465209 
10.5 10.5 -0.5 1 -0.06934069636659103 -0.4223856922969209 
10.5 10.5 6 1 -0.0700975823281519 -0.1587352926016315 
0.5 10.5 -0.5 1 0.354693065426161 -0.44695238189513 
0.5 10.5 6 1 0.3304524419334205 -0.1462267434203998 
0.5 5.5 9.5 1 0.3116664163691076 0.05004326156395032 
10.5 5.5 9.5 1 -0.1575611186418863 0.007719113265154131 
0.5 6.5 -0.5 1 0.3563778829217121 -0.4989567383892151 
0.5 8.5 -0.5 1 0.3554569938871686 -0.4705321512927771 
0.5 8.5 4.5 1 0.3348570606795239 -0.2143127059636101 
0.5 6.5 4.5 1 0.3337230336912214 -0.2163072917376542 
0.5 2.5 2 1 0.3443166545692524 -0.3939375291472105 
0.5 4.5 2 1 0.3445585457679154 -0.3716987707882013 
0.5 4.5 4.5 1 0.3323440966792192 -0.2187326380264227 
0.5 2.5 4.5 1 0.3306313075003404 -0.2217451809071192 
