0.2581523684702998 -0.06043356157157356 0.2824074273176217 0.3188288490744052 
-0.270653256823247 -0.1909673209161548 -0.2971371405850937 0.3966515659510761 
-0.4886782399376188 -0.03267335477761562 -0.5194871774519493 0.3181121219764889 
-0.06511912143184106 0.02055630695606539 -0.06562907521209671 0.2847856463610375 
0.2581523684702998 -0.06043356157157356 -0.270653256823247 -0.1909673209161548 
-0.270653256823247 -0.1909673209161548 -0.4886782399376188 -0.03267335477761562 
-0.4886782399376188 -0.03267335477761562 -0.06511912143184106 0.02055630695606539 
-0.06511912143184106 0.02055630695606539 0.2581523684702998 -0.06043356157157356 
0.2824074273176217 0.3188288490744052 0.08050958900933876 0.483133281835994 
0.08050958900933876 0.483133281835994 -0.06562907521209671 0.2847856463610375 
-0.2971371405850937 0.3966515659510761 -0.4575799662665188 0.6178820879214126 
-0.4575799662665188 0.6178820879214126 -0.5194871774519493 0.3181121219764889 
0.08050958900933876 0.483133281835994 -0.4575799662665188 0.6178820879214126 
0.2824074273176217 0.3188288490744052 -0.2971371405850937 0.3966515659510761 
-0.06562907521209671 0.2847856463610375 -0.5194871774519493 0.3181121219764889 
0.03786121632174998 -0.005243567997707834 -0.0169014527855683 0.008476235665049165 
-0.0169014527855683 0.008476235665049165 -0.01524385558971468 0.2220647387556532 
-0.01524385558971468 0.2220647387556532 0.04215535942971352 0.2228767477827708 
0.04215535942971352 0.2228767477827708 0.03786121632174998 -0.005243567997707834 
0.1791588464904493 0.08943174985135588 0.1043694135205577 0.09846923067424822 
0.1043694135205577 0.09846923067424822 0.1083269982993452 0.2238128575899018 
0.1083269982993452 0.2238128575899018 0.1854485103914792 0.2249038718830864 
0.1854485103914792 0.2249038718830864 0.1791588464904493 0.08943174985135588 
