0 0 0 1 -0.6813062490635284 -0.4046455260371847 
0 0 6.5 1 -0.6073784203512718 0.1418411865319212 
10 0 0 1 -0.2469445106898485 -0.2635538689022597 
10 0 6.5 1 -0.2139499138682211 0.03897091852347662 
10 10 0 1 0.2333348791152629 -0.3427289845221997 
10 10 6.5 1 0.2606627942594987 0.006042236584624698 
0 10 0 1 0.1791860592011996 -0.6128526146096777 
0 10 6.5 1 0.2369592274652325 0.1057906301673479 
0 5 10 1 -0.2049114730833176 0.4409990912144248 
10 5 10 1 0.02311126089659366 0.1926826131621987 
0 6 0 1 -0.222288912529798 -0.5157106248487201 
0 8 0 1 -0.03334031363641051 -0.5614291481726277 
0 8 5 1 0.0159241664197033 -0.03631258065348076 
0 6 5 1 -0.1698558552684429 -0.0202331563545208 
0 2 2.5 1 -0.5150464083096722 -0.2122262510589552 
0 4 2.5 1 -0.363622650979091 -0.2368196068230396 
0 4 5 1 -0.3366790568060642 -0.005794461515001932 
0 2 5 1 -0.4873060951361714 0.00724244115191188 
0.5 0.5 -0.5 1 -0.6166089742140015 -0.4422873401440785 
0.5 0.5 6 1 -0.5466705031153124 0.09191196023437528 
10.5 0.5 -0.5 1 -0.2171460758696416 -0.2865076335536966 
10.5 0.5 6 1 -0.1851742888600041 0.01221593176013872 
10.5 10.5 -0.5 1 0.2596791028441494 -0.367782858737894 
10.5 10.5 6 1 0.2860013643580214 -0.02405877486023369 
0.5 10.5 -0.5 1 0.2346811837880221 -0.65489820120509 
0.5 10.5 6 1 0.2882249557046719 0.04260332831119093 
0.5 5.5 9.5 1 -0.1489117831684957 0.3777051616278009 
10.5 5.5 9.5 1 0.04999702904702001 0.1621558142153027 
0.5 6.5 -0.5 1 -0.1608131722986854 -0.5561229542438003 
0.5 8.5 -0.5 1 0.02568618775575813 -0.6027014200650963 
0.5 8.5 4.5 1 0.0715873126753506 -0.09228640075403094 
0.5 6.5 4.5 1 -0.1117326215429519 -0.0737490610384063 
0.5 2.5 2 1 -0.4525444494803742 -0.256257013737513 
0.5 4.5 2 1 -0.3021914541311557 -0.2823817587189082 
0.5 4.5 4.5 1 -0.2768602655783604 -0.05705132848150962 
0.5 2.5 4.5 1 -0.4263756487866792 -0.04193231012127018 
