0 0 0 1 0.2555252907751098 -0.2101566734593492 
0 0 6.5 1 0.2958445475581978 0.1632776820621301 
10 0 0 1 -0.3360134482467029 -0.2966171504608283 
10 0 6.5 1 -0.3284726241884743 0.2157510947814523 
10 10 0 1 -0.4146446408737829 -0.1016409334221906 
10 10 6.5 1 -0.4140155221961278 0.2039082143520835 
0 10 0 1 -0.005014863423567746 -0.07842874050639084 
0 10 6.5 1 0.01135293620699655 0.1716664943064877 
0 5 10 1 0.138307891105625 0.341548455006724 
10 5 10 1 -0.3811588419588023 0.4340826234154221 
0 6 0 1 0.07533538053849675 -0.1190534633324834 
0 8 0 1 0.03231100969969968 -0.09730053448116142 
0 8 5 1 0.04688527805472185 0.1067309188650264 
0 6 5 1 0.09253026260223368 0.1003415085355307 
0 2 2.5 1 0.1968197704080363 -0.04774212828008769 
0 4 2.5 1 0.1355484124353702 -0.02793283434069184 
0 4 5 1 0.1459995948866442 0.09285684165709984 
0 2 5 1 0.2094937168328474 0.08396889914497026 
0.5 0.5 -0.5 1 0.2120800236697984 -0.2302932142424912 
0.5 0.5 6 1 0.249216224705043 0.1358407569534075 
10.5 0.5 -0.5 1 -0.3824008092178018 -0.3220612893823071 
10.5 0.5 6 1 -0.378751542615368 0.1766377026430499 
10.5 10.5 -0.5 1 -0.4415972168372383 -0.1194389246581687 
10.5 10.5 6 1 -0.442238588274295 0.1812277938402141 
0.5 10.5 -0.5 1 -0.03150602287656767 -0.09334174946078046 
0.5 10.5 6 1 -0.01632978268900265 0.1534730052694653 
0.5 5.5 9.5 1 0.1024017017061378 0.3167931211215527 
10.5 5.5 9.5 1 -0.4185367329345255 0.4005234512775355 
0.5 6.5 -0.5 1 0.04388353688810263 -0.1357280469741507 
0.5 8.5 -0.5 1 0.003545266992150247 -0.1130486479390376 
0.5 8.5 4.5 1 0.01705122115380335 0.08814024450189543 
0.5 6.5 4.5 1 0.05980364390473032 0.08038077059474802 
0.5 2.5 2 1 0.1573037106313004 -0.06879161409391965 
0.5 4.5 2 1 0.1001236694501451 -0.0474963727367241 
0.5 4.5 4.5 1 0.1097859133847147 0.07130909486517688 
0.5 2.5 4.5 1 0.1690013774524023 0.0605616139326984 
