0 0 0 1 -0.6789879368322278 -0.5746115682553987 
0 0 6.5 1 -0.6115555887774606 -0.1054036909065241 
10 0 0 1 -0.1782876019293488 -0.4406053015975491 
10 0 6.5 1 -0.1612275595100246 -0.1432589377462636 
10 10 0 1 0.2662806543273424 -0.5348575212728204 
10 10 6.5 1 0.2576119391116932 -0.1405077587212014 
0 10 0 1 -0.1260174443633681 -0.8464164277586251 
0 10 6.5 1 -0.09168427398628971 -0.07909031380252529 
0 5 10 1 -0.3804059262875644 0.1725672017831194 
10 5 10 1 0.0243577836045853 0.02407715795704193 
0 6 0 1 -0.4151340161112167 -0.7043052478055577 
0 8 0 1 -0.2870616475647499 -0.767257417248809 
0 8 5 1 -0.2479885326187166 -0.2292609886526841 
0 6 5 1 -0.3691536766221447 -0.2220335247484934 
0 2 2.5 1 -0.5790582127569478 -0.4035578311262014 
0 4 2.5 1 -0.4934883370165323 -0.4259747170529631 
0 4 5 1 -0.4695142686688003 -0.2160470460265279 
0 2 5 1 -0.5540049960336395 -0.2110071998951114 
0.5 0.5 -0.5 1 -0.6281800475796586 -0.6114443740289477 
0.5 0.5 6 1 -0.5650965673545146 -0.140507863898638 
10.5 0.5 -0.5 1 -0.1472292400610864 -0.4640580636180483 
10.5 0.5 6 1 -0.131852907233288 -0.1659941959745588 
10.5 10.5 -0.5 1 0.3063555012408953 -0.5657226233572059 
10.5 10.5 6 1 0.2949263806673296 -0.1701490631449995 
0.5 10.5 -0.5 1 -0.04538524186186516 -0.905504062091426 
0.5 10.5 6 1 -0.0214979846066365 -0.1339182788519034 
0.5 5.5 9.5 1 -0.3274253550612576 0.1310969700502868 
10.5 5.5 9.5 1 0.05619471748865797 -0.00117248154278628 
0.5 6.5 -0.5 1 -0.3498153225713656 -0.7518983441063221 
0.5 8.5 -0.5 1 -0.2148838235078166 -0.8199804789077139 
0.5 8.5 4.5 1 -0.1825179230390798 -0.2793273654968553 
0.5 6.5 4.5 1 -0.3093749106854984 -0.2674407305887148 
0.5 2.5 2 1 -0.5262385697795732 -0.4426114237739815 
0.5 4.5 2 1 -0.4362639387851369 -0.4684243585684403 
0.5 4.5 4.5 1 -0.4145215016542206 -0.2575883829816252 
0.5 2.5 4.5 1 -0.5030916786846538 -0.2492892630226636 
