0 0 0 1 0.2579340352400161 -0.08300328917104613 
0 0 6.5 1 0.2856329914033159 0.2946374050100927 
10 0 0 1 -0.2832016126405188 -0.2086106550549257 
10 0 6.5 1 -0.3041416524216148 0.3640441991648157 
10 10 0 1 -0.4756022375700718 -0.0412886969915477 
10 10 6.5 1 -0.5008350606825451 0.3007460543518413 
0 10 0 1 -0.05468002475248233 0.00745435378653753 
0 10 6.5 1 -0.05201336048757313 0.2689258012735609 
0 5 10 1 0.09119801885175825 0.462013918570908 
10 5 10 1 -0.4446258361866131 0.5867323490322408 
0 6 0 1 0.04437355764691898 -0.02120767629160306 
0 8 0 1 -0.008362432325170463 -0.005948051206203988 
0 8 5 1 -0.004254539621526594 0.2056686621715219 
0 6 5 1 0.05115246389288187 0.2050443994752653 
0 2 2.5 1 0.1825143776920351 0.068827604136581 
0 4 2.5 1 0.1099639730280907 0.07991306453183605 
0 4 5 1 0.1152092855707713 0.2043226805286004 
0 2 5 1 0.1901129581031145 0.2034787516819086 
0.5 0.5 -0.5 1 0.2158631502007002 -0.10743225772335 
0.5 0.5 6 1 0.2400832001771058 0.2640708150131832 
10.5 0.5 -0.5 1 -0.3373149106465254 -0.2430070673429466 
10.5 0.5 6 1 -0.3641768032639467 0.3155670396954882 
10.5 10.5 -0.5 1 -0.5066653202596009 -0.063811567945583 
10.5 10.5 6 1 -0.5337400724168664 0.2731976696051109 
0.5 10.5 -0.5 1 -0.08173348434674077 -0.01026530739910439 
0.5 10.5 6 1 -0.08047587860179571 0.2482645529231174 
0.5 5.5 9.5 1 0.05484680769447464 0.4347747337918707 
10.5 5.5 9.5 1 -0.4890053961008864 0.5463341206970284 
0.5 6.5 -0.5 1 0.01276980235385683 -0.04112115420086344 
0.5 8.5 -0.5 1 -0.03751952573574066 -0.02470140989914271 
0.5 8.5 4.5 1 -0.03465899103621476 0.1844003191673272 
0.5 6.5 4.5 1 0.01807921262167471 0.1822551252709197 
0.5 2.5 2 1 0.1435653860080903 0.04425598707261522 
0.5 4.5 2 1 0.07462622570927777 0.05709426046358743 
0.5 4.5 4.5 1 0.07897268540328488 0.1797782053706981 
0.5 2.5 4.5 1 0.1500716010647753 0.1768861660265518 
