-0.2960170034782805 -0.3889342891726302 -0.310492313578371 0.2619192069783802 
-0.2488236225834607 -0.1059856940883528 -0.2528021289774364 0.2281943602567925 
0.2218801060605957 -0.0956566478673221 0.2458132697223673 0.2077097142780991 
0.5527261939036905 -0.325558997670066 0.6338277868778631 0.2176008897940474 
-0.2960170034782805 -0.3889342891726302 -0.2488236225834607 -0.1059856940883528 
-0.2488236225834607 -0.1059856940883528 0.2218801060605957 -0.0956566478673221 
0.2218801060605957 -0.0956566478673221 0.5527261939036905 -0.325558997670066 
0.5527261939036905 -0.325558997670066 -0.2960170034782805 -0.3889342891726302 
-0.310492313578371 0.2619192069783802 0.2345626709498329 0.6194982702536131 
0.2345626709498329 0.6194982702536131 0.6338277868778631 0.2176008897940474 
-0.2528021289774364 0.2281943602567925 0.01550387046062023 0.4054187537946185 
0.01550387046062023 0.4054187537946185 0.2458132697223673 0.2077097142780991 
0.2345626709498329 0.6194982702536131 0.01550387046062023 0.4054187537946185 
-0.310492313578371 0.2619192069783802 -0.2528021289774364 0.2281943602567925 
0.6338277868778631 0.2176008897940474 0.2458132697223673 0.2077097142780991 
0.2477561337124692 -0.3483309816150224 0.4052409631601208 -0.3365716567635681 
0.4052409631601208 -0.3365716567635681 0.4556931833621853 0.08449800190084748 
0.4556931833621853 0.08449800190084748 0.2861638177897949 0.08723516277248437 
0.2861638177897949 0.08723516277248437 0.2477561337124692 -0.3483309816150224 
-0.09767975751932874 -0.1511675166019848 0.09089724254844107 -0.1452530125953933 
0.09089724254844107 -0.1452530125953933 0.1036461199328198 0.09018202864005007 
0.1036461199328198 0.09018202864005007 -0.0934119993538248 0.09336365898313913 
-0.0934119993538248 0.09336365898313913 -0.09767975751932874 -0.1511675166019848 
