0 0 0 1 -0.3870779766008873 -0.3792608472276257 
0 0 6.5 1 -0.4109512893010591 -0.06710302151812034 
10 0 0 1 0.03163772459772419 -0.2853875762950547 
10 0 6.5 1 0.006822586516943101 -0.03056875322817333 
10 10 0 1 0.324706932550783 -0.384591875010612 
10 10 6.5 1 0.281280156479422 0.005841233466450563 
0 10 0 1 -0.2911958587665382 -0.5867019162656644 
0 10 6.5 1 -0.3348536491182444 -0.04334829789434596 
0 5 10 1 -0.3991499627023479 0.1488531895851803 
10 5 10 1 0.09884239541003109 0.1460717283465756 
0 6 0 1 -0.3427249516768731 -0.4752186661944925 
0 8 0 1 -0.3202924855830138 -0.5237513316463469 
0 8 5 1 -0.3492715487163303 -0.1577730554632984 
0 6 5 1 -0.3680842595579165 -0.1512557242747213 
0 2 2.5 1 -0.3852536968093894 -0.2726996321558951 
0 4 2.5 1 -0.3718969314397219 -0.2903231623532888 
0 4 5 1 -0.3830856622606363 -0.1460587534325013 
0 2 5 1 -0.3953274375284286 -0.1418178067434165 
0.5 0.5 -0.5 1 -0.3565147025691436 -0.4041398668164384 
0.5 0.5 6 1 -0.381129533011933 -0.08806668065875886 
10.5 0.5 -0.5 1 0.06050654503973198 -0.3048107468809691 
10.5 0.5 6 1 0.03509721146686078 -0.04738733650089737 
10.5 10.5 -0.5 1 0.3734831087392747 -0.4159914865721513 
10.5 10.5 6 1 0.3284968005568964 -0.01941197118918267 
0.5 10.5 -0.5 1 -0.2355384855179511 -0.6346213071918481 
0.5 10.5 6 1 -0.2815459464881563 -0.07930336049079589 
0.5 5.5 9.5 1 -0.3615221595391072 0.1255890688176091 
10.5 5.5 9.5 1 0.1338032607406255 0.1278474358087461 
0.5 6.5 -0.5 1 -0.3008113595185802 -0.5102647486565328 
0.5 8.5 -0.5 1 -0.272469761911266 -0.5642605868328071 
0.5 8.5 4.5 1 -0.3028117005787052 -0.1912475381245617 
0.5 6.5 4.5 1 -0.3272278598566475 -0.1808002338184682 
0.5 2.5 2 1 -0.3520031330186232 -0.2984163781054889 
0.5 4.5 2 1 -0.3350233234536113 -0.3189425858986927 
0.5 4.5 4.5 1 -0.3466297996989101 -0.1724984379728064 
0.5 2.5 4.5 1 -0.3624183007770241 -0.1657427777797982 
