-0.7061345648772684 -0.4870569928398833 -0.6257685818642261 0.04651560781157903 
-0.2429136924522614 -0.3313469611096087 -0.2103698465186819 -0.0291035406132011 
0.2337171125916556 -0.4197656536487149 0.255530423270014 -0.05985103463459279 
0.1059077604080551 -0.7318659736393921 0.1586191915162428 0.01222121529361786 
-0.7061345648772684 -0.4870569928398833 -0.2429136924522614 -0.3313469611096087 
-0.2429136924522614 -0.3313469611096087 0.2337171125916556 -0.4197656536487149 
0.2337171125916556 -0.4197656536487149 0.1059077604080551 -0.7318659736393921 
0.1059077604080551 -0.7318659736393921 -0.7061345648772684 -0.4870569928398833 
-0.6257685818642261 0.04651560781157903 -0.2581141524288983 0.3371157644433697 
-0.2581141524288983 0.3371157644433697 0.1586191915162428 0.01222121529361786 
-0.2103698465186819 -0.0291035406132011 0.0177743378263649 0.1251664519171528 
0.0177743378263649 0.1251664519171528 0.255530423270014 -0.05985103463459279 
-0.2581141524288983 0.3371157644433697 0.0177743378263649 0.1251664519171528 
-0.6257685818642261 0.04651560781157903 -0.2103698465186819 -0.0291035406132011 
0.1586191915162428 0.01222121529361786 0.255530423270014 -0.05985103463459279 
-0.2846163589141206 -0.6141334261452751 -0.1034728262867182 -0.6687433426731549 
-0.1034728262867182 -0.6687433426731549 -0.0544269411279388 -0.1301176325879002 
-0.0544269411279388 -0.1301176325879002 -0.2300884891461188 -0.112698777113192 
-0.2300884891461188 -0.112698777113192 -0.2846163589141206 -0.6141334261452751 
-0.5512221509036336 -0.2993440756509296 -0.4130444874003422 -0.3265319645320097 
-0.4130444874003422 -0.3265319645320097 -0.3845505217701674 -0.09738209652507904 
-0.3845505217701674 -0.09738209652507904 -0.5214323048311185 -0.08380869914153613 
-0.5214323048311185 -0.08380869914153613 -0.5512221509036336 -0.2993440756509296 
