0 0 0 1 0.275930482148011 -0.2363480277770096 
0 0 6.5 1 0.2430886466704914 0.08573947297748728 
10 0 0 1 0.5596384858961785 -0.4634358176331602 
10 0 6.5 1 0.493106385425812 0.178111984595515 
10 10 0 1 -0.4330151725086949 -0.5683673894411699 
10 10 6.5 1 -0.4959460130618196 0.08034762325304753 
0 10 0 1 -0.2210140706270693 -0.2875306446124357 
0 10 6.5 1 -0.2529516589451312 0.03635350004837951 
0 5 10 1 -0.02166824644702911 0.2344478198239383 
10 5 10 1 -0.03348199251090874 0.4745557596608854 
0 6 0 1 -0.02161196232813345 -0.2669932996546375 
0 8 0 1 -0.1212085324553325 -0.2772512108410597 
0 8 5 1 -0.1459286387821276 -0.02826289748946764 
0 6 5 1 -0.04647187493496042 -0.01828227292861532 
0 2 2.5 1 0.1643776477271162 -0.1223595773197248 
0 4 2.5 1 0.06526636295798659 -0.1324363935046149 
0 4 5 1 0.05277721448909543 -0.008322488784923081 
0 2 5 1 0.1518192792751792 0.001616520148451432 
0.5 0.5 -0.5 1 0.2604702271724051 -0.2702800101944542 
0.5 0.5 6 1 0.2268105946772985 0.06023791384583258 
10.5 0.5 -0.5 1 0.5430991319295535 -0.5449363548175276 
10.5 0.5 6 1 0.4731186837870769 0.130949907361858 
10.5 10.5 -0.5 1 -0.5031229170633172 -0.6564137445285371 
10.5 10.5 6 1 -0.5691030003895698 0.02743182174935208 
0.5 10.5 -0.5 1 -0.2495471182341646 -0.3229831216371583 
0.5 10.5 6 1 -0.2822542643869513 0.009426958442619397 
0.5 5.5 9.5 1 -0.04484881327301479 0.2127718779536258 
10.5 5.5 9.5 1 -0.08149837033341535 0.4429953685805417 
0.5 6.5 -0.5 1 -0.04488275870617935 -0.3018339418186671 
0.5 8.5 -0.5 1 -0.1471048969431567 -0.3123971604855151 
0.5 8.5 4.5 1 -0.1724251239957099 -0.05685863519246321 
0.5 6.5 4.5 1 -0.07035026917096875 -0.04658746829917044 
0.5 2.5 2 1 0.1460131180354231 -0.1533347570871852 
0.5 4.5 2 1 0.04430202793613743 -0.1637071070939261 
0.5 4.5 4.5 1 0.03150590055361001 -0.03633830634690552 
0.5 2.5 4.5 1 0.1331440871922457 -0.02611107869628109 
