0 0 0 1 0.1050696781747355 -0.4150092761516387 
0 0 6.5 1 0.1178284863760809 -0.1315303417292602 
10 0 0 1 0.5784069215914739 -0.5668812668908364 
10 0 6.5 1 0.5685598409110089 -0.1464523019592503 
10 10 0 1 0.1673528751315825 -0.8053446941178493 
10 10 6.5 1 0.1915567647267998 -0.09351448900151652 
0 10 0 1 -0.3048676640495797 -0.4870992904752235 
0 10 6.5 1 -0.2642965777652317 -0.09560866045295383 
0 5 10 1 -0.03217371622355604 0.04804846073267845 
10 5 10 1 0.4251727275886832 0.1269262167962704 
0 6 0 1 -0.1078036409680724 -0.4524443645064752 
0 8 0 1 -0.1992299847314641 -0.468522251911642 
0 8 5 1 -0.1741215099442885 -0.1852655792916832 
0 6 5 1 -0.08782033774205859 -0.1881268870007007 
0 2 2.5 1 0.04893300845151314 -0.3074267821065683 
0 4 2.5 1 -0.01980837357106808 -0.3122483492827051 
0 4 5 1 -0.01200620972413489 -0.190640497690041 
0 2 5 1 0.0551229134833309 -0.192866157815294 
0.5 0.5 -0.5 1 0.1052862361791295 -0.4465387576605599 
0.5 0.5 6 1 0.1184593846142666 -0.1523034667005861 
10.5 0.5 -0.5 1 0.603433251124961 -0.6222515898717642 
10.5 0.5 6 1 0.5915318155999584 -0.1777821388992312 
10.5 10.5 -0.5 1 0.1736902030602562 -0.9255226828631228 
10.5 10.5 6 1 0.1992215302447558 -0.1420909444104007 
0.5 10.5 -0.5 1 -0.324572843035818 -0.5349980989743831 
0.5 10.5 6 1 -0.2809751796644859 -0.1226986108957761 
0.5 5.5 9.5 1 -0.03709135594527586 0.03130064152343044 
10.5 5.5 9.5 1 0.444408945912457 0.1052785080986139 
0.5 6.5 -0.5 1 -0.1164758539177251 -0.492174477287957 
0.5 8.5 -0.5 1 -0.2126822001187617 -0.5119724772061995 
0.5 8.5 4.5 1 -0.1859143557887643 -0.2146217523334233 
0.5 6.5 4.5 1 -0.09534179831836757 -0.2156228230429668 
0.5 2.5 2 1 0.04712929395435406 -0.3364070183390173 
0.5 4.5 2 1 -0.02437282339165004 -0.3432761213933116 
0.5 4.5 4.5 1 -0.01619088995087574 -0.2164976537666809 
0.5 2.5 4.5 1 0.05357071485699964 -0.217268707396769 
