-0.03422653528239946 -0.2362066659984329 -0.06780271185525451 0.465547441794154 
-0.247990627775289 -0.04525634815312789 -0.2790291666559283 0.3146014765747293 
0.189488777176519 0.01235433979995454 0.1882845155545251 0.306194133915288 
0.6161899120630746 -0.08538537858580901 0.6535075464678504 0.4022977110021536 
-0.03422653528239946 -0.2362066659984329 -0.247990627775289 -0.04525634815312789 
-0.247990627775289 -0.04525634815312789 0.189488777176519 0.01235433979995454 
0.189488777176519 0.01235433979995454 0.6161899120630746 -0.08538537858580901 
0.6161899120630746 -0.08538537858580901 -0.03422653528239946 -0.2362066659984329 
-0.06780271185525451 0.465547441794154 0.3723298267685416 0.793422005187873 
0.3723298267685416 0.793422005187873 0.6535075464678504 0.4022977110021536 
-0.2790291666559283 0.3146014765747293 -0.0283288219240419 0.5008707436495285 
-0.0283288219240419 0.5008707436495285 0.1882845155545251 0.306194133915288 
0.3723298267685416 0.793422005187873 -0.0283288219240419 0.5008707436495285 
-0.06780271185525451 0.465547441794154 -0.2790291666559283 0.3146014765747293 
0.6535075464678504 0.4022977110021536 0.1882845155545251 0.306194133915288 
0.4087239394217884 -0.1334934564423502 0.5190181223589274 -0.1079179797879797 
0.5190181223589274 -0.1079179797879797 0.5418268141977306 0.2826905627707212 
0.5418268141977306 0.2826905627707212 0.4244166771002808 0.2835532056630953 
0.4244166771002808 0.2835532056630953 0.4087239394217884 -0.1334934564423502 
0.1331334301397466 0.03381265432998333 0.2853747278828977 0.05168370026236462 
0.2853747278828977 0.05168370026236462 0.2885432173340771 0.2845515034014952 
0.2885432173340771 0.2845515034014952 0.1294796034074677 0.2857201852494283 
0.1294796034074677 0.2857201852494283 0.1331334301397466 0.03381265432998333 
