-0.5947202052256227 -0.2812408747857667 -0.5476419453941856 0.3168229335440181 
-0.2503611119546512 -0.1368604451196654 -0.2221382448878817 0.1751799020945739 
0.2373533721346385 -0.1976125165577667 0.2731085452257919 0.1338994217964676 
0.3481526671027657 -0.4229300666742458 0.4240792375672123 0.2510041211226158 
-0.5947202052256227 -0.2812408747857667 -0.2503611119546512 -0.1368604451196654 
-0.2503611119546512 -0.1368604451196654 0.2373533721346385 -0.1976125165577667 
0.2373533721346385 -0.1976125165577667 0.3481526671027657 -0.4229300666742458 
0.3481526671027657 -0.4229300666742458 -0.5947202052256227 -0.2812408747857667 
-0.5476419453941856 0.3168229335440181 -0.05856066855544415 0.6391532056391827 
-0.05856066855544415 0.6391532056391827 0.4240792375672123 0.2510041211226158 
-0.2221382448878817 0.1751799020945739 0.035143508068903 0.3313289971003879 
0.035143508068903 0.3313289971003879 0.2731085452257919 0.1338994217964676 
-0.05856066855544415 0.6391532056391827 0.035143508068903 0.3313289971003879 
-0.5476419453941856 0.3168229335440181 -0.2221382448878817 0.1751799020945739 
0.4240792375672123 0.2510041211226158 0.2731085452257919 0.1338994217964676 
-0.05684489120689978 -0.3620695005917827 0.1405439986590505 -0.3917319005967854 
0.1405439986590505 -0.3917319005967854 0.193425333809143 0.1111415783910974 
0.193425333809143 0.1111415783910974 -0.008727242942714817 0.1287278995751118 
-0.008727242942714817 0.1287278995751118 -0.05684489120689978 -0.3620695005917827 
-0.4041372228648905 -0.07469446796573209 -0.2230608849879161 -0.09620830326411998 
-0.2230608849879161 -0.09620830326411998 -0.2010025729449855 0.1454549468555083 
-0.2010025729449855 0.1454549468555083 -0.3841073014097247 0.1613841950344487 
-0.3841073014097247 0.1613841950344487 -0.4041372228648905 -0.07469446796573209 
