0 0 0 1 -0.42632281330619 -0.4236306302372149 
0 0 6.5 1 -0.4418661547378177 -0.09291945595855261 
10 0 0 1 0.005069458902636963 -0.3237928236780959 
10 0 6.5 1 -0.01748093858556674 -0.06345471033222488 
10 10 0 1 0.3225728273132985 -0.4142719773263472 
10 10 6.5 1 0.2775937386341474 -0.02152582391399584 
0 10 0 1 -0.2860157048233491 -0.6319248586313299 
0 10 6.5 1 -0.3198750585275549 -0.05347666797860256 
0 5 10 1 -0.4079163153036354 0.1353348195883823 
10 5 10 1 0.08494764564293175 0.1146989920377046 
0 6 0 1 -0.3616756784351954 -0.5196031381268699 
0 8 0 1 -0.3288116422189635 -0.5683917500482213 
0 8 5 1 -0.3503413784574959 -0.1773806131985997 
0 6 5 1 -0.3797705386307845 -0.1740694910101428 
0 2 2.5 1 -0.4157118204790392 -0.3076462153993202 
0 4 2.5 1 -0.3955869874150307 -0.3240181701084237 
0 4 5 1 -0.403249693668891 -0.1714278134782282 
0 2 5 1 -0.4224176404784872 -0.1692711969246229 
0.5 0.5 -0.5 1 -0.393422384877175 -0.4497343378538393 
0.5 0.5 6 1 -0.4101160461347267 -0.1148218991938818 
10.5 0.5 -0.5 1 0.03460011481084221 -0.3435146714143894 
10.5 0.5 6 1 0.01116088690178469 -0.08057473520263832 
10.5 10.5 -0.5 1 0.3715418629338706 -0.4454246996144939 
10.5 10.5 6 1 0.324255079207676 -0.04673126996051841 
0.5 10.5 -0.5 1 -0.2251451410707415 -0.682048162285902 
0.5 10.5 6 1 -0.2627769249503698 -0.09065691099390899 
0.5 5.5 9.5 1 -0.3680526526635466 0.1110635681680994 
10.5 5.5 9.5 1 0.119809362144596 0.09617883781556982 
0.5 6.5 -0.5 1 -0.3162255411507295 -0.5563078328464475 
0.5 8.5 -0.5 1 -0.2767610512574454 -0.6107902237448585 
0.5 8.5 4.5 1 -0.3004674041215249 -0.2121215768732383 
0.5 6.5 4.5 1 -0.3359944437787772 -0.2048027674288989 
0.5 2.5 2 1 -0.380019258737248 -0.3345328935801073 
0.5 4.5 2 1 -0.3559332614430952 -0.3539041407681088 
0.5 4.5 4.5 1 -0.3642485991534363 -0.1989822211297177 
0.5 2.5 4.5 1 -0.3872557950366151 -0.1942425838241027 
