0.1769217861647682 -0.3992360539313627 0.1706928836560623 -0.1024854109778253 
0.6670265720395981 -0.5282610686909026 0.6147008285197983 -0.05061899756752775 
0.04658488605391727 -0.7076851432400576 0.0488827540337747 0.0375588329902235 
-0.2786821726382633 -0.4511509989472131 -0.2545669619532668 -0.06939916283316101 
0.1769217861647682 -0.3992360539313627 0.6670265720395981 -0.5282610686909026 
0.6670265720395981 -0.5282610686909026 0.04658488605391727 -0.7076851432400576 
0.04658488605391727 -0.7076851432400576 -0.2786821726382633 -0.4511509989472131 
-0.2786821726382633 -0.4511509989472131 0.1769217861647682 -0.3992360539313627 
0.1706928836560623 -0.1024854109778253 -0.01371326936955492 0.07530485035198087 
-0.01371326936955492 0.07530485035198087 -0.2545669619532668 -0.06939916283316101 
0.6147008285197983 -0.05061899756752775 0.3720457353659355 0.2502444620396722 
0.3720457353659355 0.2502444620396722 0.0488827540337747 0.0375588329902235 
-0.01371326936955492 0.07530485035198087 0.3720457353659355 0.2502444620396722 
0.1706928836560623 -0.1024854109778253 0.6147008285197983 -0.05061899756752775 
-0.2545669619532668 -0.06939916283316101 0.0488827540337747 0.0375588329902235 
-0.06759914803505772 -0.427098610015289 -0.1672629476299161 -0.4384550536459176 
-0.1672629476299161 -0.4384550536459176 -0.1552075071457903 -0.1563729298266708 
-0.1552075071457903 -0.1563729298266708 -0.06108073591540249 -0.1597227782327413 
-0.06108073591540249 -0.1597227782327413 -0.06759914803505772 -0.427098610015289 
0.1022943101557833 -0.283786397253821 0.0230907511374966 -0.2867500838484769 
0.0230907511374966 -0.2867500838484769 0.02405728947464985 -0.1627527289568641 
0.02405728947464985 -0.1627527289568641 0.1014354771729905 -0.1655065172291875 
0.1014354771729905 -0.1655065172291875 0.1022943101557833 -0.283786397253821 
