0.2807418072060498 -0.3508228694756575 0.2450819278689094 -0.03045665567970254 
0.6646473948315083 -0.601923456118459 0.5783739761685408 0.02347041901824202 
-0.3362427053640581 -0.7751403472572816 -0.3808237300870732 -0.05879621045075508 
-0.2227943070286415 -0.4170177402236019 -0.2476502755037136 -0.07434472485801782 
0.2807418072060498 -0.3508228694756575 0.6646473948315083 -0.601923456118459 
0.6646473948315083 -0.601923456118459 -0.3362427053640581 -0.7751403472572816 
-0.3362427053640581 -0.7751403472572816 -0.2227943070286415 -0.4170177402236019 
-0.2227943070286415 -0.4170177402236019 0.2807418072060498 -0.3508228694756575 
0.2450819278689094 -0.03045665567970254 -0.009476949263724433 0.1197720749168831 
-0.009476949263724433 0.1197720749168831 -0.2476502755037136 -0.07434472485801782 
0.5783739761685408 0.02347041901824202 0.0941636369967149 0.3176795339891495 
0.0941636369967149 0.3176795339891495 -0.3808237300870732 -0.05879621045075508 
-0.009476949263724433 0.1197720749168831 0.0941636369967149 0.3176795339891495 
0.2450819278689094 -0.03045665567970254 0.5783739761685408 0.02347041901824202 
-0.2476502755037136 -0.07434472485801782 -0.3808237300870732 -0.05879621045075508 
-0.01361230260690922 -0.3895186684508894 -0.1168412767496442 -0.4030891520917835 
-0.1168412767496442 -0.4030891520917835 -0.1379363573053847 -0.1415645025432546 
-0.1379363573053847 -0.1415645025432546 -0.03646673015322872 -0.1315562005732751 
-0.03646673015322872 -0.1315562005732751 -0.01361230260690922 -0.3895186684508894 
0.1719097071664404 -0.2366249925904577 0.07461680571585451 -0.2478001067621763 
0.07461680571585451 -0.2478001067621763 0.06247712188038832 -0.1217970245812268 
0.06247712188038832 -0.1217970245812268 0.158988346616787 -0.1122777870737703 
0.158988346616787 -0.1122777870737703 0.1719097071664404 -0.2366249925904577 
