0 0 0 1 -0.5091765168540308 -0.3234366266556297 
0 0 6.5 1 -0.4876847798136449 0.3063632552395463 
10 0 0 1 -0.2527486641348023 -0.1169048232712971 
10 0 6.5 1 -0.2333815144512858 0.203984442583958 
10 10 0 1 0.2343831361249685 -0.159978846805694 
10 10 6.5 1 0.2703805762560322 0.161142298320415 
0 10 0 1 0.4390650915372746 -0.4095670433824414 
0 10 6.5 1 0.5256778586662558 0.221041932135911 
0 5 10 1 0.04838504421627524 0.6401667362435643 
10 5 10 1 0.03350865730900664 0.3646354054309357 
0 6 0 1 0.05751033360019295 -0.3749097682593095 
0 8 0 1 0.2479083667497684 -0.3922039491874796 
0 8 5 1 0.3034749165282346 0.08523754543515884 
0 6 5 1 0.1031350373972087 0.102427861282747 
0 2 2.5 1 -0.3083625848137161 -0.1079427240663328 
0 4 2.5 1 -0.1147008501056891 -0.1250588106621552 
0 4 5 1 -0.09637040917436988 0.1195465780093185 
0 2 5 1 -0.2950466255756982 0.1365941420098385 
0.5 0.5 -0.5 1 -0.4423193310587579 -0.3515667477068532 
0.5 0.5 6 1 -0.417656765155126 0.2435974157477633 
10.5 0.5 -0.5 1 -0.224115480460076 -0.1370743319973191 
10.5 0.5 6 1 -0.2043244301759421 0.174590913491575 
10.5 10.5 -0.5 1 0.2505126422402443 -0.1791304172214833 
10.5 10.5 6 1 0.2860773142195883 0.1327467305228782 
0.5 10.5 -0.5 1 0.4596668320548713 -0.4337045710268753 
0.5 10.5 6 1 0.5430547537732173 0.1621356884532831 
0.5 5.5 9.5 1 0.09220183497536782 0.556699086301684 
10.5 5.5 9.5 1 0.05589826504390986 0.3302597686160478 
0.5 6.5 -0.5 1 0.09683021502429592 -0.4006634766482052 
0.5 8.5 -0.5 1 0.2779055914108114 -0.4171527953112548 
0.5 8.5 4.5 1 0.3320661919168827 0.03434591671259108 
0.5 6.5 4.5 1 0.1420217234132107 0.05074868910563494 
0.5 2.5 2 1 -0.249875614072615 -0.1476235348940336 
0.5 4.5 2 1 -0.0658501776283793 -0.1639544928782979 
0.5 4.5 4.5 1 -0.04727201416789658 0.06708666577719211 
0.5 2.5 4.5 1 -0.2358194604657326 0.08336022991333172 
