0 0 0 1 0.3279493815078708 -0.5451675556521248 
0 0 6.5 1 0.2639898600486927 0.06237804294948966 
10 0 0 1 -0.2248977651403893 -0.3849220140759702 
10 0 6.5 1 -0.2602118229697513 -0.01148226715142055 
10 10 0 1 0.1122250010781934 -0.2484994669661933 
10 10 6.5 1 0.08569222566093643 0.01270574853042358 
0 10 0 1 0.5625053920281938 -0.2922871366672107 
0 10 6.5 1 0.5229912537421195 0.06529285319340253 
0 5 10 1 0.4007718450097042 0.3032818638263431 
10 5 10 1 -0.07308326127883062 0.1666951023574516 
0 6 0 1 0.4964039001729063 -0.3635527287055978 
0 8 0 1 0.5324178803163653 -0.3247251993330211 
0 8 5 1 0.4994395651509156 -0.02445997745140706 
0 6 5 1 0.4604365965351432 -0.03365418830597487 
0 2 2.5 1 0.3758292000249966 -0.2634202745754916 
0 4 2.5 1 0.4326750353905797 -0.2271817651519609 
0 4 5 1 0.4129740487150938 -0.04484258467270871 
0 2 5 1 0.3539648665662396 -0.05875288130620047 
0.5 0.5 -0.5 1 0.3090535970188664 -0.5571535787947145 
0.5 0.5 6 1 0.2491943588839371 0.01362035302808728 
10.5 0.5 -0.5 1 -0.2154202174799786 -0.398647742477991 
10.5 0.5 6 1 -0.2494478750827699 -0.03943220375555697 
10.5 10.5 -0.5 1 0.1097145812941024 -0.2619486856261576 
10.5 10.5 6 1 0.08391658843810353 -0.007782809493377492 
0.5 10.5 -0.5 1 0.5423914290676769 -0.3089084846219891 
0.5 10.5 6 1 0.5044720891284293 0.03560920202411519 
0.5 5.5 9.5 1 0.3834048608306146 0.2556324479764811 
10.5 5.5 9.5 1 -0.07011540890978937 0.1379147432040584 
0.5 6.5 -0.5 1 0.475417294269135 -0.3801613982803406 
0.5 8.5 -0.5 1 0.5117857237485308 -0.341469497692449 
0.5 8.5 4.5 1 0.4802477193666512 -0.05313827712955401 
0.5 6.5 4.5 1 0.4411582407937258 -0.06461252638347911 
0.5 2.5 2 1 0.3565993103333632 -0.2892200046141505 
0.5 4.5 2 1 0.412679381980622 -0.2520672793849491 
0.5 4.5 4.5 1 0.3940002341079928 -0.0784551956332335 
0.5 2.5 4.5 1 0.3359880447297398 -0.09548398048770915 
