0.01353038318312598 -0.1641251889304171 0.0389842703672595 0.08911010232331865 
0.4325664898348855 -0.2523664279672369 0.4663744268472026 0.0679346520116116 
0.2889645917705531 -0.3964204329713306 0.3462600036035515 0.1543015158351114 
-0.2917549459334278 -0.2195916219994676 -0.2550533104497749 0.1588184672001765 
0.01353038318312598 -0.1641251889304171 0.4325664898348855 -0.2523664279672369 
0.4325664898348855 -0.2523664279672369 0.2889645917705531 -0.3964204329713306 
0.2889645917705531 -0.3964204329713306 -0.2917549459334278 -0.2195916219994676 
-0.2917549459334278 -0.2195916219994676 0.01353038318312598 -0.1641251889304171 
0.0389842703672595 0.08911010232331865 -0.06257319959568082 0.2813245218182606 
-0.06257319959568082 0.2813245218182606 -0.2550533104497749 0.1588184672001765 
0.4663744268472026 0.0679346520116116 0.4453193068085239 0.3193596747121976 
0.4453193068085239 0.3193596747121976 0.3462600036035515 0.1543015158351114 
-0.06257319959568082 0.2813245218182606 0.4453193068085239 0.3193596747121976 
0.0389842703672595 0.08911010232331865 0.4663744268472026 0.0679346520116116 
-0.2550533104497749 0.1588184672001765 0.3462600036035515 0.1543015158351114 
-0.1394650686249402 -0.1919225023884162 -0.2087749143060892 -0.2045152133700564 
-0.2087749143060892 -0.2045152133700564 -0.182853071760045 0.06013425023750709 
-0.182853071760045 0.06013425023750709 -0.1154865933978962 0.05090140616309901 
-0.1154865933978962 0.05090140616309901 -0.1394650686249402 -0.1919225023884162 
-0.01984449476181492 -0.06798626119656762 -0.06956719487880637 -0.06923218352029015 
-0.06956719487880637 -0.06923218352029015 -0.0584005815444773 0.04307754095466369 
-0.0584005815444773 0.04307754095466369 -0.009408590505020954 0.03636299352455416 
-0.009408590505020954 0.03636299352455416 -0.01984449476181492 -0.06798626119656762 
