0 0 0 1 0.4031783597005379 -0.52376732905685 
0 0 6.5 1 0.3444186940720228 0.02086842665031998 
10 0 0 1 -0.2791658840530835 -0.462459020400558 
10 0 6.5 1 -0.2772706069937775 -0.05143815607039983 
10 10 0 1 -0.009895621577282299 -0.3521067783709788 
10 10 6.5 1 -0.02067353956724584 -0.08904560234944585 
0 10 0 1 0.4279133122503075 -0.3654016570203481 
0 10 6.5 1 0.3920452184444292 -0.05340995432265874 
0 5 10 1 0.3527749892369967 0.1666089366624417 
10 5 10 1 -0.125605934304124 0.08458343557840697 
0 6 0 1 0.4211435229326673 -0.4087452709883325 
0 8 0 1 0.424850767660548 -0.3850096158843546 
0 8 5 1 0.3945163564484691 -0.1190773100868814 
0 6 5 1 0.3879566969446652 -0.1150320453159591 
0 2 2.5 1 0.3896886543417086 -0.2836462072682545 
0 4 2.5 1 0.3977350283272004 -0.2694541162085785 
0 4 5 1 0.3799383262104384 -0.1100872105066899 
0 2 5 1 0.3699138014809459 -0.1039052041525581 
0.5 0.5 -0.5 1 0.3663019745126102 -0.5503920516810531 
0.5 0.5 6 1 0.3131732237405364 -0.02626350940053932 
10.5 0.5 -0.5 1 -0.2834077935929133 -0.4846429054197188 
10.5 0.5 6 1 -0.2812926903916709 -0.08540075547845651 
10.5 10.5 -0.5 1 -0.01861091339275808 -0.3688421110800437 
10.5 10.5 6 1 -0.028779192549598 -0.1106410478388869 
0.5 10.5 -0.5 1 0.4059924649631816 -0.3849395043466385 
0.5 10.5 6 1 0.3721512637540832 -0.07975818638458107 
0.5 5.5 9.5 1 0.3299082589640883 0.1280826565713353 
10.5 5.5 9.5 1 -0.1324922817539662 0.05494756342979833 
0.5 6.5 -0.5 1 0.394970053414371 -0.430887187225239 
0.5 8.5 -0.5 1 0.4009909580509194 -0.4057886309195389 
0.5 8.5 4.5 1 0.3725342804297994 -0.1462886636723984 
0.5 6.5 4.5 1 0.3640402162492631 -0.1450062641765812 
0.5 2.5 2 1 0.3590382865587962 -0.3154484413475682 
0.5 4.5 2 1 0.3701908857202028 -0.2982346294469128 
0.5 4.5 4.5 1 0.353720603259756 -0.1434482506964032 
0.5 2.5 4.5 1 0.340916062539146 -0.1415150728659474 
