0 0 0 1 -0.02243254178680072 -0.06672142696372109 
0 0 6.5 1 -0.0001811845952463002 0.1848648277704784 
10 0 0 1 0.3848128686627855 -0.1340278731058759 
10 0 6.5 1 0.422524362775041 0.1659781830007816 
10 10 0 1 0.3188699294460867 -0.2608440050105447 
10 10 6.5 1 0.3812847163756023 0.2543776978737463 
0 10 0 1 -0.2873544854651907 -0.1263773170204381 
0 10 6.5 1 -0.2621671755609541 0.2608334193397269 
0 5 10 1 -0.08946036116817244 0.3859423763992038 
10 5 10 1 0.4341457169558755 0.4134465984805298 
0 6 0 1 -0.1536297740603938 -0.09626479945898134 
0 8 0 1 -0.2140960429842524 -0.1098807689063467 
0 8 5 1 -0.1949992857823013 0.1570465914957447 
0 6 5 1 -0.1349141644186435 0.1471455884249038 
0 2 2.5 1 -0.05093183593097073 0.02741645521777095 
0 4 2.5 1 -0.09386365623498266 0.02590359780256729 
0 4 5 1 -0.08467223553096363 0.1388665755692725 
0 2 5 1 -0.04203784313568611 0.1318411549584988 
0.5 0.5 -0.5 1 -0.01555948955329535 -0.09099207973806435 
0.5 0.5 6 1 0.007404290550474738 0.166292466943266 
10.5 0.5 -0.5 1 0.4049459074767954 -0.1651195157407118 
10.5 0.5 6 1 0.4443495667066298 0.1430192371179856 
10.5 10.5 -0.5 1 0.350551091728869 -0.3213794357363826 
10.5 10.5 6 1 0.4178600801025597 0.2183013046166411 
0.5 10.5 -0.5 1 -0.2866869920310793 -0.1662148937919405 
0.5 10.5 6 1 -0.2604924787855713 0.2346636083615754 
0.5 5.5 9.5 1 -0.08280727436221619 0.3691124556311144 
10.5 5.5 9.5 1 0.4630764093788236 0.3931765807463381 
0.5 6.5 -0.5 1 -0.1489526388527878 -0.1280012653578037 
0.5 8.5 -0.5 1 -0.2110083716453754 -0.1452182824666318 
0.5 8.5 4.5 1 -0.1911706800726763 0.1301148095209829 
0.5 6.5 4.5 1 -0.1295404581231311 0.1223798237453614 
0.5 2.5 2 1 -0.04421763868685366 0.00353501484362781 
0.5 4.5 2 1 -0.08781819358780661 -1.326897032060464e-05 
0.5 4.5 4.5 1 -0.07829851522660397 0.1159486332209409 
0.5 2.5 4.5 1 -0.03502246366476172 0.1105172128452371 
