0 0 0 1 0.2562903093519662 -0.03352330269505835 
0 0 6.5 1 0.2615572674968703 0.3421923861442214 
10 0 0 1 -0.1915954278624119 -0.203818178008176 
10 0 6.5 1 -0.2386511621650256 0.4321783798047154 
10 10 0 1 -0.5415095926635298 -0.0689636803380365 
10 10 6.5 1 -0.5953869768858469 0.3175378985952611 
0 10 0 1 -0.1117236834659034 0.01613792506454218 
0 10 6.5 1 -0.1269019780358558 0.2882223971899784 
0 5 10 1 0.03043670986034007 0.4969141297806254 
10 5 10 1 -0.4969448984036032 0.6582119835705863 
0 6 0 1 0.008881877009343394 -0.0001370544871176177 
0 8 0 1 -0.05484678642703184 0.008462737182475337 
0 8 5 1 -0.06470897282195688 0.2272195247150227 
0 6 5 1 0.001208841492134312 0.2319979301449776 
0 2 2.5 1 0.1620232338846004 0.1081212094456008 
0 4 2.5 1 0.07843211153520806 0.1109482022339654 
0 4 5 1 0.07597400913435867 0.2374176833141407 
0 2 5 1 0.1614958745699964 0.2436171932710442 
0.5 0.5 -0.5 1 0.2174436541047873 -0.06210198731428453 
0.5 0.5 6 1 0.2199118489974003 0.3101474558481624 
10.5 0.5 -0.5 1 -0.2535338609662531 -0.2503196155184455 
10.5 0.5 6 1 -0.3080093022843092 0.375673616784808 
10.5 10.5 -0.5 1 -0.5787320795217537 -0.09835981830263217 
10.5 10.5 6 1 -0.6351556986106888 0.2844493482777666 
0.5 10.5 -0.5 1 -0.13920453859466 -0.004907422725251012 
0.5 10.5 6 1 -0.1557532907677165 0.2653564574948304 
0.5 5.5 9.5 1 -0.004779417641923885 0.4687292215289804 
10.5 5.5 9.5 1 -0.5499974990056695 0.61273099024486 
0.5 6.5 -0.5 1 -0.02224913584482171 -0.02366319795007924 
0.5 8.5 -0.5 1 -0.08403996064700939 -0.01375399500863432 
0.5 8.5 4.5 1 -0.09508143724635364 0.2034617304169232 
0.5 6.5 4.5 1 -0.03126718673372043 0.2067361140222894 
0.5 2.5 2 1 0.1252588521342775 0.08036304448862186 
0.5 4.5 2 1 0.04433406226353191 0.08499540760382079 
0.5 4.5 4.5 1 0.041084458901241 0.2104485613265399 
0.5 2.5 4.5 1 0.1238095842659107 0.2146932839718731 
