-0.3222758976046105 -0.2073170668836119 -0.3546643463520335 0.07578821533315049 
0.07796775072173399 -0.1408587099103392 0.05457205221758953 0.1080836440169392 
0.3159765104030318 -0.2305254239656469 0.2836902070681424 0.1611480217553479 
-0.3096867064016388 -0.3650256793339629 -0.3651305461718061 0.1184380915693578 
-0.3222758976046105 -0.2073170668836119 0.07796775072173399 -0.1408587099103392 
0.07796775072173399 -0.1408587099103392 0.3159765104030318 -0.2305254239656469 
0.3159765104030318 -0.2305254239656469 -0.3096867064016388 -0.3650256793339629 
-0.3096867064016388 -0.3650256793339629 -0.3222758976046105 -0.2073170668836119 
-0.3546643463520335 0.07578821533315049 -0.3811434821971396 0.2891201054757459 
-0.3811434821971396 0.2891201054757459 -0.3651305461718061 0.1184380915693578 
0.05457205221758953 0.1080836440169392 0.1283449896328488 0.2964416331869334 
0.1283449896328488 0.2964416331869334 0.2836902070681424 0.1611480217553479 
-0.3811434821971396 0.2891201054757459 0.1283449896328488 0.2964416331869334 
-0.3546643463520335 0.07578821533315049 0.05457205221758953 0.1080836440169392 
-0.3651305461718061 0.1184380915693578 0.2836902070681424 0.1611480217553479 
-0.3163822960977903 -0.2811479985924344 -0.3134477533414519 -0.3179099048036225 
-0.3134477533414519 -0.3179099048036225 -0.3505980548250191 0.006270910917400581 
-0.3505980548250191 0.006270910917400581 -0.3494339396397017 0.007429460537693258 
-0.3494339396397017 0.007429460537693258 -0.3163822960977903 -0.2811479985924344 
-0.3341237629982308 -0.1098900540199727 -0.33352276122493 -0.1225002629031288 
-0.33352276122493 -0.1225002629031288 -0.3485033353253207 0.008355615688546876 
-0.3485033353253207 0.008355615688546876 -0.3477423861036729 0.009112926857511387 
-0.3477423861036729 0.009112926857511387 -0.3341237629982308 -0.1098900540199727 
