0 0 0 1 0.203424641323926 -0.3904722467084044 
0 0 6.5 1 0.1890508695384088 -0.08883523591335428 
10 0 0 1 0.6919064954634242 -0.5172272717773138 
10 0 6.5 1 0.6237215874286193 -0.01485615383210504 
10 10 0 1 -0.0196310866163347 -0.6928931071728135 
10 10 6.5 1 -0.02388269993638642 0.05985754468166194 
0 10 0 1 -0.2678628129002882 -0.4439329500309714 
0 10 6.5 1 -0.2527856835600065 -0.06722133861300583 
0 5 10 1 -0.009901334727221387 0.08448496231405601 
10 5 10 1 0.3368740127608621 0.2888327940455733 
0 6 0 1 -0.05324368888626063 -0.4195875336329262 
0 8 0 1 -0.1553604214574197 -0.431171190900534 
0 8 5 1 -0.1499633765092927 -0.1508300142111113 
0 6 5 1 -0.05316008062646237 -0.1521187828554 
0 2 2.5 1 0.1209675646788667 -0.2740062214297571 
0 4 2.5 1 0.03763188667936489 -0.2780435738334525 
0 4 5 1 0.03550792568654298 -0.1532992441738465 
0 2 5 1 0.117024814917064 -0.1543845007228324 
0.5 0.5 -0.5 1 0.2001435774440775 -0.4220519718809574 
0.5 0.5 6 1 0.1854679990637174 -0.1082257397142754 
10.5 0.5 -0.5 1 0.7170721934938125 -0.5799880146170523 
10.5 0.5 6 1 0.6425583168652738 -0.0428769964957335 
10.5 10.5 -0.5 1 -0.05074245168072977 -0.8090716209668055 
10.5 10.5 6 1 -0.050860840859032 0.02445065954222138 
0.5 10.5 -0.5 1 -0.2937523729939857 -0.4863780455375973 
0.5 10.5 6 1 -0.2761486324204737 -0.09047018287327062 
0.5 5.5 9.5 1 -0.02106325029044346 0.07006671110292832 
10.5 5.5 9.5 1 0.339661732878672 0.2767814458957639 
0.5 6.5 -0.5 1 -0.06769723782215042 -0.456936137251798 
0.5 8.5 -0.5 1 -0.1750157619849702 -0.4709135332678949 
0.5 8.5 4.5 1 -0.1683308579981987 -0.176808822773749 
0.5 6.5 4.5 1 -0.06686336503819565 -0.1769639888500175 
0.5 2.5 2 1 0.1145660270808341 -0.3018500320124203 
0.5 4.5 2 1 0.0277136228745771 -0.3072888811707968 
0.5 4.5 4.5 1 0.02575447334120889 -0.1771056218612861 
0.5 2.5 4.5 1 0.1106320348457462 -0.1772354182896564 
