0 0 0 1 0.2442466437003119 -0.4008273281488785 
0 0 6.5 1 0.2175280551288756 -0.08845493790994106 
10 0 0 1 0.7209925841024455 -0.5684157064426391 
10 0 6.5 1 0.6318054770212038 -0.01082929978856327 
10 10 0 1 -0.1427833702574812 -0.7774555105650383 
10 10 6.5 1 -0.1584903832147094 -0.002170767105208483 
0 10 0 1 -0.2497770318350686 -0.4681672473707531 
0 10 6.5 1 -0.2511791639663977 -0.09756295217080482 
0 5 10 1 -0.006146193719518718 0.07468705580960824 
10 5 10 1 0.2650011507816663 0.2897252942075516 
0 6 0 1 -0.0317918775521644 -0.4384538886636614 
0 8 0 1 -0.1369050106546905 -0.4527817645182171 
0 8 5 1 -0.1431184565892792 -0.1741806087221271 
0 6 5 1 -0.04244569886654039 -0.1696383177528306 
0 2 2.5 1 0.149026647064284 -0.2843197613923711 
0 4 2.5 1 0.05892075573898192 -0.2923934385189567 
0 4 5 1 0.0518229199552019 -0.1653849774684476 
0 2 5 1 0.1402796462774004 -0.1613938660870208 
0.5 0.5 -0.5 1 0.2385381728195221 -0.4348053684015136 
0.5 0.5 6 1 0.2112248155782927 -0.1101006997972427 
10.5 0.5 -0.5 1 0.7419518729986625 -0.6428283743583029 
10.5 0.5 6 1 0.6454227693404568 -0.04472640338077889 
10.5 10.5 -0.5 1 -0.194662275356433 -0.9036548304817199 
10.5 10.5 6 1 -0.2048850492589855 -0.04801890925125733 
0.5 10.5 -0.5 1 -0.2775363094552064 -0.5115374577147641 
0.5 10.5 6 1 -0.2772444983611488 -0.1234720604434644 
0.5 5.5 9.5 1 -0.02067207740089434 0.0577270424557951 
10.5 5.5 9.5 1 0.255845444073093 0.2723816858994551 
0.5 6.5 -0.5 1 -0.04898310750174013 -0.477555221995954 
0.5 8.5 -0.5 1 -0.1590260647079706 -0.4939168641826096 
0.5 8.5 4.5 1 -0.1644312783649145 -0.2025249635265575 
0.5 6.5 4.5 1 -0.05924911302910352 -0.1968458412918248 
0.5 2.5 2 1 0.139834063955423 -0.3144722476206656 
0.5 4.5 2 1 0.04606980146120473 -0.3238623897381722 
0.5 4.5 4.5 1 0.03899891735803874 -0.1915411152281529 
0.5 2.5 4.5 1 0.1309766310248062 -0.1865749436617364 
