0.2141934016300713 -0.3905276819436241 0.1964740930797866 -0.08639650991571948 
0.7009881891099262 -0.5219415670280857 0.6266452065051324 -0.007155420592934063 
-0.0498349735335842 -0.7029679787265646 -0.05674396092360384 0.05508548563455685 
-0.2634415883185557 -0.4467491489413346 -0.252415546934266 -0.07164943149530723 
0.2141934016300713 -0.3905276819436241 0.7009881891099262 -0.5219415670280857 
0.7009881891099262 -0.5219415670280857 -0.0498349735335842 -0.7029679787265646 
-0.0498349735335842 -0.7029679787265646 -0.2634415883185557 -0.4467491489413346 
-0.2634415883185557 -0.4467491489413346 0.2141934016300713 -0.3905276819436241 
0.1964740930797866 -0.08639650991571948 -0.008761000101834022 0.08453195891750796 
-0.008761000101834022 0.08453195891750796 -0.252415546934266 -0.07164943149530723 
0.6266452065051324 -0.007155420592934063 0.3202171630535986 0.2964257966147427 
0.3202171630535986 0.2964257966147427 -0.05674396092360384 0.05508548563455685 
-0.008761000101834022 0.08453195891750796 0.3202171630535986 0.2964257966147427 
0.1964740930797866 -0.08639650991571948 0.6266452065051324 -0.007155420592934063 
-0.252415546934266 -0.07164943149530723 -0.05674396092360384 0.05508548563455685 
-0.04758110612504638 -0.4213406398682084 -0.1506288029062471 -0.433470179800778 
-0.1506288029062471 -0.433470179800778 -0.1481506560696979 -0.1535694420756986 
-0.1481506560696979 -0.1535694420756986 -0.05025812905010799 -0.153554779439507 
-0.05025812905010799 -0.153554779439507 -0.04758110612504638 -0.4213406398682084 
0.1284149913412576 -0.2738983727728462 0.04332116290138557 -0.2787842047952002 
0.04332116290138557 -0.2787842047952002 0.03989487151009334 -0.1535412760527928 
0.03989487151009334 -0.1535412760527928 0.1231912896219269 -0.1535287996655545 
0.1231912896219269 -0.1535287996655545 0.1284149913412576 -0.2738983727728462 
