0 0 0 1 -0.1153342799456047 -0.03496964963436403 
0 0 6.5 1 -0.1131752195627383 0.2169295153241204 
10 0 0 1 0.2755851139860696 -0.06432376863563527 
10 0 6.5 1 0.2985311947242658 0.2059064835200298 
10 10 0 1 0.3244538530956748 -0.226758771402608 
10 10 6.5 1 0.3679865558734032 0.2195352936068011 
0 10 0 1 -0.2970896430847599 -0.1626357845637437 
0 10 6.5 1 -0.3079974842554406 0.2357966572691824 
0 5 10 1 -0.1884228492775479 0.4063054526609927 
10 5 10 1 0.342163736478141 0.4114338960316593 
0 6 0 1 -0.2039604964887791 -0.0972212735978269 
0 8 0 1 -0.2457133674266928 -0.1265487584257029 
0 8 5 1 -0.2503143941629699 0.1435958038331994 
0 6 5 1 -0.2061002523903183 0.1478164130794596 
0 2 2.5 1 -0.1398353976909349 0.0488292930415059 
0 4 2.5 1 -0.1695700401822443 0.03677894220056328 
0 4 5 1 -0.1697906364393129 0.1512824692928533 
0 2 5 1 -0.1394397441826515 0.1541797155438242 
0.5 0.5 -0.5 1 -0.1028482858403119 -0.05930096558336702 
0.5 0.5 6 1 -0.1000250582105386 0.1962825761115654 
10.5 0.5 -0.5 1 0.2968178548625305 -0.09110051577161267 
10.5 0.5 6 1 0.3213892544184089 0.1833643670881588 
10.5 10.5 -0.5 1 0.3615149554936526 -0.2768501762946688 
10.5 10.5 6 1 0.4100857491693576 0.1810046023687855 
0.5 10.5 -0.5 1 -0.2825588614437257 -0.2051670452533138 
0.5 10.5 6 1 -0.2926260559339617 0.2025018514112979 
0.5 5.5 9.5 1 -0.1733951559400457 0.3844910704227035 
10.5 5.5 9.5 1 0.3734538479702325 0.3874479701010245 
0.5 6.5 -0.5 1 -0.1899958623162052 -0.1300362313883582 
0.5 8.5 -0.5 1 -0.2313687852654008 -0.1636174831028026 
0.5 8.5 4.5 1 -0.2353109374788944 0.1120088828210512 
0.5 6.5 4.5 1 -0.1915002034408737 0.1195133666271837 
0.5 2.5 2 1 -0.1265733888190309 0.02372160408628306 
0.5 4.5 2 1 -0.1557833113234038 0.009158264838313198 
0.5 4.5 4.5 1 -0.1556999262421001 0.12564571310328 
0.5 2.5 4.5 1 -0.1258971561642567 0.1307507269848773 
