0 0 0 1 0.3884994514138789 -0.4890687067031111 
0 0 6.5 1 0.3200867664008009 0.08160763560419595 
10 0 0 1 -0.249578708927895 -0.4132543864322111 
10 0 6.5 1 -0.2673879663079948 -0.01976793956345666 
10 10 0 1 0.05023871855694458 -0.2982780107296909 
10 10 6.5 1 0.02890436416193286 -0.03793344065746857 
0 10 0 1 0.4936094284115665 -0.3107533374091427 
0 10 6.5 1 0.4493599359827054 0.01684989241920284 
0 5 10 1 0.3747135611362254 0.2482542511173266 
10 5 10 1 -0.1007545527536027 0.1285528371520032 
0 6 0 1 0.4646876701423236 -0.359818080392812 
0 8 0 1 0.4805112299851483 -0.3329739691341768 
0 8 5 1 0.4434687585676522 -0.05475629956274167 
0 6 5 1 0.4245128932190845 -0.05273284107680733 
0 2 2.5 1 0.3958907065448258 -0.2363683465615624 
0 4 2.5 1 0.4228057779681654 -0.2180144759438464 
0 4 5 1 0.4013342464017633 -0.0502586185218065 
0 2 5 1 0.3723448893965143 -0.04716412722027994 
0.5 0.5 -0.5 1 0.3581968915348587 -0.5135352479658902 
0.5 0.5 6 1 0.2950973829401529 0.03050353278840616 
10.5 0.5 -0.5 1 -0.2472423086429112 -0.4329677075015116 
10.5 0.5 6 1 -0.264535263933342 -0.05232621726660602 
10.5 10.5 -0.5 1 0.04447591768524613 -0.3142641779344342 
10.5 10.5 6 1 0.0238230057859111 -0.05959668142117541 
0.5 10.5 -0.5 1 0.4727212059580198 -0.3304923433813011 
0.5 10.5 6 1 0.4305780035731387 -0.01182511307081111 
0.5 5.5 9.5 1 0.3544976297607338 0.2049302274205226 
10.5 5.5 9.5 1 -0.1031040876875168 0.09863043562636922 
0.5 6.5 -0.5 1 0.4406812501647266 -0.3817014390279821 
0.5 8.5 -0.5 1 0.4581601761203367 -0.3537650711741457 
0.5 8.5 4.5 1 0.4230411140227247 -0.08391084697248051 
0.5 6.5 4.5 1 0.4027858521654744 -0.08477730663658853 
0.5 2.5 2 1 0.3696455417536307 -0.2686940341317578 
0.5 4.5 2 1 0.398342611856595 -0.2475503940507656 
0.5 4.5 4.5 1 0.3781962091030306 -0.08582917819562215 
0.5 2.5 4.5 1 0.3477142359390654 -0.08713310605472037 
