0.2369123227316818 -0.4742970559038488 0.1844675055029169 0.1490221297995289 
-0.2260001085753804 -0.2852240609054997 -0.2660340168167911 0.07499664743944039 
0.1397307000157 -0.1643110322859876 0.1163180067831617 0.1005345245040304 
0.5875728713259472 -0.2269184253847981 0.5638489813267534 0.1570903489789838 
0.2369123227316818 -0.4742970559038488 -0.2260001085753804 -0.2852240609054997 
-0.2260001085753804 -0.2852240609054997 0.1397307000157 -0.1643110322859876 
0.1397307000157 -0.1643110322859876 0.5875728713259472 -0.2269184253847981 
0.5875728713259472 -0.2269184253847981 0.2369123227316818 -0.4742970559038488 
0.1844675055029169 0.1490221297995289 0.4017857768989012 0.4214441332515457 
0.4017857768989012 0.4214441332515457 0.5638489813267534 0.1570903489789838 
-0.2660340168167911 0.07499664743944039 -0.06157398193521689 0.2588179890069785 
-0.06157398193521689 0.2588179890069785 0.1163180067831617 0.1005345245040304 
0.4017857768989012 0.4214441332515457 -0.06157398193521689 0.2588179890069785 
0.1844675055029169 0.1490221297995289 -0.2660340168167911 0.07499664743944039 
0.5638489813267534 0.1570903489789838 0.1163180067831617 0.1005345245040304 
0.4855162484694157 -0.2989157678256776 0.540792202718095 -0.2599205346365182 
0.540792202718095 -0.2599205346365182 0.5202023780843636 0.05819792519866565 
0.5202023780843636 0.05819792519866565 0.4618589088388538 0.04787561334904625 
0.4618589088388538 0.04787561334904625 0.4855162484694157 -0.2989157678256776 
0.3219598129335023 -0.1940281279258467 0.4055540635068086 -0.1573043522406415 
0.4055540635068086 -0.1573043522406415 0.3915930197428116 0.03544394911961863 
0.3915930197428116 0.03544394911961863 0.3053343223592848 0.02018278646252762 
0.3053343223592848 0.02018278646252762 0.3219598129335023 -0.1940281279258467 
