0.255680125137789 -0.1795984079180366 0.2933708971724114 0.1932112879329655 
-0.323297649347574 -0.2801764044331828 -0.3232866281641846 0.2442423191432036 
-0.4299684734897489 -0.08727615829214934 -0.4357078112396029 0.2262289974456308 
-0.01801242656863068 -0.0561974667791414 -0.004847875968883994 0.1960295819851237 
0.255680125137789 -0.1795984079180366 -0.323297649347574 -0.2801764044331828 
-0.323297649347574 -0.2801764044331828 -0.4299684734897489 -0.08727615829214934 
-0.4299684734897489 -0.08727615829214934 -0.01801242656863068 -0.0561974667791414 
-0.01801242656863068 -0.0561974667791414 0.255680125137789 -0.1795984079180366 
0.2933708971724114 0.1932112879329655 0.1265337616170754 0.3702216079466943 
0.1265337616170754 0.3702216079466943 -0.004847875968883994 0.1960295819851237 
-0.3232866281641846 0.2442423191432036 -0.3972432820622123 0.4671629780329614 
-0.3972432820622123 0.4671629780329614 -0.4357078112396029 0.2262289974456308 
0.1265337616170754 0.3702216079466943 -0.3972432820622123 0.4671629780329614 
0.2933708971724114 0.1932112879329655 -0.3232866281641846 0.2442423191432036 
-0.004847875968883994 0.1960295819851237 -0.4357078112396029 0.2262289974456308 
0.06703459947315518 -0.09454298619202621 0.02156701207648108 -0.07404281897489641 
0.02156701207648108 -0.07404281897489641 0.03370505330681593 0.1312076235083975 
0.03370505330681593 0.1312076235083975 0.08183299457837626 0.1257764631629553 
0.08183299457837626 0.1257764631629553 0.06703459947315518 -0.09454298619202621 
0.1928828582879241 -0.02000649025031781 0.1287287364311517 -0.001843054659135345 
0.1287287364311517 -0.001843054659135345 0.1380139076439489 0.1194365379729124 
0.1380139076439489 0.1194365379729124 0.2044535140890593 0.1119389358241852 
0.2044535140890593 0.1119389358241852 0.1928828582879241 -0.02000649025031781 
