0 0 0 1 -0.6842468119369571 -0.580558776061344 
0 0 6.5 1 -0.6149866292836341 -0.107067515622849 
10 0 0 1 -0.1825847174431989 -0.4428442771292266 
10 0 6.5 1 -0.1644597795057879 -0.144602181428961 
10 10 0 1 0.2644377793322488 -0.5387990486804938 
10 10 6.5 1 0.2572281820358586 -0.1446891977528722 
0 10 0 1 -0.118413426456173 -0.8581895022678144 
0 10 6.5 1 -0.0829214027959097 -0.08639045847492498 
0 5 10 1 -0.3778421619831795 0.1709509860524785 
10 5 10 1 0.02333195149498707 0.02187916432912581 
0 6 0 1 -0.4136345619482714 -0.7133368648283901 
0 8 0 1 -0.2826907042824404 -0.7775855274716373 
0 8 5 1 -0.242536189830117 -0.2359918155753397 
0 6 5 1 -0.3664387727261611 -0.2274561324634769 
0 2 2.5 1 -0.5816175746680133 -0.4086358645646328 
0 4 2.5 1 -0.4938434250441875 -0.4320300493240153 
0 4 5 1 -0.4692350911408324 -0.2203744657334946 
0 2 5 1 -0.5558948973814759 -0.2144044477781289 
0.5 0.5 -0.5 1 -0.632843691063983 -0.617577274796731 
0.5 0.5 6 1 -0.5680176192551424 -0.1426261572593226 
10.5 0.5 -0.5 1 -0.1515246516650607 -0.4663397761754977 
10.5 0.5 6 1 -0.1350798782984048 -0.1674942006140406 
10.5 10.5 -0.5 1 0.3041179416595649 -0.5695377340724167 
10.5 10.5 6 1 0.2942055877520216 -0.1744136194344305 
0.5 10.5 -0.5 1 -0.03782193620596151 -0.9169930764138879 
0.5 10.5 6 1 -0.01274577367355824 -0.1416953267464286 
0.5 5.5 9.5 1 -0.3245212031823151 0.1288338741565284 
10.5 5.5 9.5 1 0.05505319184549188 -0.003569828446947086 
0.5 6.5 -0.5 1 -0.3479315188596572 -0.7609454890419378 
0.5 8.5 -0.5 1 -0.2102924429083372 -0.8302056697384278 
0.5 8.5 4.5 1 -0.1768695755021527 -0.2864335671448553 
0.5 6.5 4.5 1 -0.3063249304744144 -0.2732587141259105 
0.5 2.5 2 1 -0.5282784450536652 -0.4479754102680683 
0.5 4.5 2 1 -0.4361629356080844 -0.4747411085262215 
0.5 4.5 4.5 1 -0.4138152039155479 -0.2623192782574093 
0.5 2.5 4.5 1 -0.5044935434585446 -0.2530908164781579 
