0 0 0 1 -0.7204592864054459 -0.5925648927495174 
0 0 6.5 1 -0.6380305791176905 -0.08103396822561255 
10 0 0 1 -0.2224500896617226 -0.4263850235565711 
10 0 6.5 1 -0.1946267316320683 -0.1230597921641895 
10 10 0 1 0.244495930431156 -0.5283221371532706 
10 10 6.5 1 0.2531401715420012 -0.145937174872035 
0 10 0 1 -0.01912538997675167 -0.8912325008305669 
0 10 6.5 1 0.02628555244849529 -0.1058285799036309 
0 5 10 1 -0.3346493975513806 0.1996190236515458 
10 5 10 1 0.01535156813554488 0.03538562962709553 
0 6 0 1 -0.3732084819031405 -0.7404439097384936 
0 8 0 1 -0.2131206547379187 -0.8086183537027751 
0 8 5 1 -0.1653488688186381 -0.2501287624245801 
0 6 5 1 -0.3178565257094943 -0.2321480137565594 
0 2 2.5 1 -0.5894619270049721 -0.4122790685109226 
0 4 2.5 1 -0.4764902010031557 -0.4420654121466158 
0 4 5 1 -0.4474730736165077 -0.2168661412352316 
0 2 5 1 -0.5589925894542817 -0.203717920177102 
0.5 0.5 -0.5 1 -0.662771088351458 -0.6302651420522831 
0.5 0.5 6 1 -0.5854062597540612 -0.121361584857617 
10.5 0.5 -0.5 1 -0.1916431732963394 -0.4498131405269933 
10.5 0.5 6 1 -0.1653656779569654 -0.1473906483065368 
10.5 10.5 -0.5 1 0.2792047071633358 -0.5568455385413997 
10.5 10.5 6 1 0.2858694957530772 -0.1759274815221455 
0.5 10.5 -0.5 1 0.05650853291506015 -0.9434096032937509 
0.5 10.5 6 1 0.09315747967153007 -0.1645237575074043 
0.5 5.5 9.5 1 -0.2785010979759148 0.1504716422816996 
10.5 5.5 9.5 1 0.04546258103250122 0.008047137333103476 
0.5 6.5 -0.5 1 -0.3055598762114401 -0.7857800617966172 
0.5 8.5 -0.5 1 -0.1415913910240545 -0.8571651274045834 
0.5 8.5 4.5 1 -0.09999800477343672 -0.3029897189361427 
0.5 6.5 4.5 1 -0.2557180171801889 -0.2810148678560782 
0.5 2.5 2 1 -0.5310207850509365 -0.45360222156152 
0.5 4.5 2 1 -0.4150026368367114 -0.4861777164618982 
0.5 4.5 4.5 1 -0.3883513707854612 -0.26229795312766 
0.5 2.5 4.5 1 -0.5026778978781723 -0.2461644557785784 
