0 0 0 1 -0.4629851824189004 -0.4399636432031027 
0 0 6.5 1 -0.469137377569791 -0.09308420827921596 
10 0 0 1 -0.02037132359205475 -0.3406876399081585 
10 0 6.5 1 -0.03944052576722137 -0.07575141026700254 
10 10 0 1 0.3166173483195231 -0.4188271389967458 
10 10 6.5 1 0.272588247899386 -0.02585429505887307 
0 10 0 1 -0.279986976778604 -0.6354606783504776 
0 10 6.5 1 -0.303515887949653 -0.03042470586255141 
0 5 10 1 -0.4134689949851172 0.1487864258406125 
10 5 10 1 0.07277520860708912 0.1049893228136428 
0 6 0 1 -0.3787342170092928 -0.5299689735190598 
0 8 0 1 -0.3358609622360779 -0.5757704837904584 
0 8 5 1 -0.3492332703733979 -0.1647460210986943 
0 6 5 1 -0.3887599884467581 -0.1666755722541381 
0 2 2.5 1 -0.4432675390492726 -0.3142314290976938 
0 4 2.5 1 -0.4165969583377985 -0.3277294266904135 
0 4 5 1 -0.4203694433248957 -0.1682186313077599 
0 2 5 1 -0.4462238479246913 -0.1694807496596114 
0.5 0.5 -0.5 1 -0.4280390798683927 -0.4671475577022688 
0.5 0.5 6 1 -0.4357238546830632 -0.1159011550801378 
10.5 0.5 -0.5 1 0.009592516246792904 -0.3607134746115549 
10.5 0.5 6 1 -0.01058911992868285 -0.09322833142618125 
10.5 10.5 -0.5 1 0.3652429895522387 -0.4496947108327163 
10.5 10.5 6 1 0.3184144575831273 -0.05109238086982944 
0.5 10.5 -0.5 1 -0.2149534224647949 -0.6869611114196633 
0.5 10.5 6 1 -0.2435666773546982 -0.06856418749338196 
0.5 5.5 9.5 1 -0.3717978566694216 0.1235207074242418 
10.5 5.5 9.5 1 0.1073902377700746 0.08609943477556094 
0.5 6.5 -0.5 1 -0.330326258349447 -0.5679455316416931 
0.5 8.5 -0.5 1 -0.2803475626024426 -0.6195022382552279 
0.5 8.5 4.5 1 -0.2966545434044819 -0.2005058372310271 
0.5 6.5 4.5 1 -0.3426021893512889 -0.1984297050585782 
0.5 2.5 2 1 -0.4054807357911054 -0.3421550776609257 
0.5 4.5 2 1 -0.3745995082112471 -0.3586932470854213 
0.5 4.5 4.5 1 -0.3792427265775541 -0.196774112120491 
0.5 2.5 4.5 1 -0.4091439481062785 -0.1954230333713604 
