0 0 0 1 0.2882746009855887 -0.4258376452606191 
0 0 6.5 1 0.2567351088371623 -0.08082559518039129 
10 0 0 1 0.5726764606398506 -0.698956239833598 
10 0 6.5 1 0.4781874253911422 0.01335472581320363 
10 10 0 1 -0.5305465504068001 -0.7383143033882676 
10 10 6.5 1 -0.5007391747032012 -0.0358842919201833 
0 10 0 1 -0.2403885630146363 -0.4477697640976959 
0 10 6.5 1 -0.241609066224173 -0.1050423796155637 
0 5 10 1 -0.001708210701164878 0.07640101417578371 
10 5 10 1 -0.03020285956469317 0.3074306931367216 
0 6 0 1 -0.030305195220454 -0.4390542459721445 
0 8 0 1 -0.135575192997912 -0.4434214768640495 
0 8 5 1 -0.1411735025296007 -0.1759250136791008 
0 6 5 1 -0.04059013394351826 -0.1711949207247369 
0 2 2.5 1 0.1715018364964857 -0.2929062308418393 
0 4 2.5 1 0.06774782201359222 -0.2975044957695114 
0 4 5 1 0.06041284734510855 -0.166445094815355 
0 2 5 1 0.1618380726290658 -0.161675412210225 
0.5 0.5 -0.5 1 0.2703553529348781 -0.4627222395923933 
0.5 0.5 6 1 0.238945534960832 -0.1053843777204178 
10.5 0.5 -0.5 1 0.5530471616704246 -0.7977132807075518 
10.5 0.5 6 1 0.4552617919528832 -0.03094714833408528 
10.5 10.5 -0.5 1 -0.622890173793416 -0.8373129749363742 
10.5 10.5 6 1 -0.5804919832335507 -0.08213091101132453 
0.5 10.5 -0.5 1 -0.2744495961941809 -0.4849199787939352 
0.5 10.5 6 1 -0.273716746851413 -0.1300475219536819 
0.5 5.5 9.5 1 -0.02619211753010275 0.05718033404578434 
10.5 5.5 9.5 1 -0.07979613207682917 0.2825918146806122 
0.5 6.5 -0.5 1 -0.0579959275925992 -0.4761007085348894 
0.5 8.5 -0.5 1 -0.1664652868479597 -0.4805202251930217 
0.5 8.5 4.5 1 -0.1708196884183096 -0.2034217541545909 
0.5 6.5 4.5 1 -0.06731945445841138 -0.198610434853398 
0.5 2.5 2 1 0.1504865040653013 -0.3247939171225565 
0.5 4.5 2 1 0.04362548287752308 -0.3294618330453781 
0.5 4.5 4.5 1 0.03662538242254196 -0.1937784477089202 
0.5 2.5 4.5 1 0.1410176931925195 -0.1889256592611345 
