0 0 0 1 -0.6947828064712628 -0.4459849391807603 
0 0 6.5 1 -0.6172597398245533 0.09354882061959187 
10 0 0 1 -0.2453716807590729 -0.2976284902159488 
10 0 6.5 1 -0.2124281608354833 0.004525503372224606 
10 10 0 1 0.233126475508047 -0.3813286776509106 
10 10 6.5 1 0.257845136199549 -0.02728952705888547 
0 10 0 1 0.1424590201346213 -0.6720098022058192 
0 10 6.5 1 0.1975239816485308 0.05879471667180335 
0 5 10 1 -0.2322466729438289 0.3882135141949168 
10 5 10 1 0.02022423691833072 0.1583782631261738 
0 6 0 1 -0.2542199580672774 -0.5649208956751021 
0 8 0 1 -0.06887628630954511 -0.6149569506001541 
0 8 5 1 -0.01977813438831694 -0.08340676017012959 
0 6 5 1 -0.200705260496445 -0.06674262795306934 
0 2 2.5 1 -0.5340844477879708 -0.2560156169590739 
0 4 2.5 1 -0.3892323018426102 -0.2818587484357835 
0 4 5 1 -0.3614510292390037 -0.05193728172732918 
0 2 5 1 -0.5052137329340517 -0.03869614562027247 
0.5 0.5 -0.5 1 -0.6310935132413993 -0.4835016611531884 
0.5 0.5 6 1 -0.5579634226814196 0.04575217733922352 
10.5 0.5 -0.5 1 -0.2153971125855645 -0.3206113186361813 
10.5 0.5 6 1 -0.1835920643003624 -0.02170389455060571 
10.5 10.5 -0.5 1 0.260885566477595 -0.4068704598242053 
10.5 10.5 6 1 0.2844643036293709 -0.0572884154585056 
0.5 10.5 -0.5 1 0.202037794213853 -0.7153226347455039 
0.5 10.5 6 1 0.2521817021318092 -0.003328476106524387 
0.5 5.5 9.5 1 -0.1758479982839283 0.3279920111554244 
10.5 5.5 9.5 1 0.04768444257103239 0.128526683526946 
0.5 6.5 -0.5 1 -0.1910289192583529 -0.6059507897692514 
0.5 8.5 -0.5 1 -0.007002149521969867 -0.6571567215900629 
0.5 8.5 4.5 1 0.03821545733362981 -0.1385697516846242 
0.5 6.5 4.5 1 -0.1413371509463285 -0.119166064432713 
0.5 2.5 2 1 -0.4719871123481808 -0.2993573916694641 
0.5 4.5 2 1 -0.3273267717769655 -0.3269538681714937 
0.5 4.5 4.5 1 -0.3013548235406746 -0.1018734564135736 
0.5 2.5 4.5 1 -0.4448611202328427 -0.08636518100410066 
