0.2578049327323107 -0.08249073453147884 0.2519133628006301 0.2828962896145592 
-0.1248321923091785 -0.2984735885070313 -0.1779978450912907 0.3431843995628051 
-0.5582805081327292 -0.1576618247687483 -0.6201096590694781 0.2437724039366251 
-0.1319500267084964 -0.04026294078163674 -0.1538921388451082 0.2323278975616609 
0.2578049327323107 -0.08249073453147884 -0.1248321923091785 -0.2984735885070313 
-0.1248321923091785 -0.2984735885070313 -0.5582805081327292 -0.1576618247687483 
-0.5582805081327292 -0.1576618247687483 -0.1319500267084964 -0.04026294078163674 
-0.1319500267084964 -0.04026294078163674 0.2578049327323107 -0.08249073453147884 
0.2519133628006301 0.2828962896145592 0.009164809952905258 0.4357612391083751 
0.009164809952905258 0.4357612391083751 -0.1538921388451082 0.2323278975616609 
-0.1779978450912907 0.3431843995628051 -0.4907523934184775 0.5834173764900301 
-0.4907523934184775 0.5834173764900301 -0.6201096590694781 0.2437724039366251 
0.009164809952905258 0.4357612391083751 -0.4907523934184775 0.5834173764900301 
0.2519133628006301 0.2828962896145592 -0.1779978450912907 0.3431843995628051 
-0.1538921388451082 0.2323278975616609 -0.6201096590694781 0.2437724039366251 
-0.001800327448272778 -0.05436394071464563 -0.07027126193579324 -0.046945493740818 
-0.07027126193579324 -0.046945493740818 -0.08564707879338074 0.1715602721026955 
-0.08564707879338074 0.1715602721026955 -0.01543546282333905 0.1763494162626146 
-0.01543546282333905 0.1763494162626146 -0.001800327448272778 -0.05436394071464563 
0.156459040130294 0.05516799559068508 0.06908326836844431 0.05710643536813783 
0.06908326836844431 0.05710643536813783 0.06329053777385259 0.1817193277905688 
0.06329053777385259 0.1817193277905688 0.1521796693951753 0.1877824679092377 
0.1521796693951753 0.1877824679092377 0.156459040130294 0.05516799559068508 
