0 0 0 1 0.2631056499723757 -0.5039011108532434 
0 0 6.5 1 0.207686830642867 0.1143520014564932 
10 0 0 1 -0.2240898288943286 -0.3171820908644384 
10 0 6.5 1 -0.2634840230892787 0.04543350715973266 
10 10 0 1 0.1339326508903202 -0.1899448290973507 
10 10 6.5 1 0.1092625646608386 0.07335049597905481 
0 10 0 1 0.5827931466189954 -0.2493199900502425 
0 10 6.5 1 0.5542571688189285 0.1269351221771078 
0 5 10 1 0.4029667999615243 0.3815095505986816 
10 5 10 1 -0.06380436569804894 0.2290387910162457 
0 6 0 1 0.4905577062106778 -0.3227711010358688 
0 8 0 1 0.5405956604508899 -0.2829236919041825 
0 8 5 1 0.5163061241263386 0.02989696866410915 
0 6 5 1 0.4632896794877362 0.01896234781834462 
0 2 2.5 1 0.3384354970536326 -0.221900854441774 
0 4 2.5 1 0.4148765430349712 -0.1839372106506537 
0 4 5 1 0.3992481768405878 0.005753813096464839 
0 2 5 1 0.3203434513998848 -0.01052025547819437 
0.5 0.5 -0.5 1 0.2528328002690728 -0.512871364512802 
0.5 0.5 6 1 0.200838879803595 0.06427005879133517 
10.5 0.5 -0.5 1 -0.2112696962379534 -0.3298942053338431 
10.5 0.5 6 1 -0.2489234132004224 0.0181816816360391 
10.5 10.5 -0.5 1 0.1330805714716247 -0.2029080393069405 
10.5 10.5 6 1 0.1091153690858521 0.05263769346511212 
0.5 10.5 -0.5 1 0.5634864519782059 -0.2651874837380795 
0.5 10.5 6 1 0.5358376810415491 0.09543889373118172 
0.5 5.5 9.5 1 0.3877100332923483 0.3292130148883617 
10.5 5.5 9.5 1 -0.05815206339458574 0.199706344639548 
0.5 6.5 -0.5 1 0.4722131716324469 -0.3379595891445332 
0.5 8.5 -0.5 1 0.5215599436761843 -0.2986154515937461 
0.5 8.5 4.5 1 0.498113067497245 0.0002068864604779469 
0.5 6.5 4.5 1 0.4460157057340648 -0.01286360412277697 
0.5 2.5 2 1 0.3248142913937512 -0.246367204533689 
0.5 4.5 2 1 0.3985770939644153 -0.2080028639049654 
0.5 4.5 4.5 1 0.3836568643256917 -0.02850855468890847 
0.5 2.5 4.5 1 0.3076735816573245 -0.04757168470144565 
