0 0 0 1 0.2860568677967152 -0.2630631240916507 
0 0 6.5 1 0.2527459039756582 0.08519839962283293 
10 0 0 1 0.1686759663887608 -0.5804461595864497 
10 0 6.5 1 0.1005878678008541 0.1134074670697294 
10 10 0 1 -0.5828206948072657 -0.4787501106856122 
10 10 6.5 1 -0.6373485174465006 0.01443800879512483 
0 10 0 1 -0.1743055620492347 -0.2570375268807928 
0 10 6.5 1 -0.2041885360212996 0.03216448791100437 
0 5 10 1 -0.01402654318259136 0.227760674603954 
10 5 10 1 -0.3642694970788889 0.3706158386679536 
0 6 0 1 -0.01016780905588923 -0.2591858950414269 
0 8 0 1 -0.09510504530621607 -0.2580741675400771 
0 8 5 1 -0.11856766947538 -0.02806636582706162 
0 6 5 1 -0.03414536541141904 -0.02081929221289594 
0 2 2.5 1 0.1671099315991845 -0.1334202876357591 
0 4 2.5 1 0.06892563255058665 -0.1369582251034967 
0 4 5 1 0.05664788583769654 -0.01302531664249129 
0 2 5 1 0.1545615405432265 -0.004620103454453091 
0.5 0.5 -0.5 1 0.2575556081558252 -0.2978002445008808 
0.5 0.5 6 1 0.2235906736893571 0.05533463684177194 
10.5 0.5 -0.5 1 0.1076528746351355 -0.6599263760740557 
10.5 0.5 6 1 0.03681445028558138 0.05354005614686483 
10.5 10.5 -0.5 1 -0.6414434500434959 -0.5327609411809204 
10.5 10.5 6 1 -0.697603168081142 -0.02974419472681624 
0.5 10.5 -0.5 1 -0.2034697556393865 -0.2857663021227601 
0.5 10.5 6 1 -0.2338562399284114 0.006788279611167951 
0.5 5.5 9.5 1 -0.04405465812376852 0.2025126874007634 
10.5 5.5 9.5 1 -0.4286685586404018 0.3272329742565521 
0.5 6.5 -0.5 1 -0.03935412867409463 -0.2900501401788518 
0.5 8.5 -0.5 1 -0.1243156062489409 -0.2878324280836235 
0.5 8.5 4.5 1 -0.1481849763553406 -0.05506687523361214 
0.5 6.5 4.5 1 -0.06375998433968035 -0.04872040095092658 
0.5 2.5 2 1 0.1380178689500162 -0.1650458049399695 
0.5 4.5 2 1 0.0396260492962961 -0.1674243883398925 
0.5 4.5 4.5 1 0.02712184048522987 -0.04188854760698028 
0.5 2.5 4.5 1 0.1252306788125943 -0.03451341845999406 
