0 0 0 1 0.2926087367222883 -0.3054279080210272 
0 0 6.5 1 0.2540660956597358 0.03771566867723405 
10 0 0 1 0.4058054800372475 -0.5364402795378087 
10 0 6.5 1 0.3196371115679758 0.172947120188826 
10 10 0 1 -0.5796158061733437 -0.5430297132457563 
10 10 6.5 1 -0.5905081456975932 0.05702697986054959 
0 10 0 1 -0.2115394261556006 -0.3287519245488934 
0 10 6.5 1 -0.2298364680598376 -0.01336250318723852 
0 5 10 1 -0.01244495548930513 0.1786281522603153 
10 5 10 1 -0.1940878526347582 0.4248167352702352 
0 6 0 1 -0.02066805129732975 -0.3199214111607703 
0 8 0 1 -0.1177757216736209 -0.3244140208251792 
0 8 5 1 -0.1347017429713344 -0.07584563150480232 
0 6 5 1 -0.04052056329451869 -0.06716256285737515 
0 2 2.5 1 0.1709718919409055 -0.177786019385312 
0 4 2.5 1 0.06831518060125455 -0.1849210923232069 
0 4 5 1 0.05698609515224259 -0.05817290046644124 
0 2 5 1 0.1579975286640634 -0.04886011404384693 
0.5 0.5 -0.5 1 0.2702558875356917 -0.3404683711014765 
0.5 0.5 6 1 0.2316290458069176 0.01226082043271486 
10.5 0.5 -0.5 1 0.3636743118292618 -0.6245466322555552 
10.5 0.5 6 1 0.2765044269570334 0.1270425944007821 
10.5 10.5 -0.5 1 -0.6585255750622089 -0.6162358011808859 
10.5 10.5 6 1 -0.6647052675821972 0.01367880714076004 
0.5 10.5 -0.5 1 -0.2434290767331015 -0.361239215680751 
0.5 10.5 6 1 -0.2610276656880214 -0.03777876051643905 
0.5 5.5 9.5 1 -0.03949308485121683 0.1579475392743951 
10.5 5.5 9.5 1 -0.254463079411428 0.3955022682191112 
0.5 6.5 -0.5 1 -0.04920705501478195 -0.3533858508606884 
0.5 8.5 -0.5 1 -0.1480589213729347 -0.357382924739265 
0.5 8.5 4.5 1 -0.1645421215116976 -0.1022991977535207 
0.5 6.5 4.5 1 -0.06872456731196636 -0.09388591891778159 
0.5 2.5 2 1 0.1464197940048771 -0.2085732204015554 
0.5 4.5 2 1 0.04177508457071652 -0.2153135110613646 
0.5 4.5 4.5 1 0.0305554584638204 -0.08516861709717842 
0.5 2.5 4.5 1 0.1334890894940345 -0.07613050976220008 
