0 0 0 1 0.2579183945868735 -0.03784187967101892 
0 0 6.5 1 0.277142848126025 0.3426426816497494 
10 0 0 1 -0.2520893127716337 -0.175692313939955 
10 0 6.5 1 -0.2855482564128309 0.4306016183705172 
10 10 0 1 -0.5057811753205607 -0.02830090382152357 
10 10 6.5 1 -0.5439047069909488 0.3339570295424327 
0 10 0 1 -0.07911615878339147 0.03160229191139084 
0 10 6.5 1 -0.08394482258422649 0.2991161488021681 
0 5 10 1 0.06578579520897264 0.5032367519940212 
10 5 10 1 -0.4734782299711635 0.6505787379225569 
0 6 0 1 0.0290516084637671 0.009314900564469795 
0 8 0 1 -0.02837526707761022 0.0211474018871337 
0 8 5 1 -0.03006988838247936 0.2370557264145821 
0 6 5 1 0.02991474869771546 0.2395594598402881 
0 2 2.5 1 0.1742474696105008 0.1095239081769837 
0 4 2.5 1 0.09663034592516374 0.1161147258206019 
0 4 5 1 0.09878413618144233 0.2424340389966205 
0 2 5 1 0.1786701315155364 0.2457684467133223 
0.5 0.5 -0.5 1 0.2168336926783925 -0.06428844563531221 
0.5 0.5 6 1 0.2327289854133611 0.3109160137563974 
10.5 0.5 -0.5 1 -0.3098990214436561 -0.2152562157159021 
10.5 0.5 6 1 -0.350156144247775 0.3776409439986627 
10.5 10.5 -0.5 1 -0.5392116855510277 -0.05360336593221764 
10.5 10.5 6 1 -0.5794748615248432 0.3038665108704132 
0.5 10.5 -0.5 1 -0.1064148170915225 0.01241967333022444 
0.5 10.5 6 1 -0.1126767510577539 0.2773216552983854 
0.5 5.5 9.5 1 0.02960791636030314 0.4751390581039477 
10.5 5.5 9.5 1 -0.5215352808376453 0.6071558484189324 
0.5 6.5 -0.5 1 -0.002509037865189284 -0.01223756911081146 
0.5 8.5 -0.5 1 -0.05765403548473942 0.000848551659754839 
0.5 8.5 4.5 1 -0.0606058368950671 0.2145336545289099 
0.5 6.5 4.5 1 -0.003111771899718133 0.2154781193348214 
0.5 2.5 2 1 0.1358940262799703 0.08332477227464699 
0.5 4.5 2 1 0.06156958556346095 0.09174939256483319 
0.5 4.5 4.5 1 0.06283732756888406 0.2165614764332401 
0.5 2.5 4.5 1 0.1392545713597495 0.2178167955228031 
