0.2908029396521136 -0.2747006526283046 0.2532520477778885 0.07225935817383172 
0.2646108984661829 -0.558369795631928 0.1891567373405011 0.1522595421753166 
-0.5893396680405114 -0.5065892512088985 -0.6298869394251541 0.02999122911713895 
-0.1892452935341458 -0.2851110223511952 -0.2164207710420402 0.01441914596280695 
0.2908029396521136 -0.2747006526283046 0.2646108984661829 -0.558369795631928 
0.2646108984661829 -0.558369795631928 -0.5893396680405114 -0.5065892512088985 
-0.5893396680405114 -0.5065892512088985 -0.1892452935341458 -0.2851110223511952 
-0.1892452935341458 -0.2851110223511952 0.2908029396521136 -0.2747006526283046 
0.2532520477778885 0.07225935817383172 -0.01565984876936712 0.2112347949792702 
-0.01565984876936712 0.2112347949792702 -0.2164207710420402 0.01441914596280695 
0.1891567373405011 0.1522595421753166 -0.3053700645141939 0.4008620151917848 
-0.3053700645141939 0.4008620151917848 -0.6298869394251541 0.02999122911713895 
-0.01565984876936712 0.2112347949792702 -0.3053700645141939 0.4008620151917848 
0.2532520477778885 0.07225935817383172 0.1891567373405011 0.1522595421753166 
-0.2164207710420402 0.01441914596280695 -0.6298869394251541 0.02999122911713895 
-0.01412348069442077 -0.2813133147623059 -0.1041796149210386 -0.2832662802943123 
-0.1041796149210386 -0.2832662802943123 -0.12646343784109 -0.04576803492699483 
-0.12646343784109 -0.04576803492699483 -0.03785574318854629 -0.03692783820196516 
-0.03785574318854629 -0.03692783820196516 -0.01412348069442077 -0.2813133147623059 
0.1692339403746538 -0.1467111495172219 0.06865867623040146 -0.1528215114475844 
0.06865867623040146 -0.1528215114475844 0.05605825603321334 -0.02755824302617187 
0.05605825603321334 -0.02755824302617187 0.1557699277159651 -0.01761022669515682 
0.1557699277159651 -0.01761022669515682 0.1692339403746538 -0.1467111495172219 
