0.04932867771698953 -0.3119399262689739 0.07247785054116614 -0.04789855112661513 
0.4896004893135362 -0.4361503910749272 0.509497412004751 -0.07739675704397912 
0.23711571828417 -0.6429069774937665 0.2818162252210897 -0.02565612364893506 
-0.3053468358293422 -0.3840667495765611 -0.2623560996049163 -0.002389618561533514 
0.04932867771698953 -0.3119399262689739 0.4896004893135362 -0.4361503910749272 
0.4896004893135362 -0.4361503910749272 0.23711571828417 -0.6429069774937665 
0.23711571828417 -0.6429069774937665 -0.3053468358293422 -0.3840667495765611 
-0.3053468358293422 -0.3840667495765611 0.04932867771698953 -0.3119399262689739 
0.07247785054116614 -0.04789855112661513 -0.04896689111763081 0.1331117114898051 
-0.04896689111763081 0.1331117114898051 -0.2623560996049163 -0.002389618561533514 
0.509497412004751 -0.07739675704397912 0.439380210580044 0.1742271680339632 
0.439380210580044 0.1742271680339632 0.2818162252210897 -0.02565612364893506 
-0.04896689111763081 0.1331117114898051 0.439380210580044 0.1742271680339632 
0.07247785054116614 -0.04789855112661513 0.509497412004751 -0.07739675704397912 
-0.2623560996049163 -0.002389618561533514 0.2818162252210897 -0.02565612364893506 
-0.1309923704319859 -0.3486100201484069 -0.2109660975757617 -0.364873479752011 
-0.2109660975757617 -0.364873479752011 -0.182219136499136 -0.09372339154031682 
-0.182219136499136 -0.09372339154031682 -0.1058395033665216 -0.09807539203255261 
-0.1058395033665216 -0.09807539203255261 -0.1309923704319859 -0.3486100201484069 
0.007193937042017706 -0.2129532389952521 -0.05114190895155769 -0.2172538963481666 
-0.05114190895155769 -0.2172538963481666 -0.0401108949041626 -0.1018205126183703 
-0.0401108949041626 -0.1018205126183703 0.01704937889253519 -0.1050774219474273 
0.01704937889253519 -0.1050774219474273 0.007193937042017706 -0.2129532389952521 
