0 0 0 1 -0.1071730693815334 -0.03556813849259947 
0 0 6.5 1 -0.1029022151409254 0.2160159647781547 
10 0 0 1 0.2844867565734062 -0.06916074642951858 
10 0 6.5 1 0.3094398728571782 0.2028772215910134 
10 10 0 1 0.3245071408336085 -0.2314574898518947 
10 10 6.5 1 0.3707130583751139 0.2192231056688018 
0 10 0 1 -0.296239146811665 -0.1588848696217159 
0 10 6.5 1 -0.3038961096694646 0.2383205478600764 
0 5 10 1 -0.1791582733975241 0.4059249290032484 
10 5 10 1 0.3513643595421343 0.4106538973089079 
0 6 0 1 -0.1994761300109063 -0.09577201993311464 
0 8 0 1 -0.2428872561347843 -0.1240865554700817 
0 8 5 1 -0.2452790526639197 0.1454847668661779 
0 6 5 1 -0.199600649383176 0.1488353968631527 
0 2 2.5 1 -0.1318834410794898 0.04872189481220395 
0 4 2.5 1 -0.1627671453813044 0.03731406936883888 
0 4 5 1 -0.1620402997089764 0.151590546458504 
0 2 5 1 -0.130610482545617 0.1538960055074935 
0.5 0.5 -0.5 1 -0.09520856692983978 -0.05996459309483143 
0.5 0.5 6 1 -0.09027163666510279 0.1954269035039556 
10.5 0.5 -0.5 1 0.3055223114146748 -0.09633566332865906 
10.5 0.5 6 1 0.3321294362169412 0.1801481961815139 
10.5 10.5 -0.5 1 0.3611017089373958 -0.2825366833682307 
10.5 10.5 6 1 0.4124084303857895 0.1803746731926653 
0.5 10.5 -0.5 1 -0.2829074376903072 -0.2013780845129773 
0.5 10.5 6 1 -0.2897529871122275 0.2053490542346636 
0.5 5.5 9.5 1 -0.1648934981249158 0.3843425031370014 
10.5 5.5 9.5 1 0.3824344102661628 0.386644823931322 
0.5 6.5 -0.5 1 -0.1863333232121173 -0.1286185487009328 
0.5 8.5 -0.5 1 -0.2295261988013719 -0.1611603286099921 
0.5 8.5 4.5 1 -0.2312724552886403 0.1140737090264637 
0.5 6.5 4.5 1 -0.185829507028231 0.1206514220702508 
0.5 2.5 2 1 -0.119221558582642 0.02361011014037122 
0.5 4.5 2 1 -0.1496796292463386 0.009708935382524816 
0.5 4.5 4.5 1 -0.1486500857004039 0.126033017543042 
0.5 2.5 4.5 1 -0.1176680407925158 0.1305175637425094 
