0 0 0 1 -0.6325860778327814 -0.3061521659697209 
0 0 6.5 1 -0.5731813686126751 0.2689452855438692 
10 0 0 1 -0.2491211377038121 -0.1744954198937793 
10 0 6.5 1 -0.2179754411882997 0.1324930339467117 
10 10 0 1 0.2361791997161935 -0.2421748629218719 
10 10 6.5 1 0.2695493582652917 0.09486766231977604 
0 10 0 1 0.2853791631210049 -0.4712437571186126 
0 10 6.5 1 0.3534915220212785 0.2191882461658511 
0 5 10 1 -0.1178576092873919 0.5825956612042643 
10 5 10 1 0.03176148976355053 0.2871455473098252 
0 6 0 1 -0.122652637793663 -0.3978612190364963 
0 8 0 1 0.07350705985148458 -0.43313958814977 
0 8 5 1 0.1244663715056765 0.07786999754255806 
0 6 5 1 -0.07309881526413292 0.09416025211615391 
0 2 2.5 1 -0.4508463624586544 -0.105357581608275 
0 4 2.5 1 -0.2806490675573619 -0.1276287199071522 
0 4 5 1 -0.2565697435283179 0.1092883633848657 
0 2 5 1 -0.4274026901622258 0.1233744087844855 
0.5 0.5 -0.5 1 -0.5653501271627988 -0.3437326022022691 
0.5 0.5 6 1 -0.5081437239130824 0.2119842328198728 
10.5 0.5 -0.5 1 -0.2197386332834157 -0.1972896492727238 
10.5 0.5 6 1 -0.1892096582931594 0.1040882578978594 
10.5 10.5 -0.5 1 0.2585820384979162 -0.2657854033596495 
10.5 10.5 6 1 0.2912431871467523 0.06450631443378345 
0.5 10.5 -0.5 1 0.328354638365656 -0.5093583937553919 
0.5 10.5 6 1 0.3935760072180383 0.1533273387194945 
0.5 5.5 9.5 1 -0.06399815176594136 0.5092204994889816 
10.5 5.5 9.5 1 0.05701637427448654 0.2544996212104289 
0.5 6.5 -0.5 1 -0.06739782983965638 -0.4360155871218741 
0.5 8.5 -0.5 1 0.123155820041432 -0.4713299328792561 
0.5 8.5 4.5 1 0.172011306842589 0.01989056671087137 
0.5 6.5 4.5 1 -0.01983338385105031 0.03763371527286814 
0.5 2.5 2 1 -0.3878203479282527 -0.1511883244433296 
0.5 4.5 2 1 -0.2216276290181771 -0.1742289392249956 
0.5 4.5 4.5 1 -0.1984878011597022 0.05415693442531499 
0.5 2.5 4.5 1 -0.3652670791035565 0.0695818570276609 
