0 0 0 1 -0.1235652550864307 -0.03386296968721772 
0 0 6.5 1 -0.1235531623642402 0.218511478250896 
10 0 0 1 0.2667919968309649 -0.05881482695579945 
10 0 6.5 1 0.2876546389889355 0.2098306754794857 
10 10 0 1 0.3244966140284099 -0.2203150673750911 
10 10 6.5 1 0.365246713535663 0.2221960533215443 
0 10 0 1 -0.2980169541293573 -0.1650364010095439 
0 10 6.5 1 -0.3121719976786897 0.2350107823540888 
0 5 10 1 -0.1978078183236001 0.4078449974576943 
10 5 10 1 0.332920644125398 0.4137606468985719 
0 6 0 1 -0.2085194126071407 -0.09774155847841567 
0 8 0 1 -0.2486152920817379 -0.127890385468488 
0 8 5 1 -0.2554328200297666 0.1430796186531812 
0 6 5 1 -0.2126894574174276 0.14793495520075 
0 2 2.5 1 -0.1478695655349861 0.04964613763690037 
0 4 2.5 1 -0.1764549691613179 0.03710552744864382 
0 4 5 1 -0.1776342488697264 0.1519169731057981 
0 2 5 1 -0.1483640726427193 0.155241853220582 
0.5 0.5 -0.5 1 -0.1105484855072276 -0.05810543944488547 
0.5 0.5 6 1 -0.1098738642709164 0.1978435708729478 
10.5 0.5 -0.5 1 0.2882417191956199 -0.0851764777548966 
10.5 0.5 6 1 0.3106991579380061 0.187514557072025 
10.5 10.5 -0.5 1 0.3620489139410235 -0.2693838179289125 
10.5 10.5 6 1 0.4077685281895071 0.1841014614572178 
0.5 10.5 -0.5 1 -0.2822796481518364 -0.2075498224958044 
0.5 10.5 6 1 -0.2955600254501117 0.2014874058126972 
0.5 5.5 9.5 1 -0.1820064229596638 0.385864302752322 
10.5 5.5 9.5 1 0.3644476844719261 0.3898808560961627 
0.5 6.5 -0.5 1 -0.1937241875261637 -0.1304868365170679 
0.5 8.5 -0.5 1 -0.2332789299131486 -0.1649082774584192 
0.5 8.5 4.5 1 -0.2394220602406627 0.1113860044020722 
0.5 6.5 4.5 1 -0.1972504131717721 0.1195694299951956 
0.5 2.5 2 1 -0.133997953107755 0.02457635396270867 
0.5 4.5 2 1 -0.1619595428524063 0.009509153827294364 
0.5 4.5 4.5 1 -0.1628331827261054 0.1262481078285133 
0.5 2.5 4.5 1 -0.1342116564665239 0.1318021268623038 
