0.1492154966266893 -0.3602539074059924 0.1047169236788822 0.2886113287630258 
-0.235495639830959 -0.1773631796156467 -0.2755226022020665 0.180719021063915 
0.1555756057249319 -0.08013414088510402 0.1376595880857162 0.19279323051977 
0.5998427808799168 -0.1480222114255181 0.5937245251791472 0.2664182350166995 
0.1492154966266893 -0.3602539074059924 -0.235495639830959 -0.1773631796156467 
-0.235495639830959 -0.1773631796156467 0.1555756057249319 -0.08013414088510402 
0.1555756057249319 -0.08013414088510402 0.5998427808799168 -0.1480222114255181 
0.5998427808799168 -0.1480222114255181 0.1492154966266893 -0.3602539074059924 
0.1047169236788822 0.2886113287630258 0.3954471478703888 0.5728628913406938 
0.3954471478703888 0.5728628913406938 0.5937245251791472 0.2664182350166995 
-0.2755226022020665 0.180719021063915 -0.0549672970341472 0.3637460629077126 
-0.0549672970341472 0.3637460629077126 0.1376595880857162 0.19279323051977 
0.3954471478703888 0.5728628913406938 -0.0549672970341472 0.3637460629077126 
0.1047169236788822 0.2886113287630258 -0.2755226022020665 0.180719021063915 
0.5937245251791472 0.2664182350166995 0.1376595880857162 0.19279323051977 
0.4650343289735761 -0.2115128773935097 0.5376638006257015 -0.1773066131801906 
0.5376638006257015 -0.1773066131801906 0.5301829522925996 0.1622574239211896 
0.5301829522925996 0.1622574239211896 0.4537841159870081 0.1563434974755837 
0.4537841159870081 0.1563434974755837 0.4650343289735761 -0.2115128773935097 
0.2643134724183002 -0.0855470721162932 0.3710809274457213 -0.05595704448866839 
0.3710809274457213 -0.05595704448866839 0.3627080616732278 0.1492934282308997 
0.3627080616732278 0.1492934282308997 0.2522758141246182 0.1407450232969149 
0.2522758141246182 0.1407450232969149 0.2643134724183002 -0.0855470721162932 
