-0.009431780536964512 -0.09148758656424741 0.01447275059891925 0.1601393966356809 
0.4013196312502401 -0.1645221090398261 0.4386735716059977 0.1413482351501179 
0.3117178414712731 -0.2913101509398981 0.3734117614395923 0.2347721201004448 
-0.287423980479136 -0.1461527583411503 -0.25775599111927 0.2376197383791291 
-0.009431780536964512 -0.09148758656424741 0.4013196312502401 -0.1645221090398261 
0.4013196312502401 -0.1645221090398261 0.3117178414712731 -0.2913101509398981 
0.3117178414712731 -0.2913101509398981 -0.287423980479136 -0.1461527583411503 
-0.287423980479136 -0.1461527583411503 -0.009431780536964512 -0.09148758656424741 
0.01447275059891925 0.1601393966356809 -0.07826192986019463 0.3594329201697928 
-0.07826192986019463 0.3594329201697928 -0.25775599111927 0.2376197383791291 
0.4386735716059977 0.1413482351501179 0.4408563659547362 0.3919933877683797 
0.4408563659547362 0.3919933877683797 0.3734117614395923 0.2347721201004448 
-0.07826192986019463 0.3594329201697928 0.4408563659547362 0.3919933877683797 
0.01447275059891925 0.1601393966356809 0.4386735716059977 0.1413482351501179 
-0.25775599111927 0.2376197383791291 0.3734117614395923 0.2347721201004448 
-0.1476132559965274 -0.1186599823866994 -0.2109598859168905 -0.1311166427059633 
-0.2109598859168905 -0.1311166427059633 -0.189117533929785 0.1346523378043571 
-0.189117533929785 0.1346523378043571 -0.1266780466939038 0.1241500313710146 
-0.1266780466939038 0.1241500313710146 -0.1476132559965274 -0.1186599823866994 
-0.03923518637177151 0.003612653552469939 -0.08433280585192296 0.002777606307367376 
-0.08433280585192296 0.002777606307367376 -0.07424655124523022 0.1153310667007867 
-0.07424655124523022 0.1153310667007867 -0.02959540686226165 0.107820755170876 
-0.02959540686226165 0.107820755170876 -0.03923518637177151 0.003612653552469939 
