-0.3150324808310124 -0.1819462510054638 -0.3477127045527322 0.09888094298775629 
0.08391156407045576 -0.1194090343692811 0.0612962278009948 0.129812933299889 
0.3147805095215182 -0.2064255231446264 0.2846305290624971 0.1871810061733817 
-0.3126168671018764 -0.3317824677815057 -0.368782752480506 0.1469103019012291 
-0.3150324808310124 -0.1819462510054638 0.08391156407045576 -0.1194090343692811 
0.08391156407045576 -0.1194090343692811 0.3147805095215182 -0.2064255231446264 
0.3147805095215182 -0.2064255231446264 -0.3126168671018764 -0.3317824677815057 
-0.3126168671018764 -0.3317824677815057 -0.3150324808310124 -0.1819462510054638 
-0.3477127045527322 0.09888094298775629 -0.37848460503029 0.3138184982710713 
-0.37848460503029 0.3138184982710713 -0.368782752480506 0.1469103019012291 
0.0612962278009948 0.129812933299889 0.1331575506722899 0.3212462802293481 
0.1331575506722899 0.3212462802293481 0.2846305290624971 0.1871810061733817 
-0.37848460503029 0.3138184982710713 0.1331575506722899 0.3212462802293481 
-0.3477127045527322 0.09888094298775629 0.0612962278009948 0.129812933299889 
-0.368782752480506 0.1469103019012291 0.2846305290624971 0.1871810061733817 
-0.3138999855158938 -0.2521929181307814 -0.3133371650712759 -0.2871036677794488 
-0.3133371650712759 -0.2871036677794488 -0.3508803766570824 0.03365929807704527 
-0.3508803766570824 0.03365929807704527 -0.3472748276360443 0.0335033315540991 
-0.3472748276360443 0.0335033315540991 -0.3138999855158938 -0.2521929181307814 
-0.3282771695739534 -0.08480707489333258 -0.3292498566499086 -0.09643648678336779 
-0.3292498566499086 -0.09643648678336779 -0.3443914977391676 0.03337860632199201 
-0.3443914977391676 0.03337860632199201 -0.3420331426918161 0.03327659011462338 
-0.3420331426918161 0.03327659011462338 -0.3282771695739534 -0.08480707489333258 
